4 0.34765625 0.01171875 0.125 0.125
3 0.484375 0.0625 0.125 0.125
1 0.35546875 0.140625 0.125 0.125
1 0.40625 0.1953125 0.125 0.125
1 0.42578125 0.01953125 0.125 0.125
2 0.2734375 0.14453125 0.125 0.125
3 0.625 0.4140625 0.125 0.125
3 0.68359375 0.4375 0.125 0.125
1 0.65625 0.09375 0.125 0.125
1 0.90234375 0.38671875 0.125 0.125
1 0.98046875 0.38671875 0.125 0.125
4 0.03515625 0.53125 0.125 0.125
3 0.1171875 0.546875 0.125 0.125
3 0.44921875 0.8125 0.125 0.125
4 0.73828125 0.82421875 0.125 0.125
4 0.8671875 0.8984375 0.125 0.125
4 0.90234375 0.984375 0.125 0.125
3 0.98046875 0.5625 0.125 0.125
1 0.82421875 0.84375 0.125 0.125
