3 0.08203125 0.3125 0.125 0.125
3 0.09375 0.01953125 0.125 0.125
3 0.171875 0.16015625 0.125 0.125
3 0.31640625 0.421875 0.125 0.125
3 0.3515625 0.1875 0.125 0.125
3 0.390625 0.33984375 0.125 0.125
3 0.44140625 0.23046875 0.125 0.125
1 0.234375 0.390625 0.125 0.125
2 0.21875 0.09375 0.125 0.125
3 0.86328125 0.49609375 0.125 0.125
4 0.00390625 0.76171875 0.125 0.125
4 0.0546875 0.8203125 0.125 0.125
4 0.12109375 0.84765625 0.125 0.125
4 0.19140625 0.86328125 0.125 0.125
4 0.3359375 0.81640625 0.125 0.125
3 0.25 0.7421875 0.125 0.125
3 0.265625 0.953125 0.125 0.125
3 0.3359375 0.984375 0.125 0.125
3 0.40234375 0.859375 0.125 0.125
3 0.52734375 0.9140625 0.125 0.125
3 0.796875 0.578125 0.125 0.125
3 0.86328125 0.78515625 0.125 0.125
3 0.87109375 0.64453125 0.125 0.125
3 0.921875 0.68359375 0.125 0.125
3 0.95703125 0.52734375 0.125 0.125
1 0.51953125 0.75 0.125 0.125
