3 0.48046875 0.3515625 0.125 0.125
3 0.5390625 0.40234375 0.125 0.125
3 0.59375 0.45703125 0.125 0.125
3 0.72265625 0.07421875 0.125 0.125
3 0.875 0.21875 0.125 0.125
4 0.85546875 0.0078125 0.125 0.125
4 0.91796875 0.05859375 0.125 0.125
4 0.9609375 0.09765625 0.125 0.125
1 0.765625 0.1328125 0.125 0.125
1 0.82421875 0.16015625 0.125 0.125
1 0.9375 0.2421875 0.125 0.125
3 0.171875 0.796875 0.125 0.125
3 0.22265625 0.84765625 0.125 0.125
1 0.28125 0.890625 0.125 0.125
1 0.328125 0.9375 0.125 0.125
2 0.375 0.98828125 0.125 0.125
