3 0.109375 0.1640625 0.125 0.125
3 0.171875 0.0234375 0.125 0.125
3 0.3046875 0.07421875 0.125 0.125
4 0.36328125 0.2734375 0.125 0.125
1 0.05078125 0.140625 0.125 0.125
1 0.171875 0.19921875 0.125 0.125
1 0.24609375 0.05078125 0.125 0.125
1 0.296875 0.25390625 0.125 0.125
1 0.484375 0.18359375 0.125 0.125
1 0.484375 0.36328125 0.125 0.125
3 0.9296875 0.40234375 0.125 0.125
1 0.53515625 0.23828125 0.125 0.125
1 0.609375 0.2578125 0.125 0.125
1 0.875 0.44140625 0.125 0.125
1 0.9609375 0.33203125 0.125 0.125
3 0.03515625 0.7734375 0.125 0.125
3 0.09765625 0.6328125 0.125 0.125
3 0.16015625 0.671875 0.125 0.125
3 0.16015625 0.8359375 0.125 0.125
3 0.4921875 0.97265625 0.125 0.125
1 0.3984375 0.66015625 0.125 0.125
2 0.0859375 0.83203125 0.125 0.125
3 0.53515625 0.92578125 0.125 0.125
3 0.578125 0.859375 0.125 0.125
3 0.62109375 0.8046875 0.125 0.125
3 0.65234375 0.74609375 0.125 0.125
3 0.703125 0.6796875 0.125 0.125
4 0.7421875 0.62890625 0.125 0.125
1 0.7890625 0.5703125 0.125 0.125
