1 0.08984375 0.24609375 0.125 0.125
1 0.26171875 0.37890625 0.125 0.125
2 0.04296875 0.20703125 0.125 0.125
3 0.125 0.1015625 0.125 0.125
3 0.13671875 0.3046875 0.125 0.125
3 0.17578125 0.13671875 0.125 0.125
3 0.203125 0.3359375 0.125 0.125
3 0.28125 0.23828125 0.125 0.125
3 0.37109375 0.45703125 0.125 0.125
3 0.390625 0.30078125 0.125 0.125
3 0.42578125 0.4921875 0.125 0.125
4 0.328125 0.28515625 0.125 0.125
1 0.51171875 0.390625 0.125 0.125
1 0.64453125 0.109375 0.125 0.125
1 0.6953125 0.1484375 0.125 0.125
2 0.9453125 0.15234375 0.125 0.125
3 0.5390625 0.01171875 0.125 0.125
3 0.609375 0.484375 0.125 0.125
3 0.7421875 0.1953125 0.125 0.125
3 0.78125 0.03515625 0.125 0.125
3 0.8359375 0.07421875 0.125 0.125
3 0.88671875 0.12109375 0.125 0.125
1 0.19140625 0.69140625 0.125 0.125
3 0.2421875 0.73046875 0.125 0.125
3 0.46875 0.55078125 0.125 0.125
1 0.52734375 0.578125 0.125 0.125
1 0.62890625 0.66015625 0.125 0.125
1 0.6640625 0.5234375 0.125 0.125
1 0.671875 0.71484375 0.125 0.125
1 0.80859375 0.6484375 0.125 0.125
1 0.9296875 0.82421875 0.125 0.125
3 0.58203125 0.62109375 0.125 0.125
3 0.703125 0.56640625 0.125 0.125
3 0.72265625 0.75390625 0.125 0.125
3 0.76953125 0.59375 0.125 0.125
3 0.7734375 0.80078125 0.125 0.125
3 0.92578125 0.71484375 0.125 0.125
