4 0.09765625 0.10546875 0.125 0.125
3 0.0390625 0.0703125 0.125 0.125
3 0.0390625 0.47265625 0.125 0.125
3 0.3203125 0.25390625 0.125 0.125
3 0.42578125 0.32421875 0.125 0.125
1 0.1484375 0.1328125 0.125 0.125
1 0.2578125 0.21875 0.125 0.125
1 0.3671875 0.29296875 0.125 0.125
1 0.921875 0.40234375 0.125 0.125
4 0.078125 0.68359375 0.125 0.125
3 0.078125 0.5234375 0.125 0.125
3 0.13671875 0.5703125 0.125 0.125
3 0.2109375 0.59375 0.125 0.125
1 0.15234375 0.70703125 0.125 0.125
3 0.96484375 0.72265625 0.125 0.125
1 0.91796875 0.88671875 0.125 0.125
