4 0.00390625 0.26171875 0.125 0.125
4 0.0546875 0.3203125 0.125 0.125
4 0.12109375 0.34765625 0.125 0.125
4 0.19140625 0.36328125 0.125 0.125
4 0.3359375 0.31640625 0.125 0.125
3 0.25 0.2421875 0.125 0.125
3 0.265625 0.453125 0.125 0.125
3 0.3359375 0.484375 0.125 0.125
3 0.40234375 0.359375 0.125 0.125
3 0.52734375 0.4140625 0.125 0.125
3 0.796875 0.078125 0.125 0.125
3 0.86328125 0.28515625 0.125 0.125
3 0.87109375 0.14453125 0.125 0.125
3 0.921875 0.18359375 0.125 0.125
3 0.95703125 0.02734375 0.125 0.125
1 0.51953125 0.25 0.125 0.125
4 0.8828125 0.8515625 0.125 0.125
4 0.8203125 0.81640625 0.125 0.125
3 0.52734375 0.5859375 0.125 0.125
3 0.6015625 0.6328125 0.125 0.125
3 0.76171875 0.640625 0.125 0.125
3 0.875 0.7109375 0.125 0.125
1 0.828125 0.68359375 0.125 0.125
1 0.9453125 0.71484375 0.125 0.125
