4 0.23046875 0.078125 0.125 0.125
4 0.3515625 0.15625 0.125 0.125
3 0.375 0.08984375 0.125 0.125
4 0.79296875 0.3984375 0.125 0.125
4 0.8359375 0.453125 0.125 0.125
3 0.89453125 0.328125 0.125 0.125
3 0.94140625 0.41015625 0.125 0.125
1 0.859375 0.28125 0.125 0.125
4 0.28125 0.84765625 0.125 0.125
3 0.20703125 0.8125 0.125 0.125
3 0.33984375 0.71484375 0.125 0.125
3 0.34375 0.88671875 0.125 0.125
3 0.40625 0.9140625 0.125 0.125
1 0.49609375 0.96875 0.125 0.125
3 0.6171875 0.5390625 0.125 0.125
3 0.66015625 0.62109375 0.125 0.125
3 0.7265625 0.50390625 0.125 0.125
3 0.78125 0.5625 0.125 0.125
1 0.5234375 0.91796875 0.125 0.125
