4 0.21484375 0.1328125 0.125 0.125
4 0.27734375 0.16015625 0.125 0.125
3 0.140625 0.2734375 0.125 0.125
3 0.296875 0.2890625 0.125 0.125
3 0.37890625 0.390625 0.125 0.125
3 0.453125 0.2734375 0.125 0.125
2 0.47265625 0.20703125 0.125 0.125
4 0.6015625 0.27734375 0.125 0.125
3 0.55078125 0.33203125 0.125 0.125
3 0.75390625 0.37890625 0.125 0.125
1 0.50390625 0.42578125 0.125 0.125
4 0.0078125 0.86328125 0.125 0.125
4 0.0234375 0.72265625 0.125 0.125
4 0.08203125 0.74609375 0.125 0.125
3 0.21484375 0.83984375 0.125 0.125
3 0.45703125 0.5078125 0.125 0.125
3 0.55078125 0.99609375 0.125 0.125
3 0.77734375 0.58203125 0.125 0.125
3 0.828125 0.515625 0.125 0.125
