3 0.2109375 0.30078125 0.125 0.125
3 0.3359375 0.421875 0.125 0.125
3 0.578125 0.1171875 0.125 0.125
3 0.65234375 0.11328125 0.125 0.125
3 0.94921875 0.19140625 0.125 0.125
3 0.94921875 0.36328125 0.125 0.125
4 0.77734375 0.58984375 0.125 0.125
4 0.890625 0.8203125 0.125 0.125
4 0.94140625 0.859375 0.125 0.125
3 0.5703125 0.95703125 0.125 0.125
3 0.63671875 0.8046875 0.125 0.125
3 0.68359375 0.74609375 0.125 0.125
3 0.95703125 0.69140625 0.125 0.125
1 0.609375 0.875 0.125 0.125
2 0.73046875 0.6796875 0.125 0.125
