1 0.359375 0.44921875 0.125 0.125
1 0.3828125 0.3828125 0.125 0.125
1 0.52734375 0.23046875 0.125 0.125
1 0.59375 0.09375 0.125 0.125
1 0.875 0.390625 0.125 0.125
1 0.93359375 0.4296875 0.125 0.125
1 0.97265625 0.28125 0.125 0.125
1 0.9921875 0.47265625 0.125 0.125
3 0.80859375 0.3515625 0.125 0.125
3 0.921875 0.23828125 0.125 0.125
3 0.2734375 0.5625 0.125 0.125
4 0.20703125 0.66796875 0.125 0.125
1 0.58984375 0.74609375 0.125 0.125
1 0.76171875 0.87890625 0.125 0.125
2 0.54296875 0.70703125 0.125 0.125
3 0.625 0.6015625 0.125 0.125
3 0.63671875 0.8046875 0.125 0.125
3 0.67578125 0.63671875 0.125 0.125
3 0.703125 0.8359375 0.125 0.125
3 0.78125 0.73828125 0.125 0.125
3 0.87109375 0.95703125 0.125 0.125
3 0.890625 0.80078125 0.125 0.125
3 0.92578125 0.9921875 0.125 0.125
4 0.828125 0.78515625 0.125 0.125
