4 0.37890625 0.37890625 0.125 0.125
4 0.4375 0.41796875 0.125 0.125
3 0.19140625 0.26953125 0.125 0.125
3 0.203125 0.4375 0.125 0.125
3 0.25390625 0.4921875 0.125 0.125
3 0.3203125 0.37890625 0.125 0.125
4 0.84765625 0.01171875 0.125 0.125
3 0.984375 0.0625 0.125 0.125
1 0.85546875 0.140625 0.125 0.125
1 0.90625 0.1953125 0.125 0.125
1 0.92578125 0.01953125 0.125 0.125
2 0.7734375 0.14453125 0.125 0.125
3 0.1953125 0.625 0.125 0.125
3 0.328125 0.5078125 0.125 0.125
4 0.53515625 0.53125 0.125 0.125
3 0.6171875 0.546875 0.125 0.125
3 0.94921875 0.8125 0.125 0.125
