3 0.02734375 0.4140625 0.125 0.125
3 0.296875 0.078125 0.125 0.125
3 0.36328125 0.28515625 0.125 0.125
3 0.37109375 0.14453125 0.125 0.125
3 0.421875 0.18359375 0.125 0.125
3 0.45703125 0.02734375 0.125 0.125
1 0.01953125 0.25 0.125 0.125
3 0.5390625 0.22265625 0.125 0.125
3 0.58984375 0.26953125 0.125 0.125
3 0.609375 0.1171875 0.125 0.125
3 0.64453125 0.31640625 0.125 0.125
3 0.67578125 0.15625 0.125 0.125
3 0.7109375 0.33984375 0.125 0.125
3 0.71875 0.20703125 0.125 0.125
3 0.78515625 0.21875 0.125 0.125
1 0.5234375 0.40625 0.125 0.125
4 0.3828125 0.8515625 0.125 0.125
4 0.3203125 0.81640625 0.125 0.125
3 0.02734375 0.5859375 0.125 0.125
3 0.1015625 0.6328125 0.125 0.125
3 0.26171875 0.640625 0.125 0.125
3 0.375 0.7109375 0.125 0.125
1 0.328125 0.68359375 0.125 0.125
1 0.4453125 0.71484375 0.125 0.125
