3 0.03515625 0.2734375 0.125 0.125
3 0.09765625 0.1328125 0.125 0.125
3 0.16015625 0.171875 0.125 0.125
3 0.16015625 0.3359375 0.125 0.125
3 0.4921875 0.47265625 0.125 0.125
1 0.3984375 0.16015625 0.125 0.125
2 0.0859375 0.33203125 0.125 0.125
3 0.53515625 0.42578125 0.125 0.125
3 0.578125 0.359375 0.125 0.125
3 0.62109375 0.3046875 0.125 0.125
3 0.65234375 0.24609375 0.125 0.125
3 0.703125 0.1796875 0.125 0.125
4 0.7421875 0.12890625 0.125 0.125
1 0.7890625 0.0703125 0.125 0.125
3 0.19140625 0.89453125 0.125 0.125
3 0.42578125 0.51953125 0.125 0.125
4 0.3046875 0.71875 0.125 0.125
1 0.15234375 0.92578125 0.125 0.125
1 0.23828125 0.8359375 0.125 0.125
1 0.28125 0.77734375 0.125 0.125
1 0.37109375 0.66015625 0.125 0.125
1 0.390625 0.5859375 0.125 0.125
