4 0.109375 0.046875 0.125 0.125
4 0.375 0.25390625 0.125 0.125
3 0.01953125 0.0078125 0.125 0.125
3 0.19140625 0.34375 0.125 0.125
3 0.26171875 0.17578125 0.125 0.125
3 0.43359375 0.1328125 0.125 0.125
1 0.171875 0.02734375 0.125 0.125
1 0.29296875 0.09765625 0.125 0.125
1 0.40625 0.1875 0.125 0.125
1 0.45703125 0.29296875 0.125 0.125
2 0.22265625 0.265625 0.125 0.125
3 0.54296875 0.20703125 0.125 0.125
3 0.77734375 0.31640625 0.125 0.125
1 0.5 0.25 0.125 0.125
1 0.734375 0.4609375 0.125 0.125
1 0.79296875 0.375 0.125 0.125
1 0.91015625 0.4296875 0.125 0.125
3 0.14453125 0.53515625 0.125 0.125
3 0.45703125 0.80859375 0.125 0.125
1 0.26953125 0.6796875 0.125 0.125
1 0.34765625 0.73828125 0.125 0.125
1 0.41015625 0.76171875 0.125 0.125
4 0.69140625 0.6015625 0.125 0.125
4 0.7109375 0.52734375 0.125 0.125
3 0.56640625 0.8984375 0.125 0.125
3 0.62890625 0.9375 0.125 0.125
3 0.82421875 0.59375 0.125 0.125
1 0.5078125 0.875 0.125 0.125
