3 0.33984375 0.41796875 0.125 0.125
3 0.390625 0.45703125 0.125 0.125
3 0.44921875 0.48046875 0.125 0.125
3 0.80078125 0.30859375 0.125 0.125
3 0.921875 0.375 0.125 0.125
1 0.87109375 0.34765625 0.125 0.125
3 0.08984375 0.80859375 0.125 0.125
3 0.1484375 0.84375 0.125 0.125
3 0.21484375 0.87890625 0.125 0.125
3 0.2734375 0.91796875 0.125 0.125
3 0.3984375 0.9921875 0.125 0.125
3 0.49609375 0.671875 0.125 0.125
1 0.328125 0.55859375 0.125 0.125
1 0.33203125 0.95703125 0.125 0.125
1 0.38671875 0.58984375 0.125 0.125
1 0.44921875 0.625 0.125 0.125
3 0.51171875 0.51953125 0.125 0.125
3 0.578125 0.56640625 0.125 0.125
3 0.6875 0.625 0.125 0.125
3 0.73046875 0.8125 0.125 0.125
3 0.7421875 0.64453125 0.125 0.125
3 0.78125 0.8515625 0.125 0.125
3 0.9140625 0.9140625 0.125 0.125
3 0.98046875 0.7890625 0.125 0.125
4 0.96484375 0.953125 0.125 0.125
1 0.55859375 0.71484375 0.125 0.125
1 0.609375 0.75390625 0.125 0.125
1 0.625 0.59765625 0.125 0.125
1 0.87109375 0.70703125 0.125 0.125
