4 0.08203125 0.046875 0.125 0.125
4 0.71484375 0.1328125 0.125 0.125
4 0.77734375 0.16015625 0.125 0.125
3 0.640625 0.2734375 0.125 0.125
3 0.796875 0.2890625 0.125 0.125
3 0.87890625 0.390625 0.125 0.125
3 0.953125 0.2734375 0.125 0.125
2 0.97265625 0.20703125 0.125 0.125
4 0.15234375 0.66796875 0.125 0.125
4 0.3671875 0.75 0.125 0.125
4 0.421875 0.6328125 0.125 0.125
3 0.2578125 0.6796875 0.125 0.125
3 0.29296875 0.57421875 0.125 0.125
3 0.37890625 0.578125 0.125 0.125
2 0.41796875 0.77734375 0.125 0.125
4 0.5078125 0.86328125 0.125 0.125
4 0.5234375 0.72265625 0.125 0.125
4 0.58203125 0.74609375 0.125 0.125
3 0.71484375 0.83984375 0.125 0.125
3 0.95703125 0.5078125 0.125 0.125
