1 0.02734375 0.078125 0.125 0.125
1 0.12890625 0.16015625 0.125 0.125
1 0.1640625 0.0234375 0.125 0.125
1 0.171875 0.21484375 0.125 0.125
1 0.30859375 0.1484375 0.125 0.125
1 0.4296875 0.32421875 0.125 0.125
3 0.08203125 0.12109375 0.125 0.125
3 0.203125 0.06640625 0.125 0.125
3 0.22265625 0.25390625 0.125 0.125
3 0.26953125 0.09375 0.125 0.125
3 0.2734375 0.30078125 0.125 0.125
3 0.42578125 0.21484375 0.125 0.125
1 0.9140625 0.02734375 0.125 0.125
3 0.71875 0.0546875 0.125 0.125
3 0.77734375 0.09765625 0.125 0.125
4 0.6796875 0.015625 0.125 0.125
