4 0.27734375 0.08984375 0.125 0.125
4 0.390625 0.3203125 0.125 0.125
4 0.44140625 0.359375 0.125 0.125
3 0.0703125 0.45703125 0.125 0.125
3 0.13671875 0.3046875 0.125 0.125
3 0.18359375 0.24609375 0.125 0.125
3 0.45703125 0.19140625 0.125 0.125
1 0.109375 0.375 0.125 0.125
2 0.23046875 0.1796875 0.125 0.125
3 0.515625 0.2421875 0.125 0.125
3 0.55859375 0.42578125 0.125 0.125
3 0.625 0.30859375 0.125 0.125
3 0.625 0.46875 0.125 0.125
3 0.76171875 0.375 0.125 0.125
3 0.05078125 0.6796875 0.125 0.125
4 0.6796875 0.5 0.125 0.125
3 0.98828125 0.59375 0.125 0.125
3 0.72265625 0.62109375 0.125 0.125
