4 0.8359375 0.12109375 0.125 0.125
3 0.59375 0.125 0.125 0.125
3 0.65234375 0.1484375 0.125 0.125
3 0.67578125 0.00390625 0.125 0.125
3 0.703125 0.18359375 0.125 0.125
3 0.7265625 0.03515625 0.125 0.125
3 0.75390625 0.234375 0.125 0.125
3 0.81640625 0.25390625 0.125 0.125
3 0.8671875 0.28515625 0.125 0.125
3 0.93359375 0.30859375 0.125 0.125
3 0.99609375 0.34375 0.125 0.125
1 0.78515625 0.06640625 0.125 0.125
1 0.88671875 0.140625 0.125 0.125
2 0.94921875 0.16796875 0.125 0.125
1 0.53125 0.09765625 0.125 0.125
3 0.10546875 0.71875 0.125 0.125
3 0.1640625 0.53515625 0.125 0.125
3 0.32421875 0.625 0.125 0.125
3 0.484375 0.71875 0.125 0.125
4 0.5625 0.50390625 0.125 0.125
4 0.9609375 0.7109375 0.125 0.125
3 0.63671875 0.80078125 0.125 0.125
3 0.796875 0.89453125 0.125 0.125
3 0.84375 0.62890625 0.125 0.125
3 0.89453125 0.6796875 0.125 0.125
3 0.9296875 0.9765625 0.125 0.125
1 0.7265625 0.5859375 0.125 0.125
