4 0.32421875 0.3828125 0.125 0.125
4 0.48046875 0.43359375 0.125 0.125
3 0.1484375 0.12109375 0.125 0.125
3 0.17578125 0.0625 0.125 0.125
3 0.2109375 0.3125 0.125 0.125
4 0.72265625 0.25 0.125 0.125
3 0.63671875 0.34765625 0.125 0.125
3 0.93359375 0.1328125 0.125 0.125
1 0.79296875 0.35546875 0.125 0.125
1 0.85546875 0.26953125 0.125 0.125
1 0.984375 0.0625 0.125 0.125
4 0.0625 0.6328125 0.125 0.125
4 0.09375 0.5625 0.125 0.125
4 0.1328125 0.5 0.125 0.125
3 0.00390625 0.671875 0.125 0.125
3 0.21484375 0.71484375 0.125 0.125
