1 0.44140625 0.29296875 0.125 0.125
3 0.359375 0.42578125 0.125 0.125
1 0.57421875 0.44921875 0.125 0.125
1 0.7890625 0.08203125 0.125 0.125
2 0.625 0.38671875 0.125 0.125
3 0.65625 0.32421875 0.125 0.125
3 0.71875 0.2109375 0.125 0.125
3 0.75 0.1484375 0.125 0.125
3 0.99609375 0.45703125 0.125 0.125
1 0.43359375 0.6875 0.125 0.125
2 0.390625 0.82421875 0.125 0.125
3 0.28125 0.5546875 0.125 0.125
3 0.3984375 0.7421875 0.125 0.125
3 0.4921875 0.62890625 0.125 0.125
1 0.88671875 0.890625 0.125 0.125
1 0.89453125 0.63671875 0.125 0.125
1 0.9609375 0.76171875 0.125 0.125
2 0.81640625 0.76171875 0.125 0.125
2 0.95703125 0.51953125 0.125 0.125
3 0.69140625 0.9140625 0.125 0.125
3 0.828125 0.99609375 0.125 0.125
3 0.953125 0.84375 0.125 0.125
4 0.6796875 0.984375 0.125 0.125
