4 0.08984375 0.46484375 0.125 0.125
3 0.05859375 0.11328125 0.125 0.125
3 0.12109375 0.3984375 0.125 0.125
3 0.1796875 0.328125 0.125 0.125
3 0.203125 0.265625 0.125 0.125
3 0.23046875 0.19921875 0.125 0.125
3 0.3046875 0.328125 0.125 0.125
3 0.34765625 0.2578125 0.125 0.125
3 0.5078125 0.34765625 0.125 0.125
3 0.62109375 0.421875 0.125 0.125
1 0.578125 0.4765625 0.125 0.125
4 0.1484375 0.5859375 0.125 0.125
4 0.18359375 0.5234375 0.125 0.125
4 0.421875 0.73828125 0.125 0.125
3 0.3203125 0.6796875 0.125 0.125
3 0.46484375 0.6796875 0.125 0.125
4 0.90234375 0.97265625 0.125 0.125
4 0.9765625 0.81640625 0.125 0.125
3 0.546875 0.55859375 0.125 0.125
3 0.6796875 0.78125 0.125 0.125
3 0.71875 0.63671875 0.125 0.125
3 0.78515625 0.5 0.125 0.125
3 0.97265625 0.9296875 0.125 0.125
1 0.50390625 0.6171875 0.125 0.125
1 0.6328125 0.83984375 0.125 0.125
1 0.80859375 0.69140625 0.125 0.125
1 0.87109375 0.8828125 0.125 0.125
1 0.9375 0.74609375 0.125 0.125
