1 0.46484375 0.15234375 0.125 0.125
4 0.609375 0.046875 0.125 0.125
4 0.875 0.25390625 0.125 0.125
3 0.51953125 0.0078125 0.125 0.125
3 0.69140625 0.34375 0.125 0.125
3 0.76171875 0.17578125 0.125 0.125
3 0.93359375 0.1328125 0.125 0.125
1 0.671875 0.02734375 0.125 0.125
1 0.79296875 0.09765625 0.125 0.125
1 0.90625 0.1875 0.125 0.125
1 0.95703125 0.29296875 0.125 0.125
2 0.72265625 0.265625 0.125 0.125
3 0.22265625 0.6328125 0.125 0.125
3 0.64453125 0.53515625 0.125 0.125
3 0.95703125 0.80859375 0.125 0.125
1 0.76953125 0.6796875 0.125 0.125
1 0.84765625 0.73828125 0.125 0.125
1 0.91015625 0.76171875 0.125 0.125
