3 0.1015625 0.06640625 0.125 0.125
3 0.375 0.0546875 0.125 0.125
3 0.4375 0.34375 0.125 0.125
1 0.265625 0.26953125 0.125 0.125
4 0.73046875 0.390625 0.125 0.125
4 0.9609375 0.43359375 0.125 0.125
4 0.984375 0.36328125 0.125 0.125
3 0.55078125 0.40625 0.125 0.125
3 0.76171875 0.31640625 0.125 0.125
3 0.95703125 0.30078125 0.125 0.125
1 0.64453125 0.4921875 0.125 0.125
1 0.7890625 0.25 0.125 0.125
4 0.03125 0.6796875 0.125 0.125
3 0.390625 0.73828125 0.125 0.125
4 0.87109375 0.5859375 0.125 0.125
3 0.91015625 0.51953125 0.125 0.125
