3 0.0625 0.3828125 0.125 0.125
3 0.16015625 0.375 0.125 0.125
1 0.09375 0.484375 0.125 0.125
1 0.2578125 0.4765625 0.125 0.125
1 0.3203125 0.3671875 0.125 0.125
4 0.34765625 0.51171875 0.125 0.125
3 0.484375 0.5625 0.125 0.125
1 0.35546875 0.640625 0.125 0.125
1 0.40625 0.6953125 0.125 0.125
1 0.42578125 0.51953125 0.125 0.125
2 0.2734375 0.64453125 0.125 0.125
3 0.625 0.9140625 0.125 0.125
3 0.68359375 0.9375 0.125 0.125
1 0.65625 0.59375 0.125 0.125
1 0.90234375 0.88671875 0.125 0.125
1 0.98046875 0.88671875 0.125 0.125
