3 0.0234375 0.25 0.125 0.125
3 0.07421875 0.2734375 0.125 0.125
3 0.1328125 0.31640625 0.125 0.125
3 0.34765625 0.046875 0.125 0.125
3 0.40234375 0.078125 0.125 0.125
3 0.46875 0.10546875 0.125 0.125
1 0.1875 0.33203125 0.125 0.125
1 0.29296875 0.00390625 0.125 0.125
1 0.31640625 0.3984375 0.125 0.125
1 0.37890625 0.43359375 0.125 0.125
1 0.453125 0.47265625 0.125 0.125
4 0.578125 0.18359375 0.125 0.125
3 0.578125 0.0234375 0.125 0.125
3 0.63671875 0.0703125 0.125 0.125
3 0.7109375 0.09375 0.125 0.125
1 0.65234375 0.20703125 0.125 0.125
3 0.0546875 0.5546875 0.125 0.125
3 0.29296875 0.80078125 0.125 0.125
1 0.39453125 0.9765625 0.125 0.125
