1 0.3125 0.4609375 0.125 0.125
3 0.63671875 0.26171875 0.125 0.125
3 0.703125 0.30859375 0.125 0.125
3 0.7421875 0.12890625 0.125 0.125
1 0.56640625 0.15234375 0.125 0.125
1 0.59765625 0.2109375 0.125 0.125
1 0.640625 0.0625 0.125 0.125
1 0.6875 0.1015625 0.125 0.125
1 0.8125 0.16796875 0.125 0.125
3 0.0390625 0.90234375 0.125 0.125
3 0.09375 0.95703125 0.125 0.125
3 0.22265625 0.57421875 0.125 0.125
3 0.375 0.71875 0.125 0.125
4 0.35546875 0.5078125 0.125 0.125
4 0.41796875 0.55859375 0.125 0.125
4 0.4609375 0.59765625 0.125 0.125
1 0.265625 0.6328125 0.125 0.125
1 0.32421875 0.66015625 0.125 0.125
1 0.4375 0.7421875 0.125 0.125
2 0.51953125 0.640625 0.125 0.125
