3 0.0078125 0.34765625 0.125 0.125
3 0.12109375 0.421875 0.125 0.125
1 0.078125 0.4765625 0.125 0.125
4 0.40234375 0.97265625 0.125 0.125
4 0.4765625 0.81640625 0.125 0.125
3 0.046875 0.55859375 0.125 0.125
3 0.1796875 0.78125 0.125 0.125
3 0.21875 0.63671875 0.125 0.125
3 0.28515625 0.5 0.125 0.125
3 0.47265625 0.9296875 0.125 0.125
1 0.00390625 0.6171875 0.125 0.125
1 0.1328125 0.83984375 0.125 0.125
1 0.30859375 0.69140625 0.125 0.125
1 0.37109375 0.8828125 0.125 0.125
1 0.4375 0.74609375 0.125 0.125
3 0.58203125 0.9140625 0.125 0.125
3 0.66796875 0.79296875 0.125 0.125
3 0.70703125 0.7109375 0.125 0.125
3 0.77734375 0.99609375 0.125 0.125
3 0.828125 0.8828125 0.125 0.125
1 0.875 0.8125 0.125 0.125
