4 0.05078125 0.48046875 0.125 0.125
3 0.4765625 0.44921875 0.125 0.125
2 0.10546875 0.37109375 0.125 0.125
1 0.33203125 0.4375 0.125 0.125
4 0.6484375 0.0859375 0.125 0.125
4 0.68359375 0.0234375 0.125 0.125
4 0.921875 0.23828125 0.125 0.125
3 0.8203125 0.1796875 0.125 0.125
3 0.96484375 0.1796875 0.125 0.125
4 0.15625 0.7578125 0.125 0.125
3 0.19140625 0.66015625 0.125 0.125
1 0.44921875 0.51171875 0.125 0.125
4 0.80078125 0.765625 0.125 0.125
4 0.87109375 0.80859375 0.125 0.125
4 0.9296875 0.57421875 0.125 0.125
4 0.93359375 0.83984375 0.125 0.125
3 0.99609375 0.6015625 0.125 0.125
