3 0.27734375 0.40234375 0.125 0.125
1 0.59375 0.46484375 0.125 0.125
1 0.70703125 0.359375 0.125 0.125
3 0.76171875 0.40234375 0.125 0.125
1 0.02734375 0.73046875 0.125 0.125
1 0.09375 0.59375 0.125 0.125
1 0.375 0.890625 0.125 0.125
1 0.43359375 0.9296875 0.125 0.125
1 0.47265625 0.78125 0.125 0.125
1 0.4921875 0.97265625 0.125 0.125
3 0.30859375 0.8515625 0.125 0.125
3 0.421875 0.73828125 0.125 0.125
1 0.671875 0.94921875 0.125 0.125
1 0.8515625 0.6796875 0.125 0.125
2 0.72265625 0.98828125 0.125 0.125
3 0.51953125 0.8203125 0.125 0.125
3 0.56640625 0.87109375 0.125 0.125
3 0.625 0.90234375 0.125 0.125
3 0.74609375 0.59375 0.125 0.125
4 0.703125 0.53125 0.125 0.125
