3 0.4296875 0.40234375 0.125 0.125
1 0.03515625 0.23828125 0.125 0.125
1 0.109375 0.2578125 0.125 0.125
1 0.375 0.44140625 0.125 0.125
1 0.4609375 0.33203125 0.125 0.125
3 0.50390625 0.28515625 0.125 0.125
3 0.58984375 0.1640625 0.125 0.125
3 0.6796875 0.0546875 0.125 0.125
3 0.72265625 0.00390625 0.125 0.125
3 0.03515625 0.92578125 0.125 0.125
3 0.078125 0.859375 0.125 0.125
3 0.12109375 0.8046875 0.125 0.125
3 0.15234375 0.74609375 0.125 0.125
3 0.203125 0.6796875 0.125 0.125
4 0.2421875 0.62890625 0.125 0.125
1 0.2890625 0.5703125 0.125 0.125
