2 0.0625 0.12109375 0.125 0.125
3 0.01171875 0.17578125 0.125 0.125
3 0.125 0.01953125 0.125 0.125
3 0.359375 0.2265625 0.125 0.125
3 0.48046875 0.015625 0.125 0.125
4 0.41015625 0.4140625 0.125 0.125
1 0.0859375 0.0625 0.125 0.125
1 0.26953125 0.3984375 0.125 0.125
3 0.60546875 0.08203125 0.125 0.125
3 0.17578125 0.5 0.125 0.125
1 0.1171875 0.6953125 0.125 0.125
1 0.140625 0.6171875 0.125 0.125
1 0.23046875 0.74609375 0.125 0.125
2 0.52734375 0.86328125 0.125 0.125
2 0.625 0.98046875 0.125 0.125
1 0.51953125 0.93359375 0.125 0.125
1 0.72265625 0.83203125 0.125 0.125
