3 0.05078125 0.38671875 0.125 0.125
3 0.1640625 0.18359375 0.125 0.125
3 0.25390625 0.06640625 0.125 0.125
3 0.41796875 0.4140625 0.125 0.125
3 0.453125 0.34375 0.125 0.125
2 0.08984375 0.3125 0.125 0.125
3 0.51953125 0.26171875 0.125 0.125
3 0.671875 0.359375 0.125 0.125
4 0.23046875 0.5625 0.125 0.125
1 0.34765625 0.5546875 0.125 0.125
4 0.859375 0.90625 0.125 0.125
3 0.546875 0.765625 0.125 0.125
3 0.61328125 0.6796875 0.125 0.125
3 0.78125 0.78515625 0.125 0.125
3 0.8984375 0.58984375 0.125 0.125
3 0.93359375 0.80859375 0.125 0.125
3 0.9921875 0.73828125 0.125 0.125
1 0.62109375 0.53515625 0.125 0.125
