4 0.4921875 0.3828125 0.125 0.125
3 0.12109375 0.1640625 0.125 0.125
3 0.17578125 0.203125 0.125 0.125
3 0.234375 0.23046875 0.125 0.125
3 0.265625 0.0859375 0.125 0.125
3 0.30859375 0.26171875 0.125 0.125
3 0.359375 0.3046875 0.125 0.125
3 0.41796875 0.34375 0.125 0.125
1 0.40234375 0.1484375 0.125 0.125
4 0.671875 0.4921875 0.125 0.125
4 0.80859375 0.35546875 0.125 0.125
3 0.546875 0.421875 0.125 0.125
3 0.60546875 0.453125 0.125 0.125
3 0.68359375 0.27734375 0.125 0.125
3 0.79296875 0.01171875 0.125 0.125
3 0.8515625 0.40234375 0.125 0.125
3 0.984375 0.4453125 0.125 0.125
1 0.75390625 0.3203125 0.125 0.125
1 0.93359375 0.41015625 0.125 0.125
3 0.7265625 0.52734375 0.125 0.125
