4 0.4140625 0.01171875 0.125 0.125
3 0.0078125 0.203125 0.125 0.125
3 0.125 0.2578125 0.125 0.125
3 0.16796875 0.44140625 0.125 0.125
3 0.18359375 0.29296875 0.125 0.125
3 0.2265625 0.4765625 0.125 0.125
3 0.25 0.328125 0.125 0.125
3 0.3515625 0.37890625 0.125 0.125
3 0.46875 0.4609375 0.125 0.125
1 0.05859375 0.37890625 0.125 0.125
1 0.4140625 0.42578125 0.125 0.125
4 0.59765625 0.10546875 0.125 0.125
3 0.5390625 0.0703125 0.125 0.125
3 0.5390625 0.47265625 0.125 0.125
3 0.8203125 0.25390625 0.125 0.125
3 0.92578125 0.32421875 0.125 0.125
1 0.6484375 0.1328125 0.125 0.125
1 0.7578125 0.21875 0.125 0.125
1 0.8671875 0.29296875 0.125 0.125
3 0.0234375 0.75 0.125 0.125
3 0.07421875 0.7734375 0.125 0.125
3 0.1328125 0.81640625 0.125 0.125
3 0.34765625 0.546875 0.125 0.125
3 0.40234375 0.578125 0.125 0.125
3 0.46875 0.60546875 0.125 0.125
1 0.1875 0.83203125 0.125 0.125
1 0.29296875 0.50390625 0.125 0.125
1 0.31640625 0.8984375 0.125 0.125
1 0.37890625 0.93359375 0.125 0.125
1 0.453125 0.97265625 0.125 0.125
4 0.578125 0.68359375 0.125 0.125
3 0.578125 0.5234375 0.125 0.125
3 0.63671875 0.5703125 0.125 0.125
3 0.7109375 0.59375 0.125 0.125
1 0.65234375 0.70703125 0.125 0.125
