3 0.4765625 0.2421875 0.125 0.125
3 0.53515625 0.2734375 0.125 0.125
3 0.59765625 0.1328125 0.125 0.125
3 0.66015625 0.171875 0.125 0.125
3 0.66015625 0.3359375 0.125 0.125
3 0.9921875 0.47265625 0.125 0.125
1 0.8984375 0.16015625 0.125 0.125
2 0.5859375 0.33203125 0.125 0.125
3 0.3671875 0.63671875 0.125 0.125
3 0.69140625 0.89453125 0.125 0.125
3 0.92578125 0.51953125 0.125 0.125
4 0.8046875 0.71875 0.125 0.125
1 0.65234375 0.92578125 0.125 0.125
1 0.73828125 0.8359375 0.125 0.125
1 0.78125 0.77734375 0.125 0.125
1 0.87109375 0.66015625 0.125 0.125
1 0.890625 0.5859375 0.125 0.125
