3 0.34375 0.1484375 0.125 0.125
3 0.375 0.0859375 0.125 0.125
4 0.3125 0.21484375 0.125 0.125
4 0.421875 0.04296875 0.125 0.125
1 0.4609375 0.21875 0.125 0.125
1 0.48046875 0.16796875 0.125 0.125
2 0.734375 0.3828125 0.125 0.125
3 0.50390625 0.10546875 0.125 0.125
3 0.76171875 0.3203125 0.125 0.125
3 0.796875 0.27734375 0.125 0.125
3 0.82421875 0.21484375 0.125 0.125
3 0.8671875 0.45703125 0.125 0.125
3 0.90234375 0.1015625 0.125 0.125
3 0.9140625 0.34375 0.125 0.125
3 0.98046875 0.2265625 0.125 0.125
4 0.69921875 0.453125 0.125 0.125
4 0.94921875 0.296875 0.125 0.125
4 0.9609375 0.0078125 0.125 0.125
1 0.55859375 0.05078125 0.125 0.125
1 0.8671875 0.15625 0.125 0.125
1 0.875 0.40234375 0.125 0.125
4 0.8125 0.50390625 0.125 0.125
