3 0.08984375 0.30859375 0.125 0.125
3 0.1484375 0.34375 0.125 0.125
3 0.21484375 0.37890625 0.125 0.125
3 0.2734375 0.41796875 0.125 0.125
3 0.3984375 0.4921875 0.125 0.125
3 0.49609375 0.171875 0.125 0.125
1 0.328125 0.05859375 0.125 0.125
1 0.33203125 0.45703125 0.125 0.125
1 0.38671875 0.08984375 0.125 0.125
1 0.44921875 0.125 0.125 0.125
3 0.51171875 0.01953125 0.125 0.125
3 0.578125 0.06640625 0.125 0.125
3 0.6875 0.125 0.125 0.125
3 0.73046875 0.3125 0.125 0.125
3 0.7421875 0.14453125 0.125 0.125
3 0.78125 0.3515625 0.125 0.125
3 0.9140625 0.4140625 0.125 0.125
3 0.98046875 0.2890625 0.125 0.125
4 0.96484375 0.453125 0.125 0.125
1 0.55859375 0.21484375 0.125 0.125
1 0.609375 0.25390625 0.125 0.125
1 0.625 0.09765625 0.125 0.125
1 0.87109375 0.20703125 0.125 0.125
3 0.4609375 0.5234375 0.125 0.125
3 0.5625 0.59375 0.125 0.125
3 0.6875 0.6484375 0.125 0.125
4 0.6171875 0.625 0.125 0.125
4 0.8125 0.7265625 0.125 0.125
