4 0.0078125 0.36328125 0.125 0.125
4 0.0234375 0.22265625 0.125 0.125
4 0.08203125 0.24609375 0.125 0.125
3 0.21484375 0.33984375 0.125 0.125
3 0.45703125 0.0078125 0.125 0.125
3 0.55078125 0.49609375 0.125 0.125
3 0.77734375 0.08203125 0.125 0.125
3 0.828125 0.015625 0.125 0.125
3 0.26953125 0.546875 0.125 0.125
1 0.33203125 0.57421875 0.125 0.125
4 0.50390625 0.62109375 0.125 0.125
4 0.62890625 0.7265625 0.125 0.125
4 0.93359375 0.671875 0.125 0.125
3 0.703125 0.78125 0.125 0.125
3 0.88671875 0.79296875 0.125 0.125
1 0.859375 0.7265625 0.125 0.125
