4 0.109375 0.546875 0.125 0.125
4 0.375 0.75390625 0.125 0.125
3 0.01953125 0.5078125 0.125 0.125
3 0.19140625 0.84375 0.125 0.125
3 0.26171875 0.67578125 0.125 0.125
3 0.43359375 0.6328125 0.125 0.125
1 0.171875 0.52734375 0.125 0.125
1 0.29296875 0.59765625 0.125 0.125
1 0.40625 0.6875 0.125 0.125
1 0.45703125 0.79296875 0.125 0.125
2 0.22265625 0.765625 0.125 0.125
3 0.54296875 0.70703125 0.125 0.125
3 0.77734375 0.81640625 0.125 0.125
1 0.5 0.75 0.125 0.125
1 0.734375 0.9609375 0.125 0.125
1 0.79296875 0.875 0.125 0.125
1 0.91015625 0.9296875 0.125 0.125
