1 0.43359375 0.1875 0.125 0.125
2 0.390625 0.32421875 0.125 0.125
3 0.28125 0.0546875 0.125 0.125
3 0.3984375 0.2421875 0.125 0.125
3 0.4921875 0.12890625 0.125 0.125
1 0.88671875 0.390625 0.125 0.125
1 0.89453125 0.13671875 0.125 0.125
1 0.9609375 0.26171875 0.125 0.125
2 0.81640625 0.26171875 0.125 0.125
2 0.95703125 0.01953125 0.125 0.125
3 0.69140625 0.4140625 0.125 0.125
3 0.828125 0.49609375 0.125 0.125
3 0.953125 0.34375 0.125 0.125
4 0.6796875 0.484375 0.125 0.125
1 0.78125 0.64453125 0.125 0.125
2 0.62109375 0.5390625 0.125 0.125
