1 0.48828125 0.1015625 0.125 0.125
3 0.609375 0.1640625 0.125 0.125
3 0.671875 0.0234375 0.125 0.125
3 0.8046875 0.07421875 0.125 0.125
4 0.86328125 0.2734375 0.125 0.125
1 0.55078125 0.140625 0.125 0.125
1 0.671875 0.19921875 0.125 0.125
1 0.74609375 0.05078125 0.125 0.125
1 0.796875 0.25390625 0.125 0.125
1 0.984375 0.18359375 0.125 0.125
1 0.984375 0.36328125 0.125 0.125
3 0.4765625 0.7421875 0.125 0.125
3 0.53515625 0.7734375 0.125 0.125
3 0.59765625 0.6328125 0.125 0.125
3 0.66015625 0.671875 0.125 0.125
3 0.66015625 0.8359375 0.125 0.125
3 0.9921875 0.97265625 0.125 0.125
1 0.8984375 0.66015625 0.125 0.125
2 0.5859375 0.83203125 0.125 0.125
