4 0.359375 0.40625 0.125 0.125
3 0.046875 0.265625 0.125 0.125
3 0.11328125 0.1796875 0.125 0.125
3 0.28125 0.28515625 0.125 0.125
3 0.3984375 0.08984375 0.125 0.125
3 0.43359375 0.30859375 0.125 0.125
3 0.4921875 0.23828125 0.125 0.125
1 0.12109375 0.03515625 0.125 0.125
4 0.58984375 0.46484375 0.125 0.125
3 0.55859375 0.11328125 0.125 0.125
3 0.62109375 0.3984375 0.125 0.125
3 0.6796875 0.328125 0.125 0.125
3 0.703125 0.265625 0.125 0.125
3 0.73046875 0.19921875 0.125 0.125
3 0.8046875 0.328125 0.125 0.125
3 0.84765625 0.2578125 0.125 0.125
4 0.05078125 0.98046875 0.125 0.125
3 0.4765625 0.94921875 0.125 0.125
2 0.10546875 0.87109375 0.125 0.125
1 0.33203125 0.9375 0.125 0.125
4 0.6484375 0.5859375 0.125 0.125
4 0.68359375 0.5234375 0.125 0.125
4 0.921875 0.73828125 0.125 0.125
3 0.8203125 0.6796875 0.125 0.125
3 0.96484375 0.6796875 0.125 0.125
