1 0.02734375 0.3984375 0.125 0.125
1 0.1015625 0.28515625 0.125 0.125
1 0.21875 0.10546875 0.125 0.125
1 0.2578125 0.296875 0.125 0.125
1 0.26171875 0.0546875 0.125 0.125
2 0.1796875 0.4140625 0.125 0.125
3 0.140625 0.22265625 0.125 0.125
3 0.14453125 0.48046875 0.125 0.125
2 0.796875 0.37890625 0.125 0.125
1 0.01171875 0.69921875 0.125 0.125
1 0.4375 0.67578125 0.125 0.125
1 0.484375 0.87890625 0.125 0.125
2 0.23828125 0.98046875 0.125 0.125
3 0.40234375 0.7421875 0.125 0.125
3 0.4140625 0.9921875 0.125 0.125
3 0.44140625 0.9296875 0.125 0.125
4 0.5859375 0.6875 0.125 0.125
