3 0.4453125 0.23828125 0.125 0.125
3 0.47265625 0.16015625 0.125 0.125
1 0.296875 0.08203125 0.125 0.125
2 0.25 0.1796875 0.125 0.125
4 0.52734375 0.078125 0.125 0.125
3 0.578125 0.27734375 0.125 0.125
3 0.63671875 0.3125 0.125 0.125
3 0.82421875 0.37109375 0.125 0.125
3 0.8828125 0.3828125 0.125 0.125
1 0.5703125 0.4296875 0.125 0.125
1 0.69921875 0.3359375 0.125 0.125
4 0.28125 0.75 0.125 0.125
3 0.04296875 0.60546875 0.125 0.125
3 0.078125 0.70703125 0.125 0.125
3 0.34765625 0.78125 0.125 0.125
4 0.54296875 0.8828125 0.125 0.125
4 0.6015625 0.9375 0.125 0.125
3 0.7265625 0.9765625 0.125 0.125
3 0.88671875 0.609375 0.125 0.125
1 0.69140625 0.5859375 0.125 0.125
1 0.87109375 0.66796875 0.125 0.125
