1 0.07421875 0.44921875 0.125 0.125
1 0.2890625 0.08203125 0.125 0.125
2 0.125 0.38671875 0.125 0.125
3 0.15625 0.32421875 0.125 0.125
3 0.21875 0.2109375 0.125 0.125
3 0.25 0.1484375 0.125 0.125
3 0.49609375 0.45703125 0.125 0.125
1 0.52734375 0.3984375 0.125 0.125
1 0.6015625 0.28515625 0.125 0.125
1 0.71875 0.10546875 0.125 0.125
1 0.7578125 0.296875 0.125 0.125
1 0.76171875 0.0546875 0.125 0.125
2 0.6796875 0.4140625 0.125 0.125
3 0.640625 0.22265625 0.125 0.125
3 0.64453125 0.48046875 0.125 0.125
1 0.38671875 0.890625 0.125 0.125
1 0.39453125 0.63671875 0.125 0.125
1 0.4609375 0.76171875 0.125 0.125
2 0.31640625 0.76171875 0.125 0.125
2 0.45703125 0.51953125 0.125 0.125
3 0.19140625 0.9140625 0.125 0.125
3 0.328125 0.99609375 0.125 0.125
3 0.453125 0.84375 0.125 0.125
4 0.1796875 0.984375 0.125 0.125
1 0.51171875 0.69921875 0.125 0.125
1 0.9375 0.67578125 0.125 0.125
1 0.984375 0.87890625 0.125 0.125
2 0.73828125 0.98046875 0.125 0.125
3 0.90234375 0.7421875 0.125 0.125
3 0.9140625 0.9921875 0.125 0.125
3 0.94140625 0.9296875 0.125 0.125
