3 0.078125 0.1171875 0.125 0.125
3 0.15234375 0.11328125 0.125 0.125
3 0.44921875 0.19140625 0.125 0.125
3 0.44921875 0.36328125 0.125 0.125
4 0.546875 0.28125 0.125 0.125
4 0.97265625 0.38671875 0.125 0.125
3 0.66796875 0.453125 0.125 0.125
3 0.77734375 0.265625 0.125 0.125
3 0.86328125 0.2890625 0.125 0.125
3 0.91796875 0.33984375 0.125 0.125
1 0.50390625 0.3515625 0.125 0.125
1 0.71484375 0.3515625 0.125 0.125
4 0.27734375 0.58984375 0.125 0.125
4 0.390625 0.8203125 0.125 0.125
4 0.44140625 0.859375 0.125 0.125
3 0.0703125 0.95703125 0.125 0.125
3 0.13671875 0.8046875 0.125 0.125
3 0.18359375 0.74609375 0.125 0.125
3 0.45703125 0.69140625 0.125 0.125
1 0.109375 0.875 0.125 0.125
2 0.23046875 0.6796875 0.125 0.125
3 0.515625 0.7421875 0.125 0.125
3 0.55859375 0.92578125 0.125 0.125
3 0.625 0.80859375 0.125 0.125
3 0.625 0.96875 0.125 0.125
3 0.76171875 0.875 0.125 0.125
