3 0.05078125 0.49609375 0.125 0.125
3 0.27734375 0.08203125 0.125 0.125
3 0.328125 0.015625 0.125 0.125
4 0.8671875 0.4375 0.125 0.125
3 0.91015625 0.3359375 0.125 0.125
3 0.51171875 0.140625 0.125 0.125
3 0.5625 0.3125 0.125 0.125
3 0.6484375 0.18359375 0.125 0.125
1 0.82421875 0.25 0.125 0.125
4 0.00390625 0.62109375 0.125 0.125
4 0.12890625 0.7265625 0.125 0.125
4 0.43359375 0.671875 0.125 0.125
3 0.203125 0.78125 0.125 0.125
3 0.38671875 0.79296875 0.125 0.125
1 0.359375 0.7265625 0.125 0.125
1 0.96484375 0.65234375 0.125 0.125
