4 0.4375 0.0703125 0.125 0.125
3 0.31640625 0.01171875 0.125 0.125
3 0.36328125 0.07421875 0.125 0.125
3 0.70703125 0.140625 0.125 0.125
3 0.76171875 0.17578125 0.125 0.125
3 0.828125 0.20703125 0.125 0.125
1 0.87890625 0.2265625 0.125 0.125
1 0.96484375 0.28515625 0.125 0.125
4 0.8359375 0.62109375 0.125 0.125
3 0.59375 0.625 0.125 0.125
3 0.65234375 0.6484375 0.125 0.125
3 0.67578125 0.50390625 0.125 0.125
3 0.703125 0.68359375 0.125 0.125
3 0.7265625 0.53515625 0.125 0.125
3 0.75390625 0.734375 0.125 0.125
3 0.81640625 0.75390625 0.125 0.125
3 0.8671875 0.78515625 0.125 0.125
3 0.93359375 0.80859375 0.125 0.125
3 0.99609375 0.84375 0.125 0.125
1 0.78515625 0.56640625 0.125 0.125
1 0.88671875 0.640625 0.125 0.125
2 0.94921875 0.66796875 0.125 0.125
1 0.53125 0.59765625 0.125 0.125
