1 0.0 0.2109375 0.125 0.125
1 0.046875 0.24609375 0.125 0.125
1 0.3203125 0.0546875 0.125 0.125
3 0.0078125 0.3984375 0.125 0.125
3 0.0625 0.4375 0.125 0.125
3 0.19140625 0.3671875 0.125 0.125
3 0.43359375 0.12890625 0.125 0.125
3 0.484375 0.18359375 0.125 0.125
4 0.09375 0.28515625 0.125 0.125
4 0.12109375 0.4609375 0.125 0.125
4 0.25 0.41015625 0.125 0.125
4 0.30078125 0.453125 0.125 0.125
1 0.4140625 0.52734375 0.125 0.125
3 0.21875 0.5546875 0.125 0.125
3 0.27734375 0.59765625 0.125 0.125
4 0.1796875 0.515625 0.125 0.125
