3 0.2734375 0.0625 0.125 0.125
4 0.20703125 0.16796875 0.125 0.125
1 0.58984375 0.24609375 0.125 0.125
1 0.76171875 0.37890625 0.125 0.125
2 0.54296875 0.20703125 0.125 0.125
3 0.625 0.1015625 0.125 0.125
3 0.63671875 0.3046875 0.125 0.125
3 0.67578125 0.13671875 0.125 0.125
3 0.703125 0.3359375 0.125 0.125
3 0.78125 0.23828125 0.125 0.125
3 0.87109375 0.45703125 0.125 0.125
3 0.890625 0.30078125 0.125 0.125
3 0.92578125 0.4921875 0.125 0.125
4 0.828125 0.28515625 0.125 0.125
1 0.69140625 0.69140625 0.125 0.125
3 0.7421875 0.73046875 0.125 0.125
3 0.96875 0.55078125 0.125 0.125
