3 0.46484375 0.25 0.125 0.125
1 0.10546875 0.48046875 0.125 0.125
1 0.38671875 0.23046875 0.125 0.125
3 0.609375 0.30078125 0.125 0.125
3 0.67578125 0.34375 0.125 0.125
3 0.7421875 0.3515625 0.125 0.125
3 0.84765625 0.359375 0.125 0.125
1 0.53125 0.28515625 0.125 0.125
4 0.31640625 0.55078125 0.125 0.125
4 0.3984375 0.58203125 0.125 0.125
3 0.171875 0.51171875 0.125 0.125
1 0.2578125 0.52734375 0.125 0.125
4 0.546875 0.63671875 0.125 0.125
4 0.6953125 0.66796875 0.125 0.125
3 0.60546875 0.64453125 0.125 0.125
1 0.6484375 0.85546875 0.125 0.125
