4 0.48828125 0.33203125 0.125 0.125
1 0.33984375 0.25 0.125 0.125
1 0.1328125 0.14453125 0.125 0.125
3 0.609375 0.39453125 0.125 0.125
1 0.55859375 0.03125 0.125 0.125
3 0.20703125 0.640625 0.125 0.125
3 0.26171875 0.67578125 0.125 0.125
3 0.328125 0.70703125 0.125 0.125
1 0.37890625 0.7265625 0.125 0.125
1 0.46484375 0.78515625 0.125 0.125
3 0.52734375 0.8125 0.125 0.125
3 0.57421875 0.8515625 0.125 0.125
3 0.6171875 0.88671875 0.125 0.125
3 0.79296875 0.94140625 0.125 0.125
1 0.69140625 0.90234375 0.125 0.125
2 0.85546875 0.98828125 0.125 0.125
