3 0.01171875 0.01953125 0.125 0.125
3 0.078125 0.06640625 0.125 0.125
3 0.1875 0.125 0.125 0.125
3 0.23046875 0.3125 0.125 0.125
3 0.2421875 0.14453125 0.125 0.125
3 0.28125 0.3515625 0.125 0.125
3 0.4140625 0.4140625 0.125 0.125
3 0.48046875 0.2890625 0.125 0.125
4 0.46484375 0.453125 0.125 0.125
1 0.05859375 0.21484375 0.125 0.125
1 0.109375 0.25390625 0.125 0.125
1 0.125 0.09765625 0.125 0.125
1 0.37109375 0.20703125 0.125 0.125
2 0.640625 0.01953125 0.125 0.125
3 0.546875 0.328125 0.125 0.125
1 0.69140625 0.05859375 0.125 0.125
3 0.0625 0.59375 0.125 0.125
3 0.1875 0.6484375 0.125 0.125
4 0.1171875 0.625 0.125 0.125
4 0.3125 0.7265625 0.125 0.125
