4 0.17578125 0.45703125 0.125 0.125
3 0.33984375 0.203125 0.125 0.125
1 0.23046875 0.3984375 0.125 0.125
1 0.27734375 0.27734375 0.125 0.125
4 0.84375 0.04296875 0.125 0.125
3 0.515625 0.26171875 0.125 0.125
3 0.61328125 0.08984375 0.125 0.125
3 0.63671875 0.39453125 0.125 0.125
3 0.98046875 0.12109375 0.125 0.125
1 0.609375 0.4765625 0.125 0.125
4 0.38671875 0.859375 0.125 0.125
3 0.12890625 0.53515625 0.125 0.125
3 0.34375 0.9140625 0.125 0.125
1 0.01171875 0.7265625 0.125 0.125
1 0.05859375 0.66796875 0.125 0.125
1 0.09765625 0.58203125 0.125 0.125
3 0.5390625 0.6015625 0.125 0.125
1 0.5859375 0.5390625 0.125 0.125
