4 0.08984375 0.12890625 0.125 0.125
4 0.3515625 0.1015625 0.125 0.125
1 0.2109375 0.01953125 0.125 0.125
1 0.21484375 0.21484375 0.125 0.125
1 0.328125 0.27734375 0.125 0.125
1 0.44140625 0.3359375 0.125 0.125
1 0.48046875 0.1640625 0.125 0.125
4 0.984375 0.4765625 0.125 0.125
3 0.5859375 0.40625 0.125 0.125
3 0.72265625 0.4921875 0.125 0.125
2 0.7265625 0.3046875 0.125 0.125
2 0.84765625 0.375 0.125 0.125
1 0.59375 0.23828125 0.125 0.125
3 0.8203125 0.54296875 0.125 0.125
3 0.96875 0.63671875 0.125 0.125
