3 0.65625 0.03125 0.125 0.125
3 0.8046875 0.12109375 0.125 0.125
1 0.90625 0.16796875 0.125 0.125
1 0.98828125 0.0078125 0.125 0.125
4 0.171875 0.9921875 0.125 0.125
4 0.30859375 0.85546875 0.125 0.125
3 0.046875 0.921875 0.125 0.125
3 0.10546875 0.953125 0.125 0.125
3 0.18359375 0.77734375 0.125 0.125
3 0.29296875 0.51171875 0.125 0.125
3 0.3515625 0.90234375 0.125 0.125
3 0.484375 0.9453125 0.125 0.125
1 0.25390625 0.8203125 0.125 0.125
1 0.43359375 0.91015625 0.125 0.125
3 0.5625 0.953125 0.125 0.125
3 0.6171875 0.99609375 0.125 0.125
