3 0.36328125 0.49609375 0.125 0.125
3 0.02734375 0.9140625 0.125 0.125
3 0.296875 0.578125 0.125 0.125
3 0.36328125 0.78515625 0.125 0.125
3 0.37109375 0.64453125 0.125 0.125
3 0.421875 0.68359375 0.125 0.125
3 0.45703125 0.52734375 0.125 0.125
1 0.01953125 0.75 0.125 0.125
3 0.5390625 0.72265625 0.125 0.125
3 0.58984375 0.76953125 0.125 0.125
3 0.609375 0.6171875 0.125 0.125
3 0.64453125 0.81640625 0.125 0.125
3 0.67578125 0.65625 0.125 0.125
3 0.7109375 0.83984375 0.125 0.125
3 0.71875 0.70703125 0.125 0.125
3 0.78515625 0.71875 0.125 0.125
1 0.5234375 0.90625 0.125 0.125
