1 0.01953125 0.28515625 0.125 0.125
1 0.07421875 0.33203125 0.125 0.125
3 0.34375 0.33984375 0.125 0.125
4 0.171875 0.40625 0.125 0.125
1 0.0 0.7109375 0.125 0.125
1 0.046875 0.74609375 0.125 0.125
1 0.3203125 0.5546875 0.125 0.125
3 0.0078125 0.8984375 0.125 0.125
3 0.0625 0.9375 0.125 0.125
3 0.19140625 0.8671875 0.125 0.125
3 0.43359375 0.62890625 0.125 0.125
3 0.484375 0.68359375 0.125 0.125
4 0.09375 0.78515625 0.125 0.125
4 0.12109375 0.9609375 0.125 0.125
4 0.25 0.91015625 0.125 0.125
4 0.30078125 0.953125 0.125 0.125
