1 0.25390625 0.00390625 0.125 0.125
3 0.890625 0.4609375 0.125 0.125
1 0.54296875 0.3828125 0.125 0.125
1 0.62109375 0.41015625 0.125 0.125
1 0.67578125 0.4375 0.125 0.125
1 0.7421875 0.44921875 0.125 0.125
1 0.95703125 0.4921875 0.125 0.125
1 0.3046875 0.69921875 0.125 0.125
1 0.46875 0.6640625 0.125 0.125
3 0.89453125 0.84375 0.125 0.125
1 0.54296875 0.6875 0.125 0.125
1 0.625 0.71484375 0.125 0.125
1 0.7109375 0.70703125 0.125 0.125
1 0.74609375 0.7734375 0.125 0.125
1 0.82421875 0.7890625 0.125 0.125
