3 0.24609375 0.08984375 0.125 0.125
1 0.0625 0.37109375 0.125 0.125
1 0.09765625 0.03515625 0.125 0.125
1 0.13671875 0.39453125 0.125 0.125
1 0.16015625 0.06640625 0.125 0.125
1 0.27734375 0.38671875 0.125 0.125
1 0.3671875 0.3984375 0.125 0.125
1 0.41015625 0.140625 0.125 0.125
1 0.4375 0.46484375 0.125 0.125
3 0.609375 0.203125 0.125 0.125
3 0.92578125 0.17578125 0.125 0.125
3 0.9296875 0.25390625 0.125 0.125
1 0.546875 0.17578125 0.125 0.125
1 0.68359375 0.21484375 0.125 0.125
1 0.5859375 0.5234375 0.125 0.125
1 0.890625 0.57421875 0.125 0.125
1 0.90234375 0.50390625 0.125 0.125
