3 0.0 0.15234375 0.125 0.125
3 0.22265625 0.13671875 0.125 0.125
1 0.0703125 0.15625 0.125 0.125
1 0.24609375 0.40234375 0.125 0.125
1 0.25390625 0.48828125 0.125 0.125
1 0.29296875 0.1328125 0.125 0.125
1 0.43359375 0.125 0.125 0.125
1 0.5859375 0.35546875 0.125 0.125
3 0.24609375 0.64453125 0.125 0.125
3 0.24609375 0.78515625 0.125 0.125
1 0.04296875 0.94921875 0.125 0.125
1 0.0703125 0.7734375 0.125 0.125
1 0.24609375 0.57421875 0.125 0.125
1 0.25 0.7109375 0.125 0.125
1 0.2578125 0.8515625 0.125 0.125
3 0.578125 0.8984375 0.125 0.125
3 0.5859375 0.6953125 0.125 0.125
3 0.5859375 0.8125 0.125 0.125
3 0.59375 0.5390625 0.125 0.125
1 0.59765625 0.61328125 0.125 0.125
