3 0.39453125 0.4375 0.125 0.125
1 0.828125 0.31640625 0.125 0.125
1 0.9765625 0.27734375 0.125 0.125
3 0.59765625 0.38671875 0.125 0.125
1 0.08984375 0.75390625 0.125 0.125
1 0.12109375 0.5078125 0.125 0.125
1 0.16015625 0.7421875 0.125 0.125
1 0.40234375 0.6640625 0.125 0.125
1 0.47265625 0.65234375 0.125 0.125
3 0.21875 0.71875 0.125 0.125
3 0.3359375 0.68359375 0.125 0.125
1 0.73828125 0.56640625 0.125 0.125
1 0.85546875 0.55078125 0.125 0.125
1 0.921875 0.50390625 0.125 0.125
3 0.609375 0.6171875 0.125 0.125
