3 0.3203125 0.28125 0.125 0.125
3 0.4609375 0.2734375 0.125 0.125
1 0.0078125 0.30078125 0.125 0.125
1 0.07421875 0.12109375 0.125 0.125
1 0.15625 0.2890625 0.125 0.125
1 0.2578125 0.1171875 0.125 0.125
3 0.54296875 0.08984375 0.125 0.125
3 0.69921875 0.0625 0.125 0.125
1 0.5859375 0.26171875 0.125 0.125
1 0.703125 0.26171875 0.125 0.125
1 0.8046875 0.4921875 0.125 0.125
1 0.80859375 0.34765625 0.125 0.125
1 0.11328125 0.53125 0.125 0.125
1 0.12890625 0.7109375 0.125 0.125
1 0.25390625 0.5390625 0.125 0.125
1 0.29296875 0.7109375 0.125 0.125
1 0.44140625 0.546875 0.125 0.125
1 0.4609375 0.7109375 0.125 0.125
1 0.59765625 0.5390625 0.125 0.125
1 0.625 0.71484375 0.125 0.125
1 0.76171875 0.71484375 0.125 0.125
1 0.9140625 0.71484375 0.125 0.125
