3 0.3203125 0.2265625 0.125 0.125
3 0.38671875 0.2109375 0.125 0.125
4 0.18359375 0.25390625 0.125 0.125
1 0.01171875 0.1875 0.125 0.125
1 0.05859375 0.05078125 0.125 0.125
1 0.203125 0.0234375 0.125 0.125
1 0.24609375 0.25390625 0.125 0.125
1 0.45703125 0.203125 0.125 0.125
1 0.5234375 0.078125 0.125 0.125
1 0.55859375 0.140625 0.125 0.125
1 0.5625 0.34765625 0.125 0.125
1 0.58203125 0.27734375 0.125 0.125
1 0.86328125 0.2265625 0.125 0.125
1 0.87890625 0.37890625 0.125 0.125
1 0.3671875 0.9609375 0.125 0.125
1 0.43359375 0.953125 0.125 0.125
3 0.58203125 0.79296875 0.125 0.125
3 0.61328125 0.6484375 0.125 0.125
1 0.58203125 0.50390625 0.125 0.125
1 0.58984375 0.578125 0.125 0.125
1 0.609375 0.71875 0.125 0.125
1 0.88671875 0.50390625 0.125 0.125
1 0.89453125 0.71484375 0.125 0.125
1 0.8984375 0.85546875 0.125 0.125
