3 0.1796875 0.23828125 0.125 0.125
3 0.44921875 0.40625 0.125 0.125
1 0.125 0.484375 0.125 0.125
1 0.20703125 0.484375 0.125 0.125
1 0.2734375 0.45703125 0.125 0.125
1 0.35546875 0.19921875 0.125 0.125
1 0.49609375 0.16796875 0.125 0.125
1 0.51953125 0.390625 0.125 0.125
1 0.62890625 0.1328125 0.125 0.125
1 0.6328125 0.26953125 0.125 0.125
1 0.76953125 0.2421875 0.125 0.125
1 0.9140625 0.078125 0.125 0.125
3 0.10546875 0.93359375 0.125 0.125
3 0.3203125 0.9375 0.125 0.125
1 0.03515625 0.93359375 0.125 0.125
1 0.046875 0.50390625 0.125 0.125
1 0.1796875 0.94140625 0.125 0.125
1 0.25390625 0.92578125 0.125 0.125
3 0.62890625 0.9453125 0.125 0.125
1 0.56640625 0.9375 0.125 0.125
