3 0.40234375 0.0390625 0.125 0.125
1 0.2421875 0.0625 0.125 0.125
1 0.32421875 0.05078125 0.125 0.125
1 0.4609375 0.4296875 0.125 0.125
1 0.48046875 0.01953125 0.125 0.125
3 0.60546875 0.43359375 0.125 0.125
3 0.8203125 0.4375 0.125 0.125
1 0.53515625 0.43359375 0.125 0.125
1 0.546875 0.00390625 0.125 0.125
1 0.6796875 0.44140625 0.125 0.125
1 0.75390625 0.42578125 0.125 0.125
1 0.015625 0.51953125 0.125 0.125
1 0.06640625 0.72265625 0.125 0.125
1 0.13671875 0.5234375 0.125 0.125
1 0.31640625 0.73828125 0.125 0.125
1 0.32421875 0.53125 0.125 0.125
1 0.48828125 0.7265625 0.125 0.125
1 0.73828125 0.734375 0.125 0.125
