4 0.453125 0.33984375 0.125 0.125
1 0.33203125 0.3828125 0.125 0.125
3 0.52734375 0.265625 0.125 0.125
1 0.609375 0.28125 0.125 0.125
1 0.74609375 0.45703125 0.125 0.125
1 0.96875 0.16796875 0.125 0.125
1 0.21484375 0.59375 0.125 0.125
1 0.38671875 0.7109375 0.125 0.125
1 0.41796875 0.78515625 0.125 0.125
1 0.4296875 0.859375 0.125 0.125
3 0.9921875 0.68359375 0.125 0.125
4 0.90625 0.8671875 0.125 0.125
1 0.76953125 0.59375 0.125 0.125
1 0.98046875 0.75390625 0.125 0.125
1 0.9921875 0.58984375 0.125 0.125
