1 0.328125 0.36328125 0.125 0.125
1 0.41796875 0.234375 0.125 0.125
1 0.49609375 0.08984375 0.125 0.125
1 0.671875 0.328125 0.125 0.125
1 0.70703125 0.2734375 0.125 0.125
1 0.7421875 0.21875 0.125 0.125
1 0.796875 0.08203125 0.125 0.125
3 0.82421875 0.00390625 0.125 0.125
1 0.29296875 0.90625 0.125 0.125
1 0.33203125 0.83203125 0.125 0.125
1 0.44140625 0.71484375 0.125 0.125
1 0.47265625 0.64453125 0.125 0.125
3 0.234375 0.51171875 0.125 0.125
3 0.39453125 0.7734375 0.125 0.125
3 0.49609375 0.57421875 0.125 0.125
