1 0.01953125 0.390625 0.125 0.125
1 0.12890625 0.1328125 0.125 0.125
1 0.1328125 0.26953125 0.125 0.125
1 0.26953125 0.2421875 0.125 0.125
1 0.4140625 0.078125 0.125 0.125
3 0.8203125 0.2265625 0.125 0.125
3 0.88671875 0.2109375 0.125 0.125
4 0.68359375 0.25390625 0.125 0.125
1 0.51171875 0.1875 0.125 0.125
1 0.55859375 0.05078125 0.125 0.125
1 0.703125 0.0234375 0.125 0.125
1 0.74609375 0.25390625 0.125 0.125
1 0.95703125 0.203125 0.125 0.125
3 0.12890625 0.9453125 0.125 0.125
1 0.06640625 0.9375 0.125 0.125
1 0.8671875 0.9609375 0.125 0.125
1 0.93359375 0.953125 0.125 0.125
