1 0.078125 0.3046875 0.125 0.125
1 0.15234375 0.31640625 0.125 0.125
1 0.2265625 0.328125 0.125 0.125
1 0.49609375 0.37890625 0.125 0.125
3 0.359375 0.3515625 0.125 0.125
1 0.56640625 0.3984375 0.125 0.125
1 0.640625 0.4140625 0.125 0.125
1 0.70703125 0.44921875 0.125 0.125
1 0.78515625 0.44140625 0.125 0.125
3 0.921875 0.48046875 0.125 0.125
1 0.0546875 0.59375 0.125 0.125
1 0.265625 0.6484375 0.125 0.125
1 0.4765625 0.69140625 0.125 0.125
3 0.1640625 0.6328125 0.125 0.125
1 0.69921875 0.75 0.125 0.125
1 0.765625 0.76953125 0.125 0.125
1 0.8359375 0.77734375 0.125 0.125
3 0.55078125 0.7109375 0.125 0.125
3 0.90625 0.8046875 0.125 0.125
