1 0.2421875 0.15625 0.125 0.125
1 0.296875 0.47265625 0.125 0.125
1 0.4375 0.2109375 0.125 0.125
3 0.37109375 0.48828125 0.125 0.125
1 0.75 0.26953125 0.125 0.125
1 0.8828125 0.3046875 0.125 0.125
3 0.94140625 0.3359375 0.125 0.125
1 0.3359375 0.86328125 0.125 0.125
1 0.41015625 0.8828125 0.125 0.125
1 0.53125 0.53125 0.125 0.125
1 0.54296875 0.8828125 0.125 0.125
1 0.59765625 0.53125 0.125 0.125
1 0.6171875 0.91015625 0.125 0.125
1 0.77734375 0.546875 0.125 0.125
1 0.90625 0.890625 0.125 0.125
3 0.98046875 0.8984375 0.125 0.125
4 0.6953125 0.90234375 0.125 0.125
4 0.828125 0.90234375 0.125 0.125
