1 0.25 0.4765625 0.125 0.125
3 0.74609375 0.14453125 0.125 0.125
3 0.74609375 0.28515625 0.125 0.125
1 0.54296875 0.44921875 0.125 0.125
1 0.5703125 0.2734375 0.125 0.125
1 0.74609375 0.07421875 0.125 0.125
1 0.75 0.2109375 0.125 0.125
1 0.7578125 0.3515625 0.125 0.125
3 0.265625 0.546875 0.125 0.125
1 0.2578125 0.75 0.125 0.125
1 0.265625 0.609375 0.125 0.125
3 0.80078125 0.9453125 0.125 0.125
1 0.75390625 0.62109375 0.125 0.125
1 0.7578125 0.54296875 0.125 0.125
1 0.78125 0.70703125 0.125 0.125
1 0.7890625 0.8671875 0.125 0.125
