1 0.828125 0.49609375 0.125 0.125
1 0.97265625 0.46484375 0.125 0.125
1 0.01953125 0.890625 0.125 0.125
1 0.12890625 0.6328125 0.125 0.125
1 0.1328125 0.76953125 0.125 0.125
1 0.26953125 0.7421875 0.125 0.125
1 0.4140625 0.578125 0.125 0.125
3 0.8203125 0.7265625 0.125 0.125
3 0.88671875 0.7109375 0.125 0.125
4 0.68359375 0.75390625 0.125 0.125
1 0.51171875 0.6875 0.125 0.125
1 0.55859375 0.55078125 0.125 0.125
1 0.703125 0.5234375 0.125 0.125
1 0.74609375 0.75390625 0.125 0.125
1 0.95703125 0.703125 0.125 0.125
