3 0.0703125 0.953125 0.125 0.125
3 0.12109375 0.91796875 0.125 0.125
3 0.25390625 0.7734375 0.125 0.125
3 0.39453125 0.6328125 0.125 0.125
1 0.015625 0.98828125 0.125 0.125
1 0.16796875 0.87890625 0.125 0.125
1 0.2109375 0.8359375 0.125 0.125
1 0.3125 0.734375 0.125 0.125
1 0.36328125 0.6953125 0.125 0.125
1 0.4453125 0.6015625 0.125 0.125
3 0.5078125 0.5625 0.125 0.125
3 0.5234375 0.9765625 0.125 0.125
3 0.5859375 0.92578125 0.125 0.125
3 0.6875 0.5078125 0.125 0.125
3 0.74609375 0.55078125 0.125 0.125
3 0.95703125 0.80078125 0.125 0.125
1 0.79296875 0.61328125 0.125 0.125
1 0.83203125 0.65625 0.125 0.125
1 0.87109375 0.703125 0.125 0.125
1 0.91796875 0.76171875 0.125 0.125
