4 0.40234375 0.16015625 0.125 0.125
3 0.50390625 0.16015625 0.125 0.125
1 0.625 0.19140625 0.125 0.125
1 0.84375 0.21875 0.125 0.125
1 0.9140625 0.2265625 0.125 0.125
3 0.4453125 0.5078125 0.125 0.125
1 0.375 0.50390625 0.125 0.125
3 0.8515625 0.90234375 0.125 0.125
3 0.9453125 0.80078125 0.125 0.125
2 0.7109375 0.70703125 0.125 0.125
2 0.88671875 0.734375 0.125 0.125
1 0.55859375 0.51171875 0.125 0.125
1 0.62109375 0.51953125 0.125 0.125
1 0.71484375 0.55078125 0.125 0.125
1 0.78125 0.57421875 0.125 0.125
1 0.97265625 0.57421875 0.125 0.125
