3 0.0703125 0.453125 0.125 0.125
3 0.12109375 0.41796875 0.125 0.125
3 0.25390625 0.2734375 0.125 0.125
3 0.39453125 0.1328125 0.125 0.125
1 0.015625 0.48828125 0.125 0.125
1 0.16796875 0.37890625 0.125 0.125
1 0.2109375 0.3359375 0.125 0.125
1 0.3125 0.234375 0.125 0.125
1 0.36328125 0.1953125 0.125 0.125
1 0.4453125 0.1015625 0.125 0.125
3 0.5078125 0.0625 0.125 0.125
3 0.5234375 0.4765625 0.125 0.125
3 0.5859375 0.42578125 0.125 0.125
3 0.6875 0.0078125 0.125 0.125
3 0.74609375 0.05078125 0.125 0.125
3 0.95703125 0.30078125 0.125 0.125
1 0.79296875 0.11328125 0.125 0.125
1 0.83203125 0.15625 0.125 0.125
1 0.87109375 0.203125 0.125 0.125
1 0.91796875 0.26171875 0.125 0.125
3 0.48046875 0.52734375 0.125 0.125
1 0.14453125 0.7421875 0.125 0.125
1 0.17578125 0.7890625 0.125 0.125
1 0.234375 0.828125 0.125 0.125
