3 0.5703125 0.453125 0.125 0.125
3 0.62109375 0.41796875 0.125 0.125
3 0.75390625 0.2734375 0.125 0.125
3 0.89453125 0.1328125 0.125 0.125
1 0.515625 0.48828125 0.125 0.125
1 0.66796875 0.37890625 0.125 0.125
1 0.7109375 0.3359375 0.125 0.125
1 0.8125 0.234375 0.125 0.125
1 0.86328125 0.1953125 0.125 0.125
1 0.9453125 0.1015625 0.125 0.125
3 0.4140625 0.73046875 0.125 0.125
1 0.40625 0.5859375 0.125 0.125
1 0.4609375 0.52734375 0.125 0.125
3 0.98046875 0.52734375 0.125 0.125
1 0.64453125 0.7421875 0.125 0.125
1 0.67578125 0.7890625 0.125 0.125
1 0.734375 0.828125 0.125 0.125
