3 0.41796875 0.2578125 0.125 0.125
1 0.08203125 0.453125 0.125 0.125
1 0.1484375 0.42578125 0.125 0.125
1 0.21484375 0.39453125 0.125 0.125
1 0.48046875 0.20703125 0.125 0.125
3 0.54296875 0.15625 0.125 0.125
3 0.6015625 0.140625 0.125 0.125
3 0.73046875 0.078125 0.125 0.125
1 0.66015625 0.09375 0.125 0.125
1 0.76171875 0.48046875 0.125 0.125
1 0.765625 0.41015625 0.125 0.125
1 0.7890625 0.015625 0.125 0.125
1 0.890625 0.45703125 0.125 0.125
3 0.71484375 0.671875 0.125 0.125
3 0.73828125 0.75 0.125 0.125
1 0.74609375 0.546875 0.125 0.125
