3 0.0 0.43359375 0.125 0.125
3 0.25390625 0.453125 0.125 0.125
1 0.09375 0.42578125 0.125 0.125
1 0.171875 0.453125 0.125 0.125
1 0.41015625 0.46875 0.125 0.125
3 0.4765625 0.65625 0.125 0.125
3 0.70703125 0.80859375 0.125 0.125
3 0.71484375 0.6484375 0.125 0.125
3 0.79296875 0.65625 0.125 0.125
3 0.92578125 0.84765625 0.125 0.125
1 0.54296875 0.6484375 0.125 0.125
1 0.6015625 0.78125 0.125 0.125
1 0.78125 0.8046875 0.125 0.125
1 0.875 0.65234375 0.125 0.125
1 0.93359375 0.703125 0.125 0.125
1 0.9609375 0.5703125 0.125 0.125
