3 0.4375 0.18359375 0.125 0.125
3 0.4921875 0.42578125 0.125 0.125
1 0.38671875 0.31640625 0.125 0.125
3 0.50390625 0.34375 0.125 0.125
2 0.515625 0.48828125 0.125 0.125
3 0.05859375 0.73046875 0.125 0.125
3 0.15625 0.61328125 0.125 0.125
3 0.234375 0.83203125 0.125 0.125
3 0.453125 0.70703125 0.125 0.125
3 0.4921875 0.85546875 0.125 0.125
2 0.21484375 0.6796875 0.125 0.125
1 0.109375 0.86328125 0.125 0.125
1 0.13671875 0.5546875 0.125 0.125
1 0.22265625 0.75390625 0.125 0.125
1 0.2421875 0.91015625 0.125 0.125
1 0.265625 0.9765625 0.125 0.125
1 0.30859375 0.5703125 0.125 0.125
1 0.3671875 0.79296875 0.125 0.125
1 0.3828125 0.95703125 0.125 0.125
1 0.39453125 0.53125 0.125 0.125
4 0.5546875 0.63671875 0.125 0.125
3 0.5234375 0.578125 0.125 0.125
3 0.578125 0.7109375 0.125 0.125
3 0.59765625 0.7734375 0.125 0.125
2 0.64453125 0.92578125 0.125 0.125
1 0.62109375 0.84765625 0.125 0.125
1 0.6640625 0.9921875 0.125 0.125
