3 0.10546875 0.1953125 0.125 0.125
3 0.68359375 0.2578125 0.125 0.125
3 0.8828125 0.09765625 0.125 0.125
3 0.92578125 0.15234375 0.125 0.125
3 0.98046875 0.2109375 0.125 0.125
3 0.984375 0.28125 0.125 0.125
1 0.703125 0.32421875 0.125 0.125
1 0.7421875 0.390625 0.125 0.125
1 0.77734375 0.46875 0.125 0.125
3 0.2109375 0.50390625 0.125 0.125
3 0.30078125 0.78515625 0.125 0.125
1 0.2890625 0.65234375 0.125 0.125
1 0.77734375 0.5390625 0.125 0.125
1 0.80078125 0.59765625 0.125 0.125
1 0.80859375 0.69921875 0.125 0.125
1 0.859375 0.82421875 0.125 0.125
1 0.8671875 0.90234375 0.125 0.125
1 0.90234375 0.95703125 0.125 0.125
