3 0.6171875 0.2578125 0.125 0.125
3 0.64453125 0.41796875 0.125 0.125
3 0.76953125 0.37890625 0.125 0.125
3 0.76953125 0.46484375 0.125 0.125
3 0.78125 0.29296875 0.125 0.125
3 0.94921875 0.40234375 0.125 0.125
3 0.96875 0.47265625 0.125 0.125
1 0.9140625 0.3359375 0.125 0.125
1 0.64453125 0.328125 0.125 0.125
3 0.796875 0.84375 0.125 0.125
3 0.828125 0.515625 0.125 0.125
3 0.8515625 0.58203125 0.125 0.125
3 0.91015625 0.7265625 0.125 0.125
3 0.93359375 0.80859375 0.125 0.125
3 0.94140625 0.8828125 0.125 0.125
3 0.984375 0.5390625 0.125 0.125
1 0.81640625 0.9296875 0.125 0.125
1 0.87109375 0.65625 0.125 0.125
1 0.96875 0.94921875 0.125 0.125
