4 0.16015625 0.4375 0.125 0.125
3 0.12109375 0.3125 0.125 0.125
3 0.3828125 0.203125 0.125 0.125
3 0.4140625 0.34375 0.125 0.125
3 0.4375 0.18359375 0.125 0.125
3 0.48828125 0.3046875 0.125 0.125
1 0.09765625 0.45703125 0.125 0.125
1 0.16015625 0.4375 0.125 0.125
1 0.1875 0.27734375 0.125 0.125
1 0.25390625 0.2734375 0.125 0.125
1 0.29296875 0.41015625 0.125 0.125
1 0.4375 0.18359375 0.125 0.125
3 0.5078125 0.1640625 0.125 0.125
3 0.60546875 0.2734375 0.125 0.125
3 0.93359375 0.421875 0.125 0.125
3 0.953125 0.06640625 0.125 0.125
1 0.55078125 0.296875 0.125 0.125
1 0.88671875 0.2890625 0.125 0.125
3 0.24609375 0.7421875 0.125 0.125
3 0.3125 0.72265625 0.125 0.125
3 0.375 0.68359375 0.125 0.125
3 0.4453125 0.66015625 0.125 0.125
1 0.12109375 0.7734375 0.125 0.125
1 0.1875 0.7578125 0.125 0.125
1 0.4453125 0.66015625 0.125 0.125
3 0.64453125 0.6171875 0.125 0.125
1 0.5234375 0.6484375 0.125 0.125
1 0.95703125 0.68359375 0.125 0.125
