3 0.4296875 0.4296875 0.125 0.125
3 0.890625 0.26953125 0.125 0.125
3 0.95703125 0.234375 0.125 0.125
3 0.5 0.421875 0.125 0.125
3 0.62890625 0.359375 0.125 0.125
1 0.5625 0.39453125 0.125 0.125
1 0.6953125 0.328125 0.125 0.125
1 0.7578125 0.30078125 0.125 0.125
1 0.83984375 0.3046875 0.125 0.125
1 0.96484375 0.08984375 0.125 0.125
4 0.0234375 0.95703125 0.125 0.125
3 0.4609375 0.75390625 0.125 0.125
3 0.734375 0.6875 0.125 0.125
3 0.78125 0.83203125 0.125 0.125
3 0.8046875 0.66015625 0.125 0.125
3 0.875 0.62890625 0.125 0.125
3 0.91796875 0.7734375 0.125 0.125
3 0.9453125 0.62109375 0.125 0.125
3 0.52734375 0.75390625 0.125 0.125
3 0.57421875 0.8828125 0.125 0.125
3 0.6484375 0.88671875 0.125 0.125
1 0.60546875 0.73828125 0.125 0.125
1 0.6796875 0.70703125 0.125 0.125
1 0.71484375 0.859375 0.125 0.125
1 0.859375 0.796875 0.125 0.125
