3 0.28515625 0.2890625 0.125 0.125
3 0.4453125 0.23828125 0.125 0.125
1 0.0234375 0.48828125 0.125 0.125
1 0.109375 0.34765625 0.125 0.125
3 0.69140625 0.26953125 0.125 0.125
3 0.7734375 0.13671875 0.125 0.125
3 0.8671875 0.2109375 0.125 0.125
1 0.59375 0.19140625 0.125 0.125
1 0.8671875 0.453125 0.125 0.125
3 0.13671875 0.88671875 0.125 0.125
3 0.19140625 0.87890625 0.125 0.125
3 0.19921875 0.66796875 0.125 0.125
1 0.3671875 0.6171875 0.125 0.125
1 0.0078125 0.9140625 0.125 0.125
3 0.6875 0.5078125 0.125 0.125
1 0.5625 0.55078125 0.125 0.125
