4 0.296875 0.13671875 0.125 0.125
3 0.15625 0.25390625 0.125 0.125
1 0.2578125 0.0390625 0.125 0.125
1 0.60546875 0.0390625 0.125 0.125
1 0.640625 0.11328125 0.125 0.125
1 0.6796875 0.328125 0.125 0.125
1 0.6953125 0.1640625 0.125 0.125
3 0.0234375 0.8671875 0.125 0.125
3 0.390625 0.984375 0.125 0.125
1 0.265625 0.640625 0.125 0.125
1 0.37109375 0.91015625 0.125 0.125
3 0.53125 0.8125 0.125 0.125
3 0.7890625 0.625 0.125 0.125
3 0.83203125 0.7109375 0.125 0.125
3 0.93359375 0.9765625 0.125 0.125
1 0.90234375 0.90234375 0.125 0.125
