3 0.2890625 0.47265625 0.125 0.125
3 0.3515625 0.44921875 0.125 0.125
3 0.4140625 0.4296875 0.125 0.125
1 0.484375 0.41015625 0.125 0.125
3 0.625 0.3671875 0.125 0.125
3 0.90234375 0.29296875 0.125 0.125
1 0.578125 0.2265625 0.125 0.125
1 0.74609375 0.16015625 0.125 0.125
1 0.7578125 0.34375 0.125 0.125
1 0.8359375 0.3046875 0.125 0.125
1 0.98046875 0.26171875 0.125 0.125
3 0.0234375 0.578125 0.125 0.125
3 0.10546875 0.56640625 0.125 0.125
3 0.19140625 0.88671875 0.125 0.125
3 0.22265625 0.5 0.125 0.125
3 0.3515625 0.83203125 0.125 0.125
3 0.421875 0.8125 0.125 0.125
1 0.046875 0.9140625 0.125 0.125
1 0.1171875 0.8984375 0.125 0.125
1 0.15625 0.515625 0.125 0.125
1 0.26171875 0.8671875 0.125 0.125
1 0.48046875 0.7890625 0.125 0.125
3 0.6171875 0.7421875 0.125 0.125
1 0.56640625 0.77734375 0.125 0.125
1 0.68359375 0.69140625 0.125 0.125
1 0.75390625 0.66015625 0.125 0.125
1 0.921875 0.74609375 0.125 0.125
