1 0.375 0.390625 0.125 0.125
3 0.72265625 0.28125 0.125 0.125
3 0.90625 0.390625 0.125 0.125
3 0.91796875 0.2265625 0.125 0.125
1 0.84375 0.41015625 0.125 0.125
1 0.86328125 0.2734375 0.125 0.125
1 0.98046875 0.3671875 0.125 0.125
1 0.76953125 0.42578125 0.125 0.125
4 0.41015625 0.83203125 0.125 0.125
3 0.47265625 0.89453125 0.125 0.125
1 0.3359375 0.78125 0.125 0.125
3 0.87109375 0.7109375 0.125 0.125
3 0.953125 0.69140625 0.125 0.125
3 0.98828125 0.8203125 0.125 0.125
1 0.92578125 0.8515625 0.125 0.125
1 0.55859375 0.94140625 0.125 0.125
