3 0.00390625 0.1171875 0.125 0.125
3 0.0234375 0.4921875 0.125 0.125
3 0.078125 0.09375 0.125 0.125
3 0.15234375 0.08203125 0.125 0.125
3 0.3203125 0.41796875 0.125 0.125
3 0.375 0.36328125 0.125 0.125
1 0.21484375 0.0390625 0.125 0.125
1 0.2421875 0.421875 0.125 0.125
1 0.4453125 0.375 0.125 0.125
3 0.51953125 0.32421875 0.125 0.125
3 0.59375 0.3046875 0.125 0.125
3 0.7265625 0.28515625 0.125 0.125
3 0.8203125 0.2421875 0.125 0.125
3 0.05078125 0.70703125 0.125 0.125
3 0.2578125 0.65234375 0.125 0.125
3 0.45703125 0.58984375 0.125 0.125
1 0.58203125 0.53515625 0.125 0.125
