3 0.171875 0.4609375 0.125 0.125
3 0.453125 0.3671875 0.125 0.125
3 0.60546875 0.32421875 0.125 0.125
3 0.75390625 0.2734375 0.125 0.125
3 0.93359375 0.2265625 0.125 0.125
3 0.08984375 0.67578125 0.125 0.125
3 0.2421875 0.703125 0.125 0.125
3 0.375 0.6640625 0.125 0.125
3 0.4453125 0.8046875 0.125 0.125
1 0.015625 0.5078125 0.125 0.125
1 0.265625 0.8515625 0.125 0.125
1 0.27734375 0.953125 0.125 0.125
1 0.359375 0.8359375 0.125 0.125
4 0.73046875 0.953125 0.125 0.125
4 0.8046875 0.9453125 0.125 0.125
3 0.5 0.81640625 0.125 0.125
3 0.5546875 0.609375 0.125 0.125
3 0.5859375 0.78515625 0.125 0.125
3 0.63671875 0.97265625 0.125 0.125
3 0.8046875 0.7421875 0.125 0.125
3 0.859375 0.90234375 0.125 0.125
1 0.6640625 0.7265625 0.125 0.125
1 0.73046875 0.55078125 0.125 0.125
