3 0.59765625 0.10546875 0.125 0.125
3 0.61328125 0.1640625 0.125 0.125
3 0.640625 0.22265625 0.125 0.125
3 0.64453125 0.30078125 0.125 0.125
3 0.66796875 0.3671875 0.125 0.125
3 0.69921875 0.42578125 0.125 0.125
3 0.92578125 0.1484375 0.125 0.125
3 0.9375 0.23046875 0.125 0.125
3 0.96484375 0.30078125 0.125 0.125
3 0.96484375 0.37109375 0.125 0.125
1 0.87109375 0.0078125 0.125 0.125
1 0.89453125 0.08203125 0.125 0.125
3 0.25 0.78125 0.125 0.125
3 0.48046875 0.86328125 0.125 0.125
1 0.01171875 0.6875 0.125 0.125
1 0.1015625 0.72265625 0.125 0.125
1 0.1875 0.734375 0.125 0.125
1 0.33984375 0.7890625 0.125 0.125
1 0.40625 0.828125 0.125 0.125
3 0.5546875 0.8984375 0.125 0.125
3 0.6328125 0.96484375 0.125 0.125
3 0.71875 0.5 0.125 0.125
3 0.76171875 0.5546875 0.125 0.125
3 0.77734375 0.62109375 0.125 0.125
3 0.87109375 0.73046875 0.125 0.125
3 0.8828125 0.8125 0.125 0.125
3 0.90234375 0.87890625 0.125 0.125
3 0.953125 0.93359375 0.125 0.125
1 0.80859375 0.6875 0.125 0.125
