3 0.33984375 0.55859375 0.125 0.125
3 0.3984375 0.546875 0.125 0.125
1 0.12890625 0.82421875 0.125 0.125
1 0.171875 0.96484375 0.125 0.125
1 0.1953125 0.77734375 0.125 0.125
1 0.25390625 0.72265625 0.125 0.125
1 0.28125 0.59375 0.125 0.125
1 0.3203125 0.71875 0.125 0.125
1 0.3828125 0.703125 0.125 0.125
1 0.44921875 0.6875 0.125 0.125
1 0.4765625 0.56640625 0.125 0.125
4 0.6796875 0.75 0.125 0.125
4 0.75390625 0.91796875 0.125 0.125
3 0.59765625 0.984375 0.125 0.125
3 0.703125 0.82421875 0.125 0.125
1 0.51953125 0.6640625 0.125 0.125
1 0.625 0.50390625 0.125 0.125
