3 0.1640625 0.29296875 0.125 0.125
3 0.1953125 0.42578125 0.125 0.125
3 0.26953125 0.41796875 0.125 0.125
3 0.3359375 0.3984375 0.125 0.125
3 0.4921875 0.3515625 0.125 0.125
3 0.62890625 0.12890625 0.125 0.125
3 0.67578125 0.2734375 0.125 0.125
3 0.69921875 0.0859375 0.125 0.125
3 0.75 0.25390625 0.125 0.125
3 0.84375 0.08984375 0.125 0.125
3 0.87890625 0.19921875 0.125 0.125
3 0.95703125 0.18359375 0.125 0.125
3 0.46875 0.68359375 0.125 0.125
1 0.390625 0.70703125 0.125 0.125
1 0.546875 0.65625 0.125 0.125
1 0.62109375 0.63671875 0.125 0.125
1 0.90234375 0.5546875 0.125 0.125
