1 0.34375 0.45703125 0.125 0.125
3 0.53125 0.3984375 0.125 0.125
3 0.671875 0.3515625 0.125 0.125
3 0.86328125 0.46875 0.125 0.125
3 0.92578125 0.4453125 0.125 0.125
3 0.9921875 0.41796875 0.125 0.125
3 0.05078125 0.56640625 0.125 0.125
3 0.19921875 0.51953125 0.125 0.125
3 0.31640625 0.63671875 0.125 0.125
3 0.375 0.6171875 0.125 0.125
1 0.046875 0.71484375 0.125 0.125
1 0.11328125 0.703125 0.125 0.125
4 0.71875 0.86328125 0.125 0.125
3 0.58203125 0.546875 0.125 0.125
3 0.921875 0.78125 0.125 0.125
3 0.9765625 0.75390625 0.125 0.125
2 0.765625 0.8125 0.125 0.125
1 0.5703125 0.90234375 0.125 0.125
1 0.84375 0.80859375 0.125 0.125
