3 0.03125 0.14453125 0.125 0.125
3 0.046875 0.22265625 0.125 0.125
3 0.12109375 0.44140625 0.125 0.125
3 0.1328125 0.03515625 0.125 0.125
3 0.15625 0.109375 0.125 0.125
3 0.234375 0.3125 0.125 0.125
1 0.09765625 0.2890625 0.125 0.125
1 0.11328125 0.37109375 0.125 0.125
1 0.19140625 0.16796875 0.125 0.125
1 0.25 0.3984375 0.125 0.125
1 0.4765625 0.0703125 0.125 0.125
1 0.48828125 0.15234375 0.125 0.125
3 0.52734375 0.31640625 0.125 0.125
3 0.54296875 0.3828125 0.125 0.125
3 0.578125 0.44140625 0.125 0.125
2 0.51171875 0.22265625 0.125 0.125
3 0.18359375 0.58984375 0.125 0.125
1 0.140625 0.53125 0.125 0.125
3 0.60546875 0.5234375 0.125 0.125
