3 0.08984375 0.17578125 0.125 0.125
3 0.2421875 0.203125 0.125 0.125
3 0.375 0.1640625 0.125 0.125
3 0.4453125 0.3046875 0.125 0.125
1 0.015625 0.0078125 0.125 0.125
1 0.265625 0.3515625 0.125 0.125
1 0.27734375 0.453125 0.125 0.125
1 0.359375 0.3359375 0.125 0.125
4 0.73046875 0.453125 0.125 0.125
4 0.8046875 0.4453125 0.125 0.125
3 0.5 0.31640625 0.125 0.125
3 0.5546875 0.109375 0.125 0.125
3 0.5859375 0.28515625 0.125 0.125
3 0.63671875 0.47265625 0.125 0.125
3 0.8046875 0.2421875 0.125 0.125
3 0.859375 0.40234375 0.125 0.125
1 0.6640625 0.2265625 0.125 0.125
1 0.73046875 0.05078125 0.125 0.125
3 0.1328125 0.63671875 0.125 0.125
3 0.2109375 0.60546875 0.125 0.125
3 0.3515625 0.57421875 0.125 0.125
3 0.42578125 0.55078125 0.125 0.125
3 0.484375 0.515625 0.125 0.125
1 0.046875 0.671875 0.125 0.125
3 0.578125 0.51171875 0.125 0.125
3 0.60546875 0.859375 0.125 0.125
3 0.71875 0.82421875 0.125 0.125
