4 0.40234375 0.0234375 0.125 0.125
3 0.1875 0.328125 0.125 0.125
3 0.453125 0.20703125 0.125 0.125
3 0.484375 0.3359375 0.125 0.125
1 0.22265625 0.453125 0.125 0.125
1 0.37109375 0.29296875 0.125 0.125
3 0.2734375 0.60546875 0.125 0.125
3 0.30859375 0.75 0.125 0.125
4 0.65625 0.890625 0.125 0.125
4 0.95703125 0.9609375 0.125 0.125
3 0.57421875 0.6015625 0.125 0.125
3 0.984375 0.765625 0.125 0.125
2 0.52734375 0.76953125 0.125 0.125
1 0.6171875 0.75390625 0.125 0.125
1 0.90625 0.8046875 0.125 0.125
