3 0.4921875 0.4921875 0.125 0.125
1 0.1640625 0.4140625 0.125 0.125
1 0.3125 0.37109375 0.125 0.125
1 0.45703125 0.30859375 0.125 0.125
4 0.890625 0.375 0.125 0.125
4 0.97265625 0.33984375 0.125 0.125
3 0.78125 0.2265625 0.125 0.125
3 0.32421875 0.56640625 0.125 0.125
1 0.0 0.6484375 0.125 0.125
1 0.09375 0.66015625 0.125 0.125
1 0.1640625 0.95703125 0.125 0.125
1 0.23828125 0.58984375 0.125 0.125
1 0.26953125 0.921875 0.125 0.125
1 0.33984375 0.91015625 0.125 0.125
1 0.4140625 0.89453125 0.125 0.125
3 0.59375 0.84375 0.125 0.125
3 0.75 0.7734375 0.125 0.125
