3 0.09765625 0.4921875 0.125 0.125
3 0.23828125 0.44921875 0.125 0.125
1 0.38671875 0.40234375 0.125 0.125
3 0.56640625 0.3359375 0.125 0.125
3 0.76953125 0.2734375 0.125 0.125
3 0.91796875 0.23046875 0.125 0.125
4 0.29296875 0.81640625 0.125 0.125
3 0.55078125 0.66015625 0.125 0.125
3 0.58203125 0.72265625 0.125 0.125
3 0.609375 0.78125 0.125 0.125
3 0.6328125 0.8671875 0.125 0.125
3 0.6640625 0.93359375 0.125 0.125
3 0.73828125 0.6640625 0.125 0.125
3 0.74609375 0.7421875 0.125 0.125
3 0.796875 0.890625 0.125 0.125
1 0.703125 0.609375 0.125 0.125
1 0.765625 0.8203125 0.125 0.125
