4 0.12109375 0.06640625 0.125 0.125
3 0.0625 0.08203125 0.125 0.125
3 0.1875 0.0546875 0.125 0.125
3 0.4296875 0.12890625 0.125 0.125
1 0.04296875 0.26171875 0.125 0.125
1 0.11328125 0.23828125 0.125 0.125
1 0.12109375 0.06640625 0.125 0.125
1 0.16796875 0.22265625 0.125 0.125
1 0.1875 0.0546875 0.125 0.125
1 0.22265625 0.19140625 0.125 0.125
1 0.25 0.015625 0.125 0.125
1 0.30078125 0.15625 0.125 0.125
3 0.50390625 0.1171875 0.125 0.125
3 0.5234375 0.4921875 0.125 0.125
3 0.578125 0.09375 0.125 0.125
3 0.65234375 0.08203125 0.125 0.125
3 0.8203125 0.41796875 0.125 0.125
3 0.875 0.36328125 0.125 0.125
1 0.71484375 0.0390625 0.125 0.125
1 0.7421875 0.421875 0.125 0.125
1 0.9453125 0.375 0.125 0.125
3 0.046875 0.640625 0.125 0.125
3 0.05078125 0.86328125 0.125 0.125
3 0.11328125 0.609375 0.125 0.125
3 0.19140625 0.82421875 0.125 0.125
3 0.25390625 0.57421875 0.125 0.125
3 0.3359375 0.78125 0.125 0.125
3 0.3828125 0.53515625 0.125 0.125
1 0.17578125 0.58984375 0.125 0.125
1 0.32421875 0.5546875 0.125 0.125
3 0.55078125 0.70703125 0.125 0.125
3 0.7578125 0.65234375 0.125 0.125
3 0.95703125 0.58984375 0.125 0.125
