3 0.1328125 0.25 0.125 0.125
3 0.1953125 0.37890625 0.125 0.125
3 0.203125 0.45703125 0.125 0.125
3 0.28515625 0.28125 0.125 0.125
3 0.2890625 0.20703125 0.125 0.125
3 0.33203125 0.33984375 0.125 0.125
3 0.34375 0.41015625 0.125 0.125
1 0.36328125 0.484375 0.125 0.125
4 0.76171875 0.41796875 0.125 0.125
3 0.70703125 0.2890625 0.125 0.125
3 0.6875 0.21875 0.125 0.125
1 0.7265625 0.3515625 0.125 0.125
4 0.34765625 0.86328125 0.125 0.125
4 0.4140625 0.609375 0.125 0.125
4 0.43359375 0.765625 0.125 0.125
3 0.22265625 0.52734375 0.125 0.125
3 0.26171875 0.59375 0.125 0.125
3 0.2734375 0.65234375 0.125 0.125
3 0.2890625 0.71484375 0.125 0.125
3 0.375 0.9140625 0.125 0.125
3 0.3828125 0.9921875 0.125 0.125
3 0.46484375 0.8203125 0.125 0.125
1 0.3046875 0.7890625 0.125 0.125
1 0.3984375 0.546875 0.125 0.125
1 0.41796875 0.6875 0.125 0.125
1 0.49609375 0.875 0.125 0.125
4 0.51953125 0.94140625 0.125 0.125
4 0.7890625 0.5 0.125 0.125
4 0.828125 0.6328125 0.125 0.125
4 0.86328125 0.77734375 0.125 0.125
4 0.890625 0.8359375 0.125 0.125
4 0.90234375 0.8984375 0.125 0.125
4 0.93359375 0.97265625 0.125 0.125
3 0.79296875 0.56640625 0.125 0.125
2 0.8515625 0.69140625 0.125 0.125
