3 0.5390625 0.40625 0.125 0.125
1 0.5390625 0.40625 0.125 0.125
1 0.5625 0.47265625 0.125 0.125
3 0.23828125 0.96875 0.125 0.125
3 0.28125 0.62890625 0.125 0.125
3 0.30078125 0.70703125 0.125 0.125
3 0.39453125 0.98828125 0.125 0.125
1 0.1015625 0.56640625 0.125 0.125
1 0.19140625 0.89453125 0.125 0.125
1 0.33984375 0.859375 0.125 0.125
3 0.69140625 0.95703125 0.125 0.125
1 0.578125 0.546875 0.125 0.125
1 0.61328125 0.671875 0.125 0.125
1 0.640625 0.75 0.125 0.125
1 0.6875 0.89453125 0.125 0.125
