3 0.03515625 0.19140625 0.125 0.125
3 0.11328125 0.21875 0.125 0.125
3 0.1796875 0.35546875 0.125 0.125
1 0.15234375 0.26953125 0.125 0.125
1 0.16015625 0.47265625 0.125 0.125
4 0.76171875 0.10546875 0.125 0.125
3 0.84765625 0.4921875 0.125 0.125
3 0.87890625 0.4375 0.125 0.125
1 0.7890625 0.19921875 0.125 0.125
3 0.03515625 0.54296875 0.125 0.125
3 0.19921875 0.57421875 0.125 0.125
3 0.19921875 0.66015625 0.125 0.125
3 0.203125 0.95703125 0.125 0.125
3 0.296875 0.66015625 0.125 0.125
3 0.33984375 0.9140625 0.125 0.125
3 0.49609375 0.8671875 0.125 0.125
1 0.22265625 0.81640625 0.125 0.125
1 0.37890625 0.625 0.125 0.125
1 0.4453125 0.5859375 0.125 0.125
4 0.71484375 0.55859375 0.125 0.125
3 0.7890625 0.53125 0.125 0.125
3 0.80078125 0.7734375 0.125 0.125
1 0.65625 0.8203125 0.125 0.125
1 0.9296875 0.71875 0.125 0.125
