3 0.02734375 0.24609375 0.125 0.125
3 0.0546875 0.09375 0.125 0.125
3 0.140625 0.09375 0.125 0.125
3 0.203125 0.0546875 0.125 0.125
3 0.2578125 0.48828125 0.125 0.125
3 0.3125 0.14453125 0.125 0.125
3 0.38671875 0.1484375 0.125 0.125
1 0.09375 0.2265625 0.125 0.125
1 0.2578125 0.03125 0.125 0.125
1 0.33203125 0.0 0.125 0.125
1 0.390625 0.42578125 0.125 0.125
3 0.91796875 0.42578125 0.125 0.125
2 0.7421875 0.3046875 0.125 0.125
1 0.5234375 0.375 0.125 0.125
1 0.65625 0.32421875 0.125 0.125
1 0.78515625 0.01171875 0.125 0.125
1 0.86328125 0.2734375 0.125 0.125
1 0.9453125 0.24609375 0.125 0.125
3 0.03515625 0.55078125 0.125 0.125
3 0.171875 0.51171875 0.125 0.125
3 0.87109375 0.9921875 0.125 0.125
1 0.77734375 0.765625 0.125 0.125
1 0.90234375 0.69921875 0.125 0.125
