3 0.37109375 0.33203125 0.125 0.125
2 0.03125 0.4609375 0.125 0.125
1 0.1015625 0.421875 0.125 0.125
1 0.23828125 0.37890625 0.125 0.125
3 0.234375 0.86328125 0.125 0.125
3 0.3046875 0.83203125 0.125 0.125
3 0.37109375 0.8359375 0.125 0.125
3 0.4375 0.80078125 0.125 0.125
3 0.0390625 0.92578125 0.125 0.125
3 0.1015625 0.8984375 0.125 0.125
3 0.171875 0.88671875 0.125 0.125
3 0.18359375 0.71875 0.125 0.125
1 0.05078125 0.75 0.125 0.125
1 0.125 0.75 0.125 0.125
1 0.328125 0.68359375 0.125 0.125
1 0.39453125 0.671875 0.125 0.125
1 0.45703125 0.63671875 0.125 0.125
3 0.50390625 0.7890625 0.125 0.125
3 0.58203125 0.765625 0.125 0.125
3 0.90234375 0.828125 0.125 0.125
3 0.91796875 0.90234375 0.125 0.125
1 0.5390625 0.60546875 0.125 0.125
1 0.60546875 0.58984375 0.125 0.125
