4 0.75 0.3203125 0.125 0.125
4 0.77734375 0.4140625 0.125 0.125
4 0.4921875 0.625 0.125 0.125
3 0.12109375 0.75 0.125 0.125
3 0.4765625 0.98828125 0.125 0.125
2 0.19921875 0.7265625 0.125 0.125
1 0.3515625 0.67578125 0.125 0.125
1 0.41796875 0.64453125 0.125 0.125
1 0.42578125 0.92578125 0.125 0.125
3 0.578125 0.9140625 0.125 0.125
3 0.6328125 0.578125 0.125 0.125
3 0.71484375 0.578125 0.125 0.125
3 0.73046875 0.875 0.125 0.125
3 0.7890625 0.55859375 0.125 0.125
1 0.5546875 0.625 0.125 0.125
1 0.8125 0.86328125 0.125 0.125
