3 0.2890625 0.31640625 0.125 0.125
3 0.31640625 0.3671875 0.125 0.125
3 0.35546875 0.140625 0.125 0.125
3 0.375 0.20703125 0.125 0.125
3 0.4453125 0.33984375 0.125 0.125
2 0.2265625 0.171875 0.125 0.125
1 0.234375 0.24609375 0.125 0.125
1 0.33203125 0.44140625 0.125 0.125
1 0.41015625 0.26953125 0.125 0.125
1 0.453125 0.390625 0.125 0.125
1 0.4765625 0.46875 0.125 0.125
3 0.7578125 0.39453125 0.125 0.125
3 0.78515625 0.44921875 0.125 0.125
3 0.8359375 0.1328125 0.125 0.125
3 0.8984375 0.2734375 0.125 0.125
2 0.83203125 0.0625 0.125 0.125
1 0.63671875 0.046875 0.125 0.125
1 0.6953125 0.11328125 0.125 0.125
1 0.71484375 0.1796875 0.125 0.125
1 0.73046875 0.2421875 0.125 0.125
1 0.8671875 0.20703125 0.125 0.125
1 0.91796875 0.41796875 0.125 0.125
1 0.921875 0.33984375 0.125 0.125
1 0.9296875 0.4921875 0.125 0.125
3 0.0390625 0.54296875 0.125 0.125
3 0.06640625 0.6015625 0.125 0.125
3 0.140625 0.96875 0.125 0.125
3 0.390625 0.64453125 0.125 0.125
3 0.41796875 0.71875 0.125 0.125
3 0.4375 0.7890625 0.125 0.125
3 0.4453125 0.84765625 0.125 0.125
3 0.484375 0.53515625 0.125 0.125
3 0.484375 0.98828125 0.125 0.125
1 0.06640625 0.671875 0.125 0.125
1 0.08984375 0.734375 0.125 0.125
1 0.1171875 0.8125 0.125 0.125
1 0.1484375 0.8828125 0.125 0.125
1 0.34765625 0.51171875 0.125 0.125
1 0.45703125 0.9140625 0.125 0.125
4 0.5390625 0.7421875 0.125 0.125
4 0.90234375 0.86328125 0.125 0.125
3 0.51171875 0.60546875 0.125 0.125
3 0.57421875 0.87109375 0.125 0.125
3 0.796875 0.51953125 0.125 0.125
3 0.8359375 0.58203125 0.125 0.125
3 0.84765625 0.6640625 0.125 0.125
3 0.93359375 0.92578125 0.125 0.125
1 0.53125 0.6640625 0.125 0.125
1 0.57421875 0.8046875 0.125 0.125
1 0.6015625 0.94921875 0.125 0.125
1 0.875 0.73046875 0.125 0.125
1 0.890625 0.7890625 0.125 0.125
1 0.96484375 0.546875 0.125 0.125
1 0.98046875 0.62890625 0.125 0.125
1 0.9921875 0.765625 0.125 0.125
