3 0.2734375 0.3046875 0.125 0.125
3 0.27734375 0.05859375 0.125 0.125
3 0.3046875 0.4453125 0.125 0.125
1 0.0546875 0.08203125 0.125 0.125
3 0.7578125 0.453125 0.125 0.125
3 0.828125 0.2109375 0.125 0.125
3 0.875 0.33984375 0.125 0.125
1 0.81640625 0.140625 0.125 0.125
3 0.05859375 0.765625 0.125 0.125
3 0.34765625 0.65625 0.125 0.125
3 0.49609375 0.6015625 0.125 0.125
3 0.49609375 0.6015625 0.125 0.125
1 0.31640625 0.515625 0.125 0.125
1 0.4140625 0.7890625 0.125 0.125
1 0.4140625 0.7890625 0.125 0.125
1 0.4140625 0.8671875 0.125 0.125
1 0.4140625 0.8671875 0.125 0.125
1 0.4609375 0.9296875 0.125 0.125
1 0.4609375 0.9296875 0.125 0.125
1 0.48828125 0.5390625 0.125 0.125
1 0.03125 0.609375 0.125 0.125
1 0.109375 0.96484375 0.125 0.125
1 0.828125 0.65625 0.125 0.125
