3 0.6875 0.46484375 0.125 0.125
3 0.81640625 0.41015625 0.125 0.125
3 0.8984375 0.0546875 0.125 0.125
3 0.9453125 0.3515625 0.125 0.125
3 0.12890625 0.62890625 0.125 0.125
3 0.17578125 0.7734375 0.125 0.125
3 0.19921875 0.5859375 0.125 0.125
3 0.25 0.75390625 0.125 0.125
3 0.34375 0.58984375 0.125 0.125
3 0.37890625 0.69921875 0.125 0.125
3 0.45703125 0.68359375 0.125 0.125
3 0.54296875 0.515625 0.125 0.125
3 0.54296875 0.99609375 0.125 0.125
3 0.65625 0.62890625 0.125 0.125
1 0.72265625 0.6015625 0.125 0.125
1 0.85546875 0.54296875 0.125 0.125
1 0.87890625 0.89453125 0.125 0.125
