3 0.171875 0.4296875 0.125 0.125
3 0.45703125 0.2109375 0.125 0.125
3 0.4921875 0.35546875 0.125 0.125
1 0.06640625 0.3046875 0.125 0.125
1 0.12109375 0.296875 0.125 0.125
1 0.1953125 0.28515625 0.125 0.125
1 0.2578125 0.26953125 0.125 0.125
1 0.28125 0.39453125 0.125 0.125
1 0.32421875 0.25390625 0.125 0.125
1 0.35546875 0.39453125 0.125 0.125
1 0.38671875 0.234375 0.125 0.125
1 0.43359375 0.37890625 0.125 0.125
3 0.51953125 0.19140625 0.125 0.125
3 0.55859375 0.3359375 0.125 0.125
3 0.59375 0.171875 0.125 0.125
3 0.625 0.3203125 0.125 0.125
3 0.65625 0.16015625 0.125 0.125
3 0.68359375 0.28515625 0.125 0.125
3 0.71875 0.14453125 0.125 0.125
3 0.75390625 0.26953125 0.125 0.125
3 0.78125 0.125 0.125 0.125
3 0.8203125 0.26171875 0.125 0.125
3 0.84375 0.109375 0.125 0.125
3 0.90625 0.09375 0.125 0.125
1 0.87890625 0.24609375 0.125 0.125
1 0.9453125 0.2265625 0.125 0.125
1 0.96875 0.0546875 0.125 0.125
3 0.28125 0.83203125 0.125 0.125
1 0.29296875 0.69140625 0.125 0.125
1 0.4375 0.69140625 0.125 0.125
3 0.59375 0.7578125 0.125 0.125
3 0.66015625 0.7265625 0.125 0.125
3 0.73046875 0.70703125 0.125 0.125
3 0.93359375 0.65234375 0.125 0.125
1 0.55859375 0.62890625 0.125 0.125
1 0.86328125 0.8359375 0.125 0.125
2 0.51953125 0.69140625 0.125 0.125
