3 0.0859375 0.06640625 0.125 0.125
3 0.109375 0.140625 0.125 0.125
3 0.1328125 0.203125 0.125 0.125
3 0.14453125 0.27734375 0.125 0.125
3 0.18359375 0.41015625 0.125 0.125
1 0.046875 0.01171875 0.125 0.125
1 0.1640625 0.3359375 0.125 0.125
3 0.3125 0.8125 0.125 0.125
3 0.34375 0.875 0.125 0.125
1 0.00390625 0.75390625 0.125 0.125
1 0.015625 0.83203125 0.125 0.125
1 0.0546875 0.8984375 0.125 0.125
1 0.05859375 0.97265625 0.125 0.125
1 0.23046875 0.5546875 0.125 0.125
1 0.2578125 0.625 0.125 0.125
1 0.265625 0.68359375 0.125 0.125
1 0.2890625 0.75390625 0.125 0.125
1 0.3671875 0.96484375 0.125 0.125
1 0.53515625 0.9140625 0.125 0.125
1 0.85546875 0.60546875 0.125 0.125
