3 0.0234375 0.21875 0.125 0.125
3 0.109375 0.20703125 0.125 0.125
3 0.15234375 0.03125 0.125 0.125
3 0.18359375 0.1796875 0.125 0.125
3 0.359375 0.4765625 0.125 0.125
3 0.38671875 0.1171875 0.125 0.125
3 0.4140625 0.45703125 0.125 0.125
3 0.4453125 0.09375 0.125 0.125
3 0.48046875 0.4296875 0.125 0.125
1 0.25 0.16796875 0.125 0.125
1 0.2734375 0.48828125 0.125 0.125
1 0.3125 0.1484375 0.125 0.125
3 0.5234375 0.078125 0.125 0.125
3 0.60546875 0.06640625 0.125 0.125
3 0.69140625 0.38671875 0.125 0.125
3 0.72265625 0.0 0.125 0.125
3 0.8515625 0.33203125 0.125 0.125
3 0.921875 0.3125 0.125 0.125
1 0.546875 0.4140625 0.125 0.125
1 0.6171875 0.3984375 0.125 0.125
1 0.65625 0.015625 0.125 0.125
1 0.76171875 0.3671875 0.125 0.125
1 0.98046875 0.2890625 0.125 0.125
3 0.00390625 0.58984375 0.125 0.125
3 0.0703125 0.55859375 0.125 0.125
3 0.14453125 0.5390625 0.125 0.125
3 0.31640625 0.63671875 0.125 0.125
3 0.4609375 0.59765625 0.125 0.125
1 0.046875 0.72265625 0.125 0.125
1 0.203125 0.5234375 0.125 0.125
1 0.25 0.66015625 0.125 0.125
1 0.265625 0.96875 0.125 0.125
1 0.33203125 0.9453125 0.125 0.125
3 0.51953125 0.5703125 0.125 0.125
3 0.6640625 0.546875 0.125 0.125
1 0.59375 0.55859375 0.125 0.125
