1 0.05078125 0.0859375 0.125 0.125
1 0.0546875 0.06640625 0.125 0.125
1 0.1171875 0.0546875 0.125 0.125
1 0.34375 0.0234375 0.125 0.125
3 0.00390625 0.6171875 0.125 0.125
3 0.0234375 0.9921875 0.125 0.125
3 0.078125 0.59375 0.125 0.125
3 0.15234375 0.58203125 0.125 0.125
3 0.3203125 0.91796875 0.125 0.125
3 0.375 0.86328125 0.125 0.125
1 0.21484375 0.5390625 0.125 0.125
1 0.2421875 0.921875 0.125 0.125
1 0.4453125 0.875 0.125 0.125
3 0.51953125 0.82421875 0.125 0.125
3 0.59375 0.8046875 0.125 0.125
3 0.7265625 0.78515625 0.125 0.125
3 0.8203125 0.7421875 0.125 0.125
