3 0.19921875 0.078125 0.125 0.125
1 0.23828125 0.22265625 0.125 0.125
1 0.296875 0.38671875 0.125 0.125
1 0.80859375 0.453125 0.125 0.125
3 0.50390625 0.640625 0.125 0.125
3 0.546875 0.7890625 0.125 0.125
3 0.5703125 0.84765625 0.125 0.125
3 0.6171875 0.9921875 0.125 0.125
3 0.8515625 0.51953125 0.125 0.125
3 0.8515625 0.5859375 0.125 0.125
3 0.921875 0.71875 0.125 0.125
3 0.93359375 0.8046875 0.125 0.125
3 0.9765625 0.92578125 0.125 0.125
2 0.5234375 0.7109375 0.125 0.125
1 0.50390625 0.640625 0.125 0.125
1 0.59765625 0.92578125 0.125 0.125
1 0.8828125 0.6640625 0.125 0.125
