3 0.0390625 0.41796875 0.125 0.125
3 0.4765625 0.0390625 0.125 0.125
3 0.51171875 0.09765625 0.125 0.125
3 0.53125 0.23828125 0.125 0.125
3 0.5390625 0.1640625 0.125 0.125
3 0.56640625 0.30078125 0.125 0.125
3 0.58984375 0.3671875 0.125 0.125
3 0.8515625 0.00390625 0.125 0.125
3 0.87109375 0.07421875 0.125 0.125
3 0.91796875 0.20703125 0.125 0.125
3 0.94140625 0.2734375 0.125 0.125
1 0.94140625 0.33984375 0.125 0.125
3 0.1328125 0.73046875 0.125 0.125
2 0.48828125 0.86328125 0.125 0.125
1 0.08984375 0.5703125 0.125 0.125
