3 0.03515625 0.04296875 0.125 0.125
3 0.19921875 0.07421875 0.125 0.125
3 0.19921875 0.16015625 0.125 0.125
3 0.203125 0.45703125 0.125 0.125
3 0.296875 0.16015625 0.125 0.125
3 0.33984375 0.4140625 0.125 0.125
3 0.49609375 0.3671875 0.125 0.125
1 0.22265625 0.31640625 0.125 0.125
1 0.37890625 0.125 0.125 0.125
1 0.4453125 0.0859375 0.125 0.125
4 0.71484375 0.05859375 0.125 0.125
3 0.7890625 0.03125 0.125 0.125
3 0.80078125 0.2734375 0.125 0.125
1 0.65625 0.3203125 0.125 0.125
1 0.9296875 0.21875 0.125 0.125
