4 0.34375 0.17578125 0.125 0.125
3 0.0390625 0.01171875 0.125 0.125
3 0.3671875 0.25 0.125 0.125
3 0.44921875 0.4609375 0.125 0.125
1 0.3359375 0.1171875 0.125 0.125
1 0.3984375 0.3203125 0.125 0.125
1 0.42578125 0.390625 0.125 0.125
3 0.76171875 0.0703125 0.125 0.125
3 0.84375 0.2734375 0.125 0.125
3 0.921875 0.40234375 0.125 0.125
1 0.8046875 0.140625 0.125 0.125
1 0.91015625 0.171875 0.125 0.125
1 0.9453125 0.30859375 0.125 0.125
1 0.953125 0.4609375 0.125 0.125
3 0.4609375 0.53125 0.125 0.125
4 0.90234375 0.76953125 0.125 0.125
3 0.6875 0.84375 0.125 0.125
1 0.84375 0.8125 0.125 0.125
1 0.984375 0.75 0.125 0.125
