3 0.1796875 0.1953125 0.125 0.125
3 0.3125 0.3203125 0.125 0.125
3 0.33203125 0.13671875 0.125 0.125
3 0.38671875 0.30078125 0.125 0.125
3 0.0078125 0.16015625 0.125 0.125
1 0.0 0.23828125 0.125 0.125
1 0.1171875 0.37890625 0.125 0.125
1 0.19140625 0.34765625 0.125 0.125
1 0.44921875 0.2578125 0.125 0.125
3 0.5 0.08984375 0.125 0.125
3 0.5234375 0.2421875 0.125 0.125
3 0.578125 0.19140625 0.125 0.125
3 0.67578125 0.02734375 0.125 0.125
3 0.91015625 0.484375 0.125 0.125
3 0.91796875 0.125 0.125 0.125
3 0.97265625 0.4609375 0.125 0.125
3 0.984375 0.06640625 0.125 0.125
1 0.71484375 0.16796875 0.125 0.125
1 0.765625 0.15234375 0.125 0.125
1 0.8359375 0.140625 0.125 0.125
3 0.1171875 0.7265625 0.125 0.125
3 0.1875 0.70703125 0.125 0.125
3 0.2578125 0.6875 0.125 0.125
3 0.32421875 0.65625 0.125 0.125
3 0.36328125 0.79296875 0.125 0.125
3 0.04296875 0.73046875 0.125 0.125
1 0.42578125 0.6328125 0.125 0.125
1 0.4921875 0.62890625 0.125 0.125
3 0.52734375 0.74609375 0.125 0.125
3 0.5546875 0.59375 0.125 0.125
3 0.640625 0.59375 0.125 0.125
3 0.703125 0.5546875 0.125 0.125
3 0.7578125 0.98828125 0.125 0.125
3 0.8125 0.64453125 0.125 0.125
3 0.88671875 0.6484375 0.125 0.125
1 0.59375 0.7265625 0.125 0.125
1 0.7578125 0.53125 0.125 0.125
1 0.83203125 0.5 0.125 0.125
1 0.890625 0.92578125 0.125 0.125
