1 0.28515625 0.12890625 0.125 0.125
1 0.30078125 0.41015625 0.125 0.125
1 0.31640625 0.48828125 0.125 0.125
1 0.3984375 0.109375 0.125 0.125
1 0.4765625 0.08984375 0.125 0.125
1 0.0859375 0.203125 0.125 0.125
1 0.15234375 0.17578125 0.125 0.125
1 0.2265625 0.16015625 0.125 0.125
2 0.78515625 0.390625 0.125 0.125
1 0.578125 0.0546875 0.125 0.125
1 0.6640625 0.0390625 0.125 0.125
3 0.0546875 0.83984375 0.125 0.125
3 0.0703125 0.91015625 0.125 0.125
3 0.359375 0.5625 0.125 0.125
3 0.41796875 0.8203125 0.125 0.125
1 0.36328125 0.62890625 0.125 0.125
1 0.39453125 0.75390625 0.125 0.125
1 0.4296875 0.89453125 0.125 0.125
1 0.0078125 0.71484375 0.125 0.125
1 0.03515625 0.7734375 0.125 0.125
3 0.5 0.5703125 0.125 0.125
3 0.58203125 0.92578125 0.125 0.125
1 0.85546875 0.78515625 0.125 0.125
1 0.89453125 0.69921875 0.125 0.125
