4 0.0234375 0.45703125 0.125 0.125
3 0.4609375 0.25390625 0.125 0.125
3 0.734375 0.1875 0.125 0.125
3 0.78125 0.33203125 0.125 0.125
3 0.8046875 0.16015625 0.125 0.125
3 0.875 0.12890625 0.125 0.125
3 0.91796875 0.2734375 0.125 0.125
3 0.9453125 0.12109375 0.125 0.125
3 0.52734375 0.25390625 0.125 0.125
3 0.57421875 0.3828125 0.125 0.125
3 0.6484375 0.38671875 0.125 0.125
1 0.60546875 0.23828125 0.125 0.125
1 0.6796875 0.20703125 0.125 0.125
1 0.71484375 0.359375 0.125 0.125
1 0.859375 0.296875 0.125 0.125
3 0.23046875 0.80859375 0.125 0.125
3 0.38671875 0.640625 0.125 0.125
3 0.484375 0.953125 0.125 0.125
1 0.0703125 0.625 0.125 0.125
1 0.10546875 0.74609375 0.125 0.125
1 0.4375 0.8046875 0.125 0.125
4 0.87109375 0.60546875 0.125 0.125
3 0.796875 0.6171875 0.125 0.125
1 0.64453125 0.65625 0.125 0.125
1 0.734375 0.640625 0.125 0.125
1 0.9296875 0.56640625 0.125 0.125
