4 0.4921875 0.19921875 0.125 0.125
3 0.0859375 0.0234375 0.125 0.125
3 0.11328125 0.0859375 0.125 0.125
3 0.1796875 0.30859375 0.125 0.125
3 0.42578125 0.0 0.125 0.125
3 0.4453125 0.06640625 0.125 0.125
1 0.12890625 0.16796875 0.125 0.125
1 0.19921875 0.3671875 0.125 0.125
1 0.46875 0.13671875 0.125 0.125
4 0.578125 0.48828125 0.125 0.125
3 0.734375 0.0625 0.125 0.125
3 0.84375 0.05078125 0.125 0.125
3 0.84765625 0.40234375 0.125 0.125
1 0.50390625 0.27734375 0.125 0.125
1 0.52734375 0.35546875 0.125 0.125
3 0.625 0.62890625 0.125 0.125
3 0.65234375 0.6875 0.125 0.125
3 0.66796875 0.7578125 0.125 0.125
3 0.69921875 0.90234375 0.125 0.125
3 0.9140625 0.58203125 0.125 0.125
1 0.69921875 0.828125 0.125 0.125
