3 0.28125 0.31640625 0.125 0.125
3 0.31640625 0.38671875 0.125 0.125
3 0.33984375 0.44921875 0.125 0.125
3 0.86328125 0.23828125 0.125 0.125
3 0.8828125 0.3046875 0.125 0.125
3 0.90625 0.37109375 0.125 0.125
2 0.8671875 0.15625 0.125 0.125
3 0.3515625 0.5390625 0.125 0.125
3 0.48046875 0.9453125 0.125 0.125
1 0.3515625 0.61328125 0.125 0.125
1 0.3984375 0.6640625 0.125 0.125
1 0.41796875 0.7265625 0.125 0.125
1 0.4296875 0.796875 0.125 0.125
1 0.4609375 0.87109375 0.125 0.125
4 0.78125 0.8203125 0.125 0.125
3 0.71484375 0.84765625 0.125 0.125
3 0.85546875 0.8203125 0.125 0.125
3 0.984375 0.76953125 0.125 0.125
1 0.6484375 0.87109375 0.125 0.125
1 0.921875 0.796875 0.125 0.125
