3 0.03515625 0.1875 0.125 0.125
1 0.15625 0.23828125 0.125 0.125
3 0.99609375 0.0234375 0.125 0.125
3 0.52734375 0.29296875 0.125 0.125
3 0.05078125 0.66015625 0.125 0.125
3 0.12109375 0.64453125 0.125 0.125
3 0.21875 0.9921875 0.125 0.125
3 0.27734375 0.82421875 0.125 0.125
3 0.28515625 0.95703125 0.125 0.125
3 0.3359375 0.94921875 0.125 0.125
3 0.421875 0.53515625 0.125 0.125
1 0.1328125 0.8671875 0.125 0.125
1 0.140625 0.78125 0.125 0.125
1 0.1875 0.6171875 0.125 0.125
1 0.2734375 0.64453125 0.125 0.125
1 0.33984375 0.6484375 0.125 0.125
3 0.51171875 0.5625 0.125 0.125
1 0.52734375 0.67578125 0.125 0.125
1 0.53515625 0.73046875 0.125 0.125
1 0.6015625 0.5703125 0.125 0.125
