4 0.17578125 0.4765625 0.125 0.125
4 0.30078125 0.18359375 0.125 0.125
3 0.0078125 0.2734375 0.125 0.125
3 0.07421875 0.0703125 0.125 0.125
3 0.1328125 0.23828125 0.125 0.125
3 0.28515625 0.0390625 0.125 0.125
3 0.2890625 0.11328125 0.125 0.125
3 0.4140625 0.11328125 0.125 0.125
3 0.484375 0.08203125 0.125 0.125
1 0.02734375 0.33984375 0.125 0.125
1 0.1640625 0.04296875 0.125 0.125
1 0.20703125 0.20703125 0.125 0.125
1 0.359375 0.2421875 0.125 0.125
1 0.359375 0.42578125 0.125 0.125
3 0.68359375 0.0546875 0.125 0.125
3 0.7109375 0.1328125 0.125 0.125
2 0.99609375 0.2109375 0.125 0.125
1 0.54296875 0.0390625 0.125 0.125
1 0.73046875 0.3046875 0.125 0.125
