1 0.4140625 0.44921875 0.125 0.125
3 0.0 0.58984375 0.125 0.125
3 0.0234375 0.7421875 0.125 0.125
3 0.078125 0.69140625 0.125 0.125
3 0.17578125 0.52734375 0.125 0.125
3 0.41015625 0.984375 0.125 0.125
3 0.41796875 0.625 0.125 0.125
3 0.47265625 0.9609375 0.125 0.125
3 0.484375 0.56640625 0.125 0.125
1 0.21484375 0.66796875 0.125 0.125
1 0.265625 0.65234375 0.125 0.125
1 0.3359375 0.640625 0.125 0.125
4 0.609375 0.8984375 0.125 0.125
3 0.54296875 0.9453125 0.125 0.125
3 0.66796875 0.5390625 0.125 0.125
3 0.6875 0.8984375 0.125 0.125
3 0.75390625 0.875 0.125 0.125
3 0.8515625 0.86328125 0.125 0.125
1 0.59765625 0.55078125 0.125 0.125
1 0.7265625 0.50390625 0.125 0.125
