4 0.03125 0.796875 0.125 0.125
3 0.1484375 0.76953125 0.125 0.125
3 0.15234375 0.78125 0.125 0.125
1 0.03125 0.796875 0.125 0.125
1 0.22265625 0.73828125 0.125 0.125
3 0.58984375 0.6328125 0.125 0.125
3 0.66796875 0.6171875 0.125 0.125
3 0.6953125 0.98828125 0.125 0.125
3 0.7578125 0.95703125 0.125 0.125
3 0.83984375 0.921875 0.125 0.125
3 0.8671875 0.58984375 0.125 0.125
3 0.921875 0.89453125 0.125 0.125
3 0.9609375 0.5546875 0.125 0.125
3 0.97265625 0.859375 0.125 0.125
1 0.6953125 0.98828125 0.125 0.125
1 0.74609375 0.59765625 0.125 0.125
1 0.921875 0.89453125 0.125 0.125
1 0.97265625 0.859375 0.125 0.125
