3 0.0390625 0.04296875 0.125 0.125
3 0.06640625 0.1015625 0.125 0.125
3 0.140625 0.46875 0.125 0.125
3 0.390625 0.14453125 0.125 0.125
3 0.41796875 0.21875 0.125 0.125
3 0.4375 0.2890625 0.125 0.125
3 0.4453125 0.34765625 0.125 0.125
3 0.484375 0.03515625 0.125 0.125
3 0.484375 0.48828125 0.125 0.125
1 0.06640625 0.171875 0.125 0.125
1 0.08984375 0.234375 0.125 0.125
1 0.1171875 0.3125 0.125 0.125
1 0.1484375 0.3828125 0.125 0.125
1 0.34765625 0.01171875 0.125 0.125
1 0.45703125 0.4140625 0.125 0.125
4 0.5390625 0.2421875 0.125 0.125
4 0.90234375 0.36328125 0.125 0.125
3 0.51171875 0.10546875 0.125 0.125
3 0.57421875 0.37109375 0.125 0.125
3 0.796875 0.01953125 0.125 0.125
3 0.8359375 0.08203125 0.125 0.125
3 0.84765625 0.1640625 0.125 0.125
3 0.93359375 0.42578125 0.125 0.125
1 0.53125 0.1640625 0.125 0.125
1 0.57421875 0.3046875 0.125 0.125
1 0.6015625 0.44921875 0.125 0.125
1 0.875 0.23046875 0.125 0.125
1 0.890625 0.2890625 0.125 0.125
1 0.96484375 0.046875 0.125 0.125
1 0.98046875 0.12890625 0.125 0.125
1 0.9921875 0.265625 0.125 0.125
4 0.265625 0.78125 0.125 0.125
4 0.28515625 0.85546875 0.125 0.125
3 0.29296875 0.9140625 0.125 0.125
3 0.3203125 0.99609375 0.125 0.125
2 0.1953125 0.66015625 0.125 0.125
1 0.1484375 0.5234375 0.125 0.125
1 0.16796875 0.58984375 0.125 0.125
1 0.2265625 0.71875 0.125 0.125
4 0.51953125 0.703125 0.125 0.125
4 0.671875 0.73046875 0.125 0.125
3 0.50390625 0.55859375 0.125 0.125
3 0.546875 0.76953125 0.125 0.125
3 0.6328125 0.58203125 0.125 0.125
3 0.65625 0.6484375 0.125 0.125
3 0.6953125 0.80078125 0.125 0.125
3 0.73046875 0.8828125 0.125 0.125
3 0.98046875 0.56640625 0.125 0.125
3 0.9921875 0.640625 0.125 0.125
1 0.51953125 0.62109375 0.125 0.125
1 0.5625 0.8359375 0.125 0.125
1 0.59765625 0.91796875 0.125 0.125
1 0.60546875 0.5234375 0.125 0.125
1 0.95703125 0.5 0.125 0.125
