3 0.00390625 0.08984375 0.125 0.125
3 0.0703125 0.05859375 0.125 0.125
3 0.14453125 0.0390625 0.125 0.125
3 0.31640625 0.13671875 0.125 0.125
3 0.4609375 0.09765625 0.125 0.125
1 0.046875 0.22265625 0.125 0.125
1 0.203125 0.0234375 0.125 0.125
1 0.25 0.16015625 0.125 0.125
1 0.265625 0.46875 0.125 0.125
1 0.33203125 0.4453125 0.125 0.125
3 0.51953125 0.0703125 0.125 0.125
3 0.6640625 0.046875 0.125 0.125
1 0.59375 0.05859375 0.125 0.125
3 0.0078125 0.5625 0.125 0.125
3 0.07421875 0.54296875 0.125 0.125
1 0.04296875 0.67578125 0.125 0.125
1 0.13671875 0.5078125 0.125 0.125
