1 0.0546875 0.45703125 0.125 0.125
4 0.68359375 0.26953125 0.125 0.125
1 0.59375 0.37890625 0.125 0.125
1 0.62890625 0.09765625 0.125 0.125
3 0.0546875 0.98828125 0.125 0.125
3 0.08203125 0.82421875 0.125 0.125
3 0.23046875 0.57421875 0.125 0.125
3 0.26171875 0.63671875 0.125 0.125
3 0.27734375 0.7109375 0.125 0.125
3 0.28125 0.8125 0.125 0.125
3 0.30078125 0.88671875 0.125 0.125
2 0.3125 0.9765625 0.125 0.125
1 0.0078125 0.83984375 0.125 0.125
1 0.11328125 0.9609375 0.125 0.125
4 0.890625 0.96875 0.125 0.125
