3 0.09375 0.1796875 0.125 0.125
3 0.1484375 0.12890625 0.125 0.125
3 0.1953125 0.26953125 0.125 0.125
3 0.20703125 0.1015625 0.125 0.125
3 0.26953125 0.25 0.125 0.125
3 0.33203125 0.04296875 0.125 0.125
3 0.34765625 0.22265625 0.125 0.125
3 0.484375 0.0234375 0.125 0.125
1 0.0078125 0.171875 0.125 0.125
1 0.0546875 0.2890625 0.125 0.125
3 0.546875 0.1640625 0.125 0.125
3 0.57421875 0.47265625 0.125 0.125
3 0.6015625 0.13671875 0.125 0.125
3 0.671875 0.1171875 0.125 0.125
3 0.80078125 0.05859375 0.125 0.125
1 0.51171875 0.4921875 0.125 0.125
1 0.83984375 0.36328125 0.125 0.125
1 0.953125 0.45703125 0.125 0.125
4 0.171875 0.609375 0.125 0.125
3 0.19921875 0.96484375 0.125 0.125
1 0.0546875 0.85546875 0.125 0.125
1 0.13671875 0.92578125 0.125 0.125
1 0.234375 0.55859375 0.125 0.125
1 0.33984375 0.6796875 0.125 0.125
1 0.375 0.54296875 0.125 0.125
1 0.41015625 0.66796875 0.125 0.125
1 0.48828125 0.63671875 0.125 0.125
3 0.765625 0.81640625 0.125 0.125
1 0.73828125 0.53515625 0.125 0.125
