1 0.0 0.23828125 0.125 0.125
1 0.015625 0.3046875 0.125 0.125
1 0.39453125 0.31640625 0.125 0.125
1 0.46875 0.28515625 0.125 0.125
3 0.60546875 0.2109375 0.125 0.125
3 0.69921875 0.4765625 0.125 0.125
3 0.8671875 0.07421875 0.125 0.125
3 0.875 0.4375 0.125 0.125
1 0.53515625 0.25390625 0.125 0.125
1 0.65625 0.17578125 0.125 0.125
1 0.71875 0.12109375 0.125 0.125
1 0.9296875 0.02734375 0.125 0.125
3 0.1015625 0.796875 0.125 0.125
3 0.12109375 0.7109375 0.125 0.125
3 0.328125 0.72265625 0.125 0.125
1 0.56640625 0.5234375 0.125 0.125
