4 0.13671875 0.45703125 0.125 0.125
3 0.015625 0.140625 0.125 0.125
3 0.0546875 0.2734375 0.125 0.125
3 0.07421875 0.328125 0.125 0.125
3 0.1953125 0.22265625 0.125 0.125
3 0.1953125 0.28125 0.125 0.125
3 0.2421875 0.34765625 0.125 0.125
3 0.25390625 0.09765625 0.125 0.125
3 0.26171875 0.41796875 0.125 0.125
3 0.34375 0.3359375 0.125 0.125
1 0.02734375 0.20703125 0.125 0.125
1 0.09765625 0.3984375 0.125 0.125
1 0.1171875 0.03125 0.125 0.125
1 0.14453125 0.0859375 0.125 0.125
1 0.15625 0.16015625 0.125 0.125
1 0.4140625 0.328125 0.125 0.125
1 0.47265625 0.29296875 0.125 0.125
3 0.67578125 0.22265625 0.125 0.125
3 0.74609375 0.21484375 0.125 0.125
3 0.80859375 0.17578125 0.125 0.125
3 0.97265625 0.15234375 0.125 0.125
1 0.546875 0.2734375 0.125 0.125
1 0.62109375 0.26171875 0.125 0.125
3 0.01171875 0.50390625 0.125 0.125
