3 0.0234375 0.078125 0.125 0.125
3 0.10546875 0.06640625 0.125 0.125
3 0.19140625 0.38671875 0.125 0.125
3 0.22265625 0.0 0.125 0.125
3 0.3515625 0.33203125 0.125 0.125
3 0.421875 0.3125 0.125 0.125
1 0.046875 0.4140625 0.125 0.125
1 0.1171875 0.3984375 0.125 0.125
1 0.15625 0.015625 0.125 0.125
1 0.26171875 0.3671875 0.125 0.125
1 0.48046875 0.2890625 0.125 0.125
3 0.6171875 0.2421875 0.125 0.125
1 0.56640625 0.27734375 0.125 0.125
1 0.68359375 0.19140625 0.125 0.125
1 0.75390625 0.16015625 0.125 0.125
1 0.921875 0.24609375 0.125 0.125
3 0.01953125 0.5703125 0.125 0.125
3 0.1640625 0.546875 0.125 0.125
1 0.09375 0.55859375 0.125 0.125
