3 0.48828125 0.13671875 0.125 0.125
1 0.0234375 0.296875 0.125 0.125
1 0.40625 0.33984375 0.125 0.125
1 0.4609375 0.484375 0.125 0.125
1 0.484375 0.46875 0.125 0.125
3 0.7734375 0.3046875 0.125 0.125
3 0.77734375 0.05859375 0.125 0.125
3 0.8046875 0.4453125 0.125 0.125
1 0.5546875 0.08203125 0.125 0.125
3 0.06640625 0.8203125 0.125 0.125
3 0.34765625 0.51171875 0.125 0.125
3 0.46484375 0.9453125 0.125 0.125
3 0.4765625 0.546875 0.125 0.125
1 0.125 0.96875 0.125 0.125
3 0.55859375 0.765625 0.125 0.125
3 0.84765625 0.65625 0.125 0.125
3 0.99609375 0.6015625 0.125 0.125
3 0.99609375 0.6015625 0.125 0.125
1 0.81640625 0.515625 0.125 0.125
1 0.9140625 0.7890625 0.125 0.125
1 0.9140625 0.7890625 0.125 0.125
1 0.9140625 0.8671875 0.125 0.125
1 0.9140625 0.8671875 0.125 0.125
1 0.9609375 0.9296875 0.125 0.125
1 0.9609375 0.9296875 0.125 0.125
1 0.98828125 0.5390625 0.125 0.125
1 0.53125 0.609375 0.125 0.125
1 0.609375 0.96484375 0.125 0.125
