3 0.734375 0.49609375 0.125 0.125
1 0.796875 0.44921875 0.125 0.125
3 0.08984375 0.6328125 0.125 0.125
3 0.16796875 0.6171875 0.125 0.125
3 0.1953125 0.98828125 0.125 0.125
3 0.2578125 0.95703125 0.125 0.125
3 0.33984375 0.921875 0.125 0.125
3 0.3671875 0.58984375 0.125 0.125
3 0.421875 0.89453125 0.125 0.125
3 0.4609375 0.5546875 0.125 0.125
3 0.47265625 0.859375 0.125 0.125
1 0.1953125 0.98828125 0.125 0.125
1 0.24609375 0.59765625 0.125 0.125
1 0.421875 0.89453125 0.125 0.125
1 0.47265625 0.859375 0.125 0.125
3 0.5625 0.5625 0.125 0.125
3 0.64453125 0.5546875 0.125 0.125
