3 0.05078125 0.40234375 0.125 0.125
3 0.41796875 0.3125 0.125 0.125
3 0.421875 0.39453125 0.125 0.125
3 0.45703125 0.0078125 0.125 0.125
1 0.02734375 0.328125 0.125 0.125
1 0.390625 0.25 0.125 0.125
1 0.4453125 0.4453125 0.125 0.125
4 0.7734375 0.0078125 0.125 0.125
4 0.80078125 0.09375 0.125 0.125
4 0.83984375 0.16796875 0.125 0.125
3 0.85546875 0.24609375 0.125 0.125
1 0.5078125 0.12109375 0.125 0.125
1 0.546875 0.2109375 0.125 0.125
1 0.5625 0.3515625 0.125 0.125
1 0.5859375 0.421875 0.125 0.125
1 0.61328125 0.4921875 0.125 0.125
1 0.9140625 0.3828125 0.125 0.125
1 0.9140625 0.45703125 0.125 0.125
3 0.05859375 0.53125 0.125 0.125
3 0.10546875 0.60546875 0.125 0.125
3 0.11328125 0.69140625 0.125 0.125
3 0.13671875 0.765625 0.125 0.125
3 0.46875 0.52734375 0.125 0.125
3 0.4921875 0.58984375 0.125 0.125
1 0.16015625 0.84375 0.125 0.125
1 0.1796875 0.9140625 0.125 0.125
3 0.5078125 0.65625 0.125 0.125
3 0.52734375 0.7265625 0.125 0.125
3 0.5390625 0.79296875 0.125 0.125
3 0.54296875 0.8671875 0.125 0.125
3 0.54296875 0.9375 0.125 0.125
3 0.6328125 0.5703125 0.125 0.125
1 0.91015625 0.5390625 0.125 0.125
