3 0.19140625 0.203125 0.125 0.125
3 0.22265625 0.33984375 0.125 0.125
3 0.25 0.4140625 0.125 0.125
3 0.359375 0.2265625 0.125 0.125
1 0.16796875 0.12890625 0.125 0.125
1 0.21484375 0.28515625 0.125 0.125
1 0.3203125 0.16015625 0.125 0.125
1 0.37890625 0.296875 0.125 0.125
2 0.30859375 0.7578125 0.125 0.125
2 0.39453125 0.77734375 0.125 0.125
3 0.7421875 0.62109375 0.125 0.125
3 0.92578125 0.890625 0.125 0.125
1 0.69921875 0.9921875 0.125 0.125
1 0.85546875 0.9296875 0.125 0.125
1 0.90625 0.5625 0.125 0.125
