3 0.03125 0.64453125 0.125 0.125
3 0.046875 0.72265625 0.125 0.125
3 0.12109375 0.94140625 0.125 0.125
3 0.1328125 0.53515625 0.125 0.125
3 0.15625 0.609375 0.125 0.125
3 0.234375 0.8125 0.125 0.125
1 0.09765625 0.7890625 0.125 0.125
1 0.11328125 0.87109375 0.125 0.125
1 0.19140625 0.66796875 0.125 0.125
1 0.25 0.8984375 0.125 0.125
1 0.4765625 0.5703125 0.125 0.125
1 0.48828125 0.65234375 0.125 0.125
3 0.52734375 0.81640625 0.125 0.125
3 0.54296875 0.8828125 0.125 0.125
3 0.578125 0.94140625 0.125 0.125
2 0.51171875 0.72265625 0.125 0.125
