4 0.234375 0.44921875 0.125 0.125
3 0.48828125 0.36328125 0.125 0.125
3 0.09375 0.41015625 0.125 0.125
3 0.109375 0.48046875 0.125 0.125
1 0.2421875 0.37109375 0.125 0.125
4 0.53515625 0.4296875 0.125 0.125
1 0.984375 0.28515625 0.125 0.125
4 0.14453125 0.640625 0.125 0.125
3 0.16015625 0.6953125 0.125 0.125
3 0.203125 0.8359375 0.125 0.125
3 0.21875 0.8984375 0.125 0.125
3 0.28515625 0.58203125 0.125 0.125
3 0.3046875 0.65234375 0.125 0.125
3 0.3515625 0.78515625 0.125 0.125
3 0.36328125 0.8515625 0.125 0.125
3 0.41796875 0.9921875 0.125 0.125
1 0.1875 0.7578125 0.125 0.125
1 0.2421875 0.515625 0.125 0.125
1 0.2578125 0.96875 0.125 0.125
1 0.3125 0.71484375 0.125 0.125
1 0.40625 0.91796875 0.125 0.125
3 0.5859375 0.56640625 0.125 0.125
3 0.609375 0.640625 0.125 0.125
3 0.6328125 0.703125 0.125 0.125
3 0.64453125 0.77734375 0.125 0.125
3 0.68359375 0.91015625 0.125 0.125
1 0.546875 0.51171875 0.125 0.125
1 0.6640625 0.8359375 0.125 0.125
