3 0.12109375 0.18359375 0.125 0.125
3 0.16796875 0.1640625 0.125 0.125
3 0.171875 0.33203125 0.125 0.125
3 0.23828125 0.15625 0.125 0.125
3 0.3046875 0.12890625 0.125 0.125
3 0.34375 0.26171875 0.125 0.125
3 0.375 0.11328125 0.125 0.125
3 0.4296875 0.0859375 0.125 0.125
1 0.03515625 0.375 0.125 0.125
1 0.05078125 0.20703125 0.125 0.125
1 0.09765625 0.34765625 0.125 0.125
1 0.23828125 0.3203125 0.125 0.125
3 0.02734375 0.796875 0.125 0.125
3 0.09375 0.7578125 0.125 0.125
3 0.234375 0.71875 0.125 0.125
3 0.37109375 0.6796875 0.125 0.125
3 0.42578125 0.66015625 0.125 0.125
3 0.45703125 0.96875 0.125 0.125
1 0.3046875 0.69921875 0.125 0.125
1 0.1640625 0.73828125 0.125 0.125
3 0.5234375 0.6171875 0.125 0.125
3 0.578125 0.59765625 0.125 0.125
