3 0.35546875 0.3828125 0.125 0.125
3 0.48828125 0.36328125 0.125 0.125
1 0.35546875 0.3828125 0.125 0.125
1 0.42578125 0.3828125 0.125 0.125
3 0.7734375 0.3828125 0.125 0.125
1 0.56640625 0.33984375 0.125 0.125
1 0.74609375 0.2578125 0.125 0.125
4 0.16015625 0.9375 0.125 0.125
3 0.12109375 0.8125 0.125 0.125
3 0.3828125 0.703125 0.125 0.125
3 0.4140625 0.84375 0.125 0.125
3 0.4375 0.68359375 0.125 0.125
3 0.48828125 0.8046875 0.125 0.125
1 0.09765625 0.95703125 0.125 0.125
1 0.16015625 0.9375 0.125 0.125
1 0.1875 0.77734375 0.125 0.125
1 0.25390625 0.7734375 0.125 0.125
1 0.29296875 0.91015625 0.125 0.125
1 0.4375 0.68359375 0.125 0.125
3 0.5078125 0.6640625 0.125 0.125
3 0.60546875 0.7734375 0.125 0.125
3 0.93359375 0.921875 0.125 0.125
3 0.953125 0.56640625 0.125 0.125
1 0.55078125 0.796875 0.125 0.125
1 0.88671875 0.7890625 0.125 0.125
