3 0.37890625 0.3828125 0.125 0.125
3 0.40625 0.4453125 0.125 0.125
3 0.4296875 0.125 0.125 0.125
1 0.05078125 0.3203125 0.125 0.125
1 0.296875 0.1015625 0.125 0.125
1 0.32421875 0.2421875 0.125 0.125
1 0.34765625 0.3125 0.125 0.125
1 0.484375 0.2578125 0.125 0.125
4 0.84375 0.40234375 0.125 0.125
3 0.7734375 0.16015625 0.125 0.125
3 0.79296875 0.23828125 0.125 0.125
1 0.53515625 0.3984375 0.125 0.125
1 0.5625 0.46875 0.125 0.125
3 0.109375 0.52734375 0.125 0.125
3 0.19140625 0.73046875 0.125 0.125
3 0.20703125 0.8046875 0.125 0.125
3 0.22265625 0.88671875 0.125 0.125
3 0.44140625 0.58203125 0.125 0.125
2 0.20703125 0.8046875 0.125 0.125
1 0.1328125 0.59765625 0.125 0.125
1 0.2578125 0.94921875 0.125 0.125
3 0.55859375 0.859375 0.125 0.125
3 0.58203125 0.54296875 0.125 0.125
3 0.640625 0.75 0.125 0.125
3 0.734375 0.96875 0.125 0.125
1 0.53515625 0.77734375 0.125 0.125
1 0.671875 0.828125 0.125 0.125
1 0.9140625 0.6953125 0.125 0.125
1 0.98828125 0.8125 0.125 0.125
