3 0.06640625 0.46875 0.125 0.125
3 0.1875 0.41796875 0.125 0.125
3 0.25390625 0.40625 0.125 0.125
3 0.3046875 0.3828125 0.125 0.125
3 0.38671875 0.3671875 0.125 0.125
1 0.44921875 0.35546875 0.125 0.125
3 0.5234375 0.32421875 0.125 0.125
1 0.59765625 0.30859375 0.125 0.125
4 0.49609375 0.56640625 0.125 0.125
3 0.0703125 0.6875 0.125 0.125
3 0.12890625 0.90234375 0.125 0.125
3 0.13671875 0.80859375 0.125 0.125
3 0.14453125 0.9609375 0.125 0.125
3 0.3671875 0.61328125 0.125 0.125
3 0.3671875 0.6796875 0.125 0.125
3 0.37890625 0.99609375 0.125 0.125
3 0.4375 0.8046875 0.125 0.125
3 0.44140625 0.89453125 0.125 0.125
1 0.10546875 0.73828125 0.125 0.125
1 0.37890625 0.74609375 0.125 0.125
1 0.04296875 0.6015625 0.125 0.125
4 0.98046875 0.80859375 0.125 0.125
3 0.50390625 0.62109375 0.125 0.125
3 0.72265625 0.9375 0.125 0.125
1 0.53125 0.70703125 0.125 0.125
1 0.54296875 0.77734375 0.125 0.125
1 0.5546875 0.84765625 0.125 0.125
