3 0.15625 0.296875 0.125 0.125
3 0.23046875 0.26953125 0.125 0.125
3 0.078125 0.328125 0.125 0.125
1 0.1953125 0.1328125 0.125 0.125
3 0.57421875 0.1875 0.125 0.125
1 0.92578125 0.30859375 0.125 0.125
1 0.92578125 0.4765625 0.125 0.125
3 0.1796875 0.7890625 0.125 0.125
1 0.046875 0.82421875 0.125 0.125
3 0.6171875 0.98828125 0.125 0.125
3 0.93359375 0.63671875 0.125 0.125
3 0.9453125 0.78515625 0.125 0.125
2 0.5859375 0.7734375 0.125 0.125
1 0.6171875 0.9140625 0.125 0.125
1 0.9453125 0.96484375 0.125 0.125
