4 0.49609375 0.06640625 0.125 0.125
3 0.0703125 0.1875 0.125 0.125
3 0.12890625 0.40234375 0.125 0.125
3 0.13671875 0.30859375 0.125 0.125
3 0.14453125 0.4609375 0.125 0.125
3 0.3671875 0.11328125 0.125 0.125
3 0.3671875 0.1796875 0.125 0.125
3 0.37890625 0.49609375 0.125 0.125
3 0.4375 0.3046875 0.125 0.125
3 0.44140625 0.39453125 0.125 0.125
1 0.10546875 0.23828125 0.125 0.125
1 0.37890625 0.24609375 0.125 0.125
1 0.04296875 0.1015625 0.125 0.125
4 0.98046875 0.30859375 0.125 0.125
3 0.50390625 0.12109375 0.125 0.125
3 0.72265625 0.4375 0.125 0.125
1 0.53125 0.20703125 0.125 0.125
1 0.54296875 0.27734375 0.125 0.125
1 0.5546875 0.34765625 0.125 0.125
3 0.1640625 0.546875 0.125 0.125
3 0.1796875 0.94140625 0.125 0.125
3 0.35546875 0.875 0.125 0.125
3 0.75 0.625 0.125 0.125
3 0.84375 0.64453125 0.125 0.125
3 0.890625 0.609375 0.125 0.125
1 0.859375 0.7734375 0.125 0.125
1 0.9609375 0.58984375 0.125 0.125
