4 0.4921875 0.1328125 0.125 0.125
3 0.421875 0.015625 0.125 0.125
3 0.4453125 0.0625 0.125 0.125
3 0.46875 0.21484375 0.125 0.125
4 0.67578125 0.4765625 0.125 0.125
4 0.80078125 0.18359375 0.125 0.125
3 0.5078125 0.2734375 0.125 0.125
3 0.57421875 0.0703125 0.125 0.125
3 0.6328125 0.23828125 0.125 0.125
3 0.78515625 0.0390625 0.125 0.125
3 0.7890625 0.11328125 0.125 0.125
3 0.9140625 0.11328125 0.125 0.125
3 0.984375 0.08203125 0.125 0.125
1 0.52734375 0.33984375 0.125 0.125
1 0.6640625 0.04296875 0.125 0.125
1 0.70703125 0.20703125 0.125 0.125
1 0.859375 0.2421875 0.125 0.125
1 0.859375 0.42578125 0.125 0.125
3 0.0703125 0.67578125 0.125 0.125
3 0.2734375 0.62109375 0.125 0.125
