4 0.3984375 0.34765625 0.125 0.125
3 0.03125 0.265625 0.125 0.125
3 0.0546875 0.41796875 0.125 0.125
3 0.33203125 0.36328125 0.125 0.125
3 0.484375 0.33984375 0.125 0.125
4 0.63671875 0.296875 0.125 0.125
4 0.70703125 0.2734375 0.125 0.125
3 0.796875 0.2421875 0.125 0.125
3 0.859375 0.21875 0.125 0.125
1 0.5625 0.31640625 0.125 0.125
3 0.14453125 0.8125 0.125 0.125
3 0.44140625 0.69921875 0.125 0.125
4 0.5703125 0.6171875 0.125 0.125
4 0.65625 0.6171875 0.125 0.125
4 0.82421875 0.57421875 0.125 0.125
4 0.95703125 0.515625 0.125 0.125
1 0.51171875 0.6484375 0.125 0.125
1 0.73046875 0.6171875 0.125 0.125
1 0.8828125 0.5234375 0.125 0.125
