3 0.328125 0.45703125 0.125 0.125
3 0.41015625 0.44921875 0.125 0.125
3 0.44921875 0.0625 0.125 0.125
1 0.1484375 0.26171875 0.125 0.125
1 0.2578125 0.4921875 0.125 0.125
1 0.3203125 0.21484375 0.125 0.125
1 0.4921875 0.44140625 0.125 0.125
3 0.5234375 0.078125 0.125 0.125
3 0.55078125 0.4140625 0.125 0.125
3 0.6015625 0.0546875 0.125 0.125
3 0.68359375 0.02734375 0.125 0.125
3 0.765625 0.01171875 0.125 0.125
3 0.78515625 0.33203125 0.125 0.125
3 0.921875 0.29296875 0.125 0.125
1 0.6171875 0.39453125 0.125 0.125
1 0.71875 0.35546875 0.125 0.125
1 0.859375 0.32421875 0.125 0.125
3 0.05078125 0.56640625 0.125 0.125
3 0.1640625 0.8359375 0.125 0.125
3 0.19140625 0.5 0.125 0.125
1 0.03515625 0.94921875 0.125 0.125
1 0.1171875 0.53515625 0.125 0.125
1 0.16796875 0.921875 0.125 0.125
