3 0.03125 0.39453125 0.125 0.125
3 0.05859375 0.453125 0.125 0.125
3 0.15625 0.28515625 0.125 0.125
3 0.1796875 0.34375 0.125 0.125
3 0.2109375 0.41796875 0.125 0.125
3 0.23046875 0.484375 0.125 0.125
1 0.03125 0.39453125 0.125 0.125
1 0.109375 0.0078125 0.125 0.125
1 0.11328125 0.234375 0.125 0.125
1 0.4375 0.0 0.125 0.125
1 0.51953125 0.0 0.125 0.125
3 0.0859375 0.52734375 0.125 0.125
3 0.1015625 0.58984375 0.125 0.125
3 0.11328125 0.66015625 0.125 0.125
3 0.13671875 0.79296875 0.125 0.125
3 0.1640625 0.859375 0.125 0.125
3 0.171875 0.92578125 0.125 0.125
3 0.30859375 0.8046875 0.125 0.125
3 0.34765625 0.8671875 0.125 0.125
3 0.3671875 0.9375 0.125 0.125
3 0.91015625 0.7109375 0.125 0.125
1 0.8515625 0.73828125 0.125 0.125
1 0.953125 0.5625 0.125 0.125
