3 0.08984375 0.1328125 0.125 0.125
3 0.16796875 0.1171875 0.125 0.125
3 0.1953125 0.48828125 0.125 0.125
3 0.2578125 0.45703125 0.125 0.125
3 0.33984375 0.421875 0.125 0.125
3 0.3671875 0.08984375 0.125 0.125
3 0.421875 0.39453125 0.125 0.125
3 0.4609375 0.0546875 0.125 0.125
3 0.47265625 0.359375 0.125 0.125
1 0.1953125 0.48828125 0.125 0.125
1 0.24609375 0.09765625 0.125 0.125
1 0.421875 0.39453125 0.125 0.125
1 0.47265625 0.359375 0.125 0.125
3 0.5625 0.0625 0.125 0.125
3 0.64453125 0.0546875 0.125 0.125
3 0.05078125 0.5390625 0.125 0.125
3 0.125 0.7421875 0.125 0.125
3 0.17578125 0.6796875 0.125 0.125
3 0.31640625 0.59375 0.125 0.125
1 0.17578125 0.6796875 0.125 0.125
1 0.23828125 0.62890625 0.125 0.125
1 0.31640625 0.59375 0.125 0.125
1 0.12890625 0.5234375 0.125 0.125
