4 0.296875 0.22265625 0.125 0.125
3 0.33984375 0.36328125 0.125 0.125
3 0.37109375 0.1953125 0.125 0.125
3 0.3984375 0.33984375 0.125 0.125
3 0.4375 0.1796875 0.125 0.125
1 0.45703125 0.3046875 0.125 0.125
1 0.48828125 0.15625 0.125 0.125
3 0.52734375 0.296875 0.125 0.125
3 0.59375 0.2578125 0.125 0.125
3 0.734375 0.21875 0.125 0.125
3 0.87109375 0.1796875 0.125 0.125
3 0.92578125 0.16015625 0.125 0.125
3 0.95703125 0.46875 0.125 0.125
1 0.8046875 0.19921875 0.125 0.125
1 0.6640625 0.23828125 0.125 0.125
2 0.82421875 0.50390625 0.125 0.125
