4 0.72265625 0.21875 0.125 0.125
4 0.72265625 0.21875 0.125 0.125
4 0.79296875 0.4453125 0.125 0.125
4 0.79296875 0.4453125 0.125 0.125
3 0.76953125 0.2890625 0.125 0.125
3 0.76953125 0.2890625 0.125 0.125
3 0.7734375 0.37109375 0.125 0.125
3 0.7734375 0.37109375 0.125 0.125
4 0.86328125 0.67578125 0.125 0.125
4 0.86328125 0.67578125 0.125 0.125
3 0.83203125 0.58984375 0.125 0.125
3 0.83203125 0.58984375 0.125 0.125
3 0.9140625 0.75 0.125 0.125
1 0.81640625 0.51171875 0.125 0.125
1 0.81640625 0.51171875 0.125 0.125
