3 0.09375 0.3203125 0.125 0.125
3 0.546875 0.4140625 0.125 0.125
3 0.375 0.734375 0.125 0.125
3 0.40234375 0.87109375 0.125 0.125
3 0.4140625 0.734375 0.125 0.125
1 0.296875 0.76953125 0.125 0.125
1 0.328125 0.9140625 0.125 0.125
1 0.42578125 0.6015625 0.125 0.125
4 0.57421875 0.83203125 0.125 0.125
4 0.59765625 0.90234375 0.125 0.125
4 0.625 0.9765625 0.125 0.125
4 0.90234375 0.65234375 0.125 0.125
3 0.5 0.69921875 0.125 0.125
3 0.70703125 0.6171875 0.125 0.125
3 0.9609375 0.53515625 0.125 0.125
1 0.765625 0.67578125 0.125 0.125
1 0.828125 0.5703125 0.125 0.125
