4 0.1484375 0.2265625 0.125 0.125
3 0.12109375 0.49609375 0.125 0.125
3 0.19140625 0.375 0.125 0.125
3 0.359375 0.41015625 0.125 0.125
1 0.1015625 0.08984375 0.125 0.125
3 0.74609375 0.05078125 0.125 0.125
3 0.8125 0.2578125 0.125 0.125
3 0.91015625 0.08203125 0.125 0.125
3 0.93359375 0.14453125 0.125 0.125
3 0.94921875 0.21484375 0.125 0.125
3 0.9765625 0.2734375 0.125 0.125
1 0.7578125 0.125 0.125 0.125
2 0.43359375 0.58984375 0.125 0.125
3 0.2265625 0.50390625 0.125 0.125
1 0.26171875 0.625 0.125 0.125
3 0.89453125 0.5234375 0.125 0.125
