4 0.1171875 0.37890625 0.125 0.125
4 0.31640625 0.296875 0.125 0.125
3 0.09765625 0.03515625 0.125 0.125
3 0.18359375 0.34375 0.125 0.125
3 0.234375 0.0 0.125 0.125
3 0.2421875 0.31640625 0.125 0.125
3 0.44921875 0.23828125 0.125 0.125
1 0.015625 0.05859375 0.125 0.125
1 0.16796875 0.01953125 0.125 0.125
1 0.38671875 0.29296875 0.125 0.125
4 0.59765625 0.19921875 0.125 0.125
3 0.53125 0.21875 0.125 0.125
4 0.97265625 0.55078125 0.125 0.125
3 0.90234375 0.72265625 0.125 0.125
3 0.96484375 0.703125 0.125 0.125
1 0.8984375 0.56640625 0.125 0.125
