3 0.32421875 0.33984375 0.125 0.125
3 0.46484375 0.30078125 0.125 0.125
1 0.25 0.37890625 0.125 0.125
3 0.546875 0.28125 0.125 0.125
3 0.69140625 0.2421875 0.125 0.125
3 0.81640625 0.20703125 0.125 0.125
1 0.89453125 0.1640625 0.125 0.125
1 0.9375 0.49609375 0.125 0.125
3 0.4140625 0.6640625 0.125 0.125
3 0.49609375 0.63671875 0.125 0.125
1 0.26953125 0.69140625 0.125 0.125
1 0.34765625 0.68359375 0.125 0.125
4 0.625 0.58203125 0.125 0.125
3 0.7890625 0.55078125 0.125 0.125
3 0.859375 0.5234375 0.125 0.125
1 0.71875 0.57421875 0.125 0.125
