3 0.03515625 0.2890625 0.125 0.125
3 0.2578125 0.30078125 0.125 0.125
1 0.109375 0.30859375 0.125 0.125
1 0.18359375 0.3046875 0.125 0.125
1 0.33203125 0.28125 0.125 0.125
1 0.40625 0.26953125 0.125 0.125
1 0.46875 0.23046875 0.125 0.125
3 0.88671875 0.453125 0.125 0.125
3 0.96875 0.4296875 0.125 0.125
1 0.78515625 0.2109375 0.125 0.125
1 0.92578125 0.17578125 0.125 0.125
3 0.1484375 0.69140625 0.125 0.125
3 0.37109375 0.62109375 0.125 0.125
1 0.2265625 0.6796875 0.125 0.125
1 0.3046875 0.640625 0.125 0.125
1 0.44921875 0.59765625 0.125 0.125
3 0.6015625 0.546875 0.125 0.125
3 0.67578125 0.52734375 0.125 0.125
3 0.51171875 0.8984375 0.125 0.125
3 0.53515625 0.58203125 0.125 0.125
1 0.75390625 0.5078125 0.125 0.125
1 0.8203125 0.5 0.125 0.125
