3 0.08203125 0.04296875 0.125 0.125
3 0.140625 0.48046875 0.125 0.125
3 0.26171875 0.21484375 0.125 0.125
1 0.09765625 0.1171875 0.125 0.125
1 0.1953125 0.46875 0.125 0.125
1 0.28515625 0.45703125 0.125 0.125
1 0.3515625 0.4453125 0.125 0.125
1 0.4140625 0.40234375 0.125 0.125
1 0.44921875 0.26953125 0.125 0.125
1 0.50390625 0.40234375 0.125 0.125
4 0.03125 0.66796875 0.125 0.125
3 0.00390625 0.5390625 0.125 0.125
3 0.1640625 0.65234375 0.125 0.125
3 0.2421875 0.6328125 0.125 0.125
1 0.0703125 0.50390625 0.125 0.125
1 0.09375 0.6640625 0.125 0.125
1 0.30859375 0.60546875 0.125 0.125
1 0.3671875 0.5703125 0.125 0.125
1 0.44921875 0.5703125 0.125 0.125
4 0.57421875 0.54296875 0.125 0.125
1 0.51171875 0.546875 0.125 0.125
