3 0.3515625 0.0390625 0.125 0.125
3 0.48046875 0.4453125 0.125 0.125
1 0.3515625 0.11328125 0.125 0.125
1 0.3984375 0.1640625 0.125 0.125
1 0.41796875 0.2265625 0.125 0.125
1 0.4296875 0.296875 0.125 0.125
1 0.4609375 0.37109375 0.125 0.125
4 0.78125 0.3203125 0.125 0.125
3 0.71484375 0.34765625 0.125 0.125
3 0.85546875 0.3203125 0.125 0.125
3 0.984375 0.26953125 0.125 0.125
1 0.6484375 0.37109375 0.125 0.125
1 0.921875 0.296875 0.125 0.125
2 0.7734375 0.5234375 0.125 0.125
1 0.51171875 0.59765625 0.125 0.125
1 0.640625 0.55859375 0.125 0.125
