3 0.140625 0.29296875 0.125 0.125
3 0.484375 0.1796875 0.125 0.125
1 0.015625 0.328125 0.125 0.125
3 0.8203125 0.3359375 0.125 0.125
3 0.83203125 0.171875 0.125 0.125
3 0.87890625 0.05078125 0.125 0.125
3 0.96875 0.4375 0.125 0.125
1 0.890625 0.46875 0.125 0.125
4 0.515625 0.80859375 0.125 0.125
4 0.54296875 0.92578125 0.125 0.125
4 0.68359375 0.734375 0.125 0.125
4 0.84375 0.72265625 0.125 0.125
3 0.72265625 0.53125 0.125 0.125
3 0.75390625 0.72265625 0.125 0.125
3 0.84375 0.5234375 0.125 0.125
3 0.8984375 0.70703125 0.125 0.125
3 0.984375 0.671875 0.125 0.125
1 0.625 0.546875 0.125 0.125
