3 0.35546875 0.09765625 0.125 0.125
3 0.39453125 0.48046875 0.125 0.125
3 0.41015625 0.078125 0.125 0.125
3 0.46875 0.46484375 0.125 0.125
1 0.2109375 0.15625 0.125 0.125
1 0.2890625 0.1171875 0.125 0.125
3 0.53125 0.44921875 0.125 0.125
3 0.671875 0.41015625 0.125 0.125
3 0.73828125 0.3984375 0.125 0.125
1 0.59765625 0.42578125 0.125 0.125
3 0.328125 0.51171875 0.125 0.125
1 0.43359375 0.78515625 0.125 0.125
4 0.91015625 0.65625 0.125 0.125
3 0.58203125 0.76171875 0.125 0.125
3 0.65234375 0.734375 0.125 0.125
3 0.71875 0.7265625 0.125 0.125
3 0.84375 0.88671875 0.125 0.125
1 0.5078125 0.76953125 0.125 0.125
1 0.77734375 0.6953125 0.125 0.125
1 0.85546875 0.68359375 0.125 0.125
