3 0.85546875 0.3828125 0.125 0.125
3 0.98828125 0.36328125 0.125 0.125
1 0.85546875 0.3828125 0.125 0.125
1 0.92578125 0.3828125 0.125 0.125
1 0.42578125 0.8671875 0.125 0.125
4 0.66015625 0.9375 0.125 0.125
3 0.62109375 0.8125 0.125 0.125
3 0.8828125 0.703125 0.125 0.125
3 0.9140625 0.84375 0.125 0.125
3 0.9375 0.68359375 0.125 0.125
3 0.98828125 0.8046875 0.125 0.125
1 0.59765625 0.95703125 0.125 0.125
1 0.66015625 0.9375 0.125 0.125
1 0.6875 0.77734375 0.125 0.125
1 0.75390625 0.7734375 0.125 0.125
1 0.79296875 0.91015625 0.125 0.125
1 0.9375 0.68359375 0.125 0.125
