1 0.1328125 0.078125 0.125 0.125
3 0.89453125 0.296875 0.125 0.125
1 0.94921875 0.4375 0.125 0.125
3 0.34375 0.75390625 0.125 0.125
3 0.46875 0.6875 0.125 0.125
1 0.0078125 0.67578125 0.125 0.125
1 0.046875 0.8359375 0.125 0.125
1 0.0859375 0.90625 0.125 0.125
1 0.10546875 0.97265625 0.125 0.125
1 0.3671875 0.8125 0.125 0.125
1 0.40234375 0.88671875 0.125 0.125
1 0.4921875 0.7734375 0.125 0.125
3 0.55078125 0.90234375 0.125 0.125
3 0.91796875 0.8125 0.125 0.125
3 0.921875 0.89453125 0.125 0.125
3 0.95703125 0.5078125 0.125 0.125
1 0.52734375 0.828125 0.125 0.125
1 0.890625 0.75 0.125 0.125
1 0.9453125 0.9453125 0.125 0.125
