3 0.45703125 0.078125 0.125 0.125
4 0.51953125 0.2109375 0.125 0.125
4 0.57421875 0.4921875 0.125 0.125
3 0.52734375 0.28125 0.125 0.125
3 0.85546875 0.390625 0.125 0.125
2 0.55078125 0.42578125 0.125 0.125
1 0.80859375 0.23046875 0.125 0.125
4 0.33984375 0.76953125 0.125 0.125
4 0.4375 0.98828125 0.125 0.125
3 0.40234375 0.90234375 0.125 0.125
3 0.609375 0.625 0.125 0.125
3 0.70703125 0.83203125 0.125 0.125
3 0.75390625 0.95703125 0.125 0.125
3 0.890625 0.52734375 0.125 0.125
1 0.6015625 0.55078125 0.125 0.125
1 0.67578125 0.75 0.125 0.125
