3 0.06640625 0.3203125 0.125 0.125
3 0.34765625 0.01171875 0.125 0.125
3 0.46484375 0.4453125 0.125 0.125
3 0.4765625 0.046875 0.125 0.125
1 0.125 0.46875 0.125 0.125
3 0.55859375 0.265625 0.125 0.125
3 0.84765625 0.15625 0.125 0.125
3 0.99609375 0.1015625 0.125 0.125
3 0.99609375 0.1015625 0.125 0.125
1 0.81640625 0.015625 0.125 0.125
1 0.9140625 0.2890625 0.125 0.125
1 0.9140625 0.2890625 0.125 0.125
1 0.9140625 0.3671875 0.125 0.125
1 0.9140625 0.3671875 0.125 0.125
1 0.9609375 0.4296875 0.125 0.125
1 0.9609375 0.4296875 0.125 0.125
1 0.98828125 0.0390625 0.125 0.125
1 0.53125 0.109375 0.125 0.125
1 0.609375 0.46484375 0.125 0.125
3 0.1328125 0.55078125 0.125 0.125
2 0.19140625 0.75 0.125 0.125
1 0.171875 0.625 0.125 0.125
1 0.49609375 0.58203125 0.125 0.125
3 0.5859375 0.77734375 0.125 0.125
