3 0.22265625 0.28125 0.125 0.125
3 0.40625 0.390625 0.125 0.125
3 0.41796875 0.2265625 0.125 0.125
1 0.34375 0.41015625 0.125 0.125
1 0.36328125 0.2734375 0.125 0.125
1 0.48046875 0.3671875 0.125 0.125
1 0.26953125 0.42578125 0.125 0.125
4 0.828125 0.10546875 0.125 0.125
4 0.890625 0.078125 0.125 0.125
4 0.9609375 0.05078125 0.125 0.125
3 0.5546875 0.1875 0.125 0.125
3 0.59765625 0.31640625 0.125 0.125
3 0.62109375 0.16796875 0.125 0.125
3 0.6796875 0.30859375 0.125 0.125
3 0.765625 0.12109375 0.125 0.125
3 0.81640625 0.24609375 0.125 0.125
1 0.7421875 0.265625 0.125 0.125
1 0.875 0.22265625 0.125 0.125
1 0.94140625 0.2109375 0.125 0.125
3 0.37109375 0.7109375 0.125 0.125
3 0.453125 0.69140625 0.125 0.125
3 0.48828125 0.8203125 0.125 0.125
1 0.42578125 0.8515625 0.125 0.125
1 0.05859375 0.94140625 0.125 0.125
3 0.59375 0.6796875 0.125 0.125
3 0.6484375 0.62890625 0.125 0.125
3 0.6953125 0.76953125 0.125 0.125
3 0.70703125 0.6015625 0.125 0.125
3 0.76953125 0.75 0.125 0.125
3 0.83203125 0.54296875 0.125 0.125
3 0.84765625 0.72265625 0.125 0.125
3 0.984375 0.5234375 0.125 0.125
1 0.5078125 0.671875 0.125 0.125
1 0.5546875 0.7890625 0.125 0.125
