3 0.06640625 0.3359375 0.125 0.125
3 0.26953125 0.2734375 0.125 0.125
3 0.41796875 0.23046875 0.125 0.125
3 0.05078125 0.66015625 0.125 0.125
3 0.08203125 0.72265625 0.125 0.125
3 0.109375 0.78125 0.125 0.125
3 0.1328125 0.8671875 0.125 0.125
3 0.1640625 0.93359375 0.125 0.125
3 0.23828125 0.6640625 0.125 0.125
3 0.24609375 0.7421875 0.125 0.125
3 0.296875 0.890625 0.125 0.125
1 0.203125 0.609375 0.125 0.125
1 0.265625 0.8203125 0.125 0.125
3 0.53125 0.64453125 0.125 0.125
3 0.546875 0.72265625 0.125 0.125
3 0.62109375 0.94140625 0.125 0.125
3 0.6328125 0.53515625 0.125 0.125
3 0.65625 0.609375 0.125 0.125
3 0.734375 0.8125 0.125 0.125
1 0.59765625 0.7890625 0.125 0.125
1 0.61328125 0.87109375 0.125 0.125
1 0.69140625 0.66796875 0.125 0.125
1 0.75 0.8984375 0.125 0.125
1 0.9765625 0.5703125 0.125 0.125
1 0.98828125 0.65234375 0.125 0.125
