3 0.203125 0.07421875 0.125 0.125
3 0.2109375 0.4296875 0.125 0.125
3 0.33984375 0.04296875 0.125 0.125
3 0.40625 0.015625 0.125 0.125
3 0.14453125 0.31640625 0.125 0.125
3 0.14453125 0.46484375 0.125 0.125
1 0.0703125 0.08203125 0.125 0.125
1 0.26953125 0.0546875 0.125 0.125
1 0.28515625 0.39453125 0.125 0.125
1 0.36328125 0.37890625 0.125 0.125
1 0.4453125 0.34765625 0.125 0.125
1 0.48046875 0.48828125 0.125 0.125
3 0.5546875 0.48828125 0.125 0.125
3 0.58203125 0.32421875 0.125 0.125
3 0.73046875 0.07421875 0.125 0.125
3 0.76171875 0.13671875 0.125 0.125
3 0.77734375 0.2109375 0.125 0.125
3 0.78125 0.3125 0.125 0.125
3 0.80078125 0.38671875 0.125 0.125
2 0.8125 0.4765625 0.125 0.125
1 0.5078125 0.33984375 0.125 0.125
1 0.61328125 0.4609375 0.125 0.125
4 0.34375 0.53125 0.125 0.125
2 0.4140625 0.51171875 0.125 0.125
1 0.1328125 0.61328125 0.125 0.125
1 0.203125 0.5859375 0.125 0.125
1 0.265625 0.5546875 0.125 0.125
1 0.4375 0.96484375 0.125 0.125
3 0.68359375 0.875 0.125 0.125
2 0.7578125 0.85546875 0.125 0.125
1 0.62109375 0.921875 0.125 0.125
1 0.84375 0.84765625 0.125 0.125
1 0.84765625 0.546875 0.125 0.125
1 0.87890625 0.62109375 0.125 0.125
1 0.921875 0.83203125 0.125 0.125
1 0.5078125 0.93359375 0.125 0.125
