4 0.16015625 0.44140625 0.125 0.125
4 0.203125 0.43359375 0.125 0.125
4 0.328125 0.05078125 0.125 0.125
4 0.4765625 0.01171875 0.125 0.125
3 0.1328125 0.3125 0.125 0.125
3 0.14453125 0.37890625 0.125 0.125
3 0.1640625 0.37109375 0.125 0.125
1 0.1015625 0.2421875 0.125 0.125
3 0.640625 0.4921875 0.125 0.125
3 0.5390625 0.61328125 0.125 0.125
3 0.68359375 0.578125 0.125 0.125
3 0.75 0.63671875 0.125 0.125
1 0.546875 0.68359375 0.125 0.125
1 0.609375 0.8515625 0.125 0.125
1 0.69140625 0.8203125 0.125 0.125
1 0.91796875 0.99609375 0.125 0.125
