4 0.1328125 0.19140625 0.125 0.125
4 0.14453125 0.48046875 0.125 0.125
4 0.21875 0.47265625 0.125 0.125
4 0.90234375 0.37890625 0.125 0.125
3 0.78515625 0.04296875 0.125 0.125
1 0.84765625 0.22265625 0.125 0.125
4 0.2109375 0.62109375 0.125 0.125
4 0.24609375 0.91796875 0.125 0.125
3 0.05078125 0.9921875 0.125 0.125
3 0.13671875 0.65625 0.125 0.125
3 0.19140625 0.96875 0.125 0.125
3 0.31640625 0.91015625 0.125 0.125
1 0.01953125 0.69921875 0.125 0.125
1 0.0390625 0.53125 0.125 0.125
1 0.08203125 0.67578125 0.125 0.125
1 0.12109375 0.9765625 0.125 0.125
1 0.28125 0.59765625 0.125 0.125
1 0.98046875 0.58984375 0.125 0.125
