4 0.84765625 0.36328125 0.125 0.125
4 0.9140625 0.109375 0.125 0.125
4 0.93359375 0.265625 0.125 0.125
3 0.72265625 0.02734375 0.125 0.125
3 0.76171875 0.09375 0.125 0.125
3 0.7734375 0.15234375 0.125 0.125
3 0.7890625 0.21484375 0.125 0.125
3 0.875 0.4140625 0.125 0.125
3 0.8828125 0.4921875 0.125 0.125
3 0.96484375 0.3203125 0.125 0.125
1 0.8046875 0.2890625 0.125 0.125
1 0.8984375 0.046875 0.125 0.125
1 0.91796875 0.1875 0.125 0.125
1 0.99609375 0.375 0.125 0.125
3 0.90625 0.5546875 0.125 0.125
