3 0.02734375 0.00390625 0.125 0.125
3 0.07421875 0.4140625 0.125 0.125
1 0.15625 0.3671875 0.125 0.125
1 0.21875 0.3515625 0.125 0.125
1 0.29296875 0.32421875 0.125 0.125
1 0.3359375 0.49609375 0.125 0.125
4 0.62109375 0.37890625 0.125 0.125
4 0.66796875 0.48828125 0.125 0.125
1 0.58984375 0.22265625 0.125 0.125
3 0.0234375 0.578125 0.125 0.125
3 0.05078125 0.9140625 0.125 0.125
3 0.1015625 0.5546875 0.125 0.125
3 0.18359375 0.52734375 0.125 0.125
3 0.265625 0.51171875 0.125 0.125
3 0.28515625 0.83203125 0.125 0.125
3 0.421875 0.79296875 0.125 0.125
1 0.1171875 0.89453125 0.125 0.125
1 0.21875 0.85546875 0.125 0.125
1 0.359375 0.82421875 0.125 0.125
3 0.703125 0.6328125 0.125 0.125
3 0.75 0.796875 0.125 0.125
3 0.796875 0.9296875 0.125 0.125
