3 0.84375 0.3515625 0.125 0.125
1 0.51171875 0.26953125 0.125 0.125
4 0.13671875 0.796875 0.125 0.125
4 0.20703125 0.7734375 0.125 0.125
3 0.296875 0.7421875 0.125 0.125
3 0.359375 0.71875 0.125 0.125
1 0.0625 0.81640625 0.125 0.125
4 0.73828125 0.953125 0.125 0.125
4 0.79296875 0.56640625 0.125 0.125
3 0.66796875 0.96875 0.125 0.125
3 0.8046875 0.9375 0.125 0.125
3 0.87109375 0.9296875 0.125 0.125
3 0.92578125 0.52734375 0.125 0.125
3 0.94140625 0.89453125 0.125 0.125
1 0.98828125 0.50390625 0.125 0.125
1 0.58984375 0.62890625 0.125 0.125
1 0.6640625 0.60546875 0.125 0.125
1 0.85546875 0.5546875 0.125 0.125
