3 0.0234375 0.01171875 0.125 0.125
3 0.12109375 0.41015625 0.125 0.125
1 0.05859375 0.0625 0.125 0.125
1 0.125 0.2734375 0.125 0.125
3 0.90234375 0.49609375 0.125 0.125
3 0.5703125 0.03125 0.125 0.125
1 0.65234375 0.4453125 0.125 0.125
1 0.6796875 0.3125 0.125 0.125
1 0.70703125 0.00390625 0.125 0.125
1 0.8515625 0.375 0.125 0.125
3 0.2578125 0.85546875 0.125 0.125
3 0.26171875 0.6484375 0.125 0.125
3 0.3046875 0.921875 0.125 0.125
1 0.48046875 0.8515625 0.125 0.125
2 0.4453125 0.6640625 0.125 0.125
1 0.203125 0.515625 0.125 0.125
3 0.71875 0.625 0.125 0.125
3 0.921875 0.6328125 0.125 0.125
1 0.96875 0.6953125 0.125 0.125
