4 0.3671875 0.14453125 0.125 0.125
3 0.39453125 0.31640625 0.125 0.125
3 0.45703125 0.43359375 0.125 0.125
1 0.0625 0.328125 0.125 0.125
1 0.3671875 0.14453125 0.125 0.125
3 0.66796875 0.375 0.125 0.125
3 0.734375 0.4765625 0.125 0.125
1 0.7265625 0.13671875 0.125 0.125
3 0.5390625 0.83203125 0.125 0.125
3 0.578125 0.8828125 0.125 0.125
3 0.75 0.55859375 0.125 0.125
3 0.765625 0.6953125 0.125 0.125
3 0.8671875 0.5859375 0.125 0.125
3 0.88671875 0.66015625 0.125 0.125
3 0.9296875 0.71875 0.125 0.125
