3 0.671875 0.49609375 0.125 0.125
3 0.734375 0.47265625 0.125 0.125
1 0.79296875 0.44921875 0.125 0.125
1 0.86328125 0.42578125 0.125 0.125
1 0.92578125 0.40625 0.125 0.125
3 0.01953125 0.69140625 0.125 0.125
3 0.05859375 0.8359375 0.125 0.125
3 0.09375 0.671875 0.125 0.125
3 0.125 0.8203125 0.125 0.125
3 0.15625 0.66015625 0.125 0.125
3 0.18359375 0.78515625 0.125 0.125
3 0.21875 0.64453125 0.125 0.125
3 0.25390625 0.76953125 0.125 0.125
3 0.28125 0.625 0.125 0.125
3 0.3203125 0.76171875 0.125 0.125
3 0.34375 0.609375 0.125 0.125
3 0.40625 0.59375 0.125 0.125
1 0.37890625 0.74609375 0.125 0.125
1 0.4453125 0.7265625 0.125 0.125
1 0.46875 0.5546875 0.125 0.125
1 0.5 0.70703125 0.125 0.125
1 0.9921875 0.8203125 0.125 0.125
