3 0.4375 0.42578125 0.125 0.125
1 0.3359375 0.15234375 0.125 0.125
3 0.50390625 0.38671875 0.125 0.125
3 0.63671875 0.35546875 0.125 0.125
3 0.78125 0.31640625 0.125 0.125
3 0.84765625 0.29296875 0.125 0.125
3 0.9140625 0.2734375 0.125 0.125
1 0.578125 0.375 0.125 0.125
1 0.6640625 0.05078125 0.125 0.125
1 0.7109375 0.33984375 0.125 0.125
1 0.98828125 0.2421875 0.125 0.125
4 0.05078125 0.65625 0.125 0.125
4 0.07421875 0.71484375 0.125 0.125
4 0.46484375 0.796875 0.125 0.125
3 0.0234375 0.59765625 0.125 0.125
3 0.0703125 0.7890625 0.125 0.125
3 0.09375 0.87890625 0.125 0.125
2 0.31640625 0.6875 0.125 0.125
4 0.68359375 0.703125 0.125 0.125
4 0.8203125 0.65234375 0.125 0.125
4 0.9140625 0.68359375 0.125 0.125
3 0.54296875 0.78125 0.125 0.125
3 0.6171875 0.73046875 0.125 0.125
3 0.9765625 0.68359375 0.125 0.125
1 0.7578125 0.6796875 0.125 0.125
