4 0.0078125 0.00390625 0.125 0.125
4 0.73828125 0.37109375 0.125 0.125
3 0.54296875 0.08984375 0.125 0.125
3 0.6640625 0.04296875 0.125 0.125
3 0.67578125 0.20703125 0.125 0.125
3 0.69140625 0.31640625 0.125 0.125
1 0.6015625 0.0625 0.125 0.125
1 0.609375 0.41015625 0.125 0.125
1 0.76171875 0.4453125 0.125 0.125
3 0.1015625 0.88671875 0.125 0.125
1 0.3359375 0.81640625 0.125 0.125
1 0.40625 0.7890625 0.125 0.125
1 0.46484375 0.96484375 0.125 0.125
3 0.83984375 0.75 0.125 0.125
2 0.734375 0.71484375 0.125 0.125
