3 0.00390625 0.38671875 0.125 0.125
3 0.13671875 0.35546875 0.125 0.125
3 0.28125 0.31640625 0.125 0.125
3 0.34765625 0.29296875 0.125 0.125
3 0.4140625 0.2734375 0.125 0.125
1 0.078125 0.375 0.125 0.125
1 0.1640625 0.05078125 0.125 0.125
1 0.2109375 0.33984375 0.125 0.125
1 0.48828125 0.2421875 0.125 0.125
3 0.80078125 0.12890625 0.125 0.125
3 0.875 0.1171875 0.125 0.125
3 0.9453125 0.09765625 0.125 0.125
1 0.546875 0.19921875 0.125 0.125
1 0.625 0.20703125 0.125 0.125
1 0.7421875 0.17578125 0.125 0.125
4 0.18359375 0.703125 0.125 0.125
4 0.3203125 0.65234375 0.125 0.125
4 0.4140625 0.68359375 0.125 0.125
3 0.04296875 0.78125 0.125 0.125
3 0.1171875 0.73046875 0.125 0.125
3 0.4765625 0.68359375 0.125 0.125
1 0.2578125 0.6796875 0.125 0.125
3 0.55859375 0.66796875 0.125 0.125
3 0.84765625 0.5703125 0.125 0.125
1 0.625 0.65625 0.125 0.125
1 0.6875 0.63671875 0.125 0.125
1 0.7578125 0.61328125 0.125 0.125
1 0.90234375 0.5546875 0.125 0.125
1 0.96875 0.53125 0.125 0.125
