3 0.13671875 0.38671875 0.125 0.125
3 0.19140625 0.37890625 0.125 0.125
3 0.19921875 0.16796875 0.125 0.125
1 0.3671875 0.1171875 0.125 0.125
1 0.0078125 0.4140625 0.125 0.125
3 0.6875 0.0078125 0.125 0.125
1 0.5625 0.05078125 0.125 0.125
3 0.12109375 0.68359375 0.125 0.125
3 0.16796875 0.6640625 0.125 0.125
3 0.171875 0.83203125 0.125 0.125
3 0.23828125 0.65625 0.125 0.125
3 0.3046875 0.62890625 0.125 0.125
3 0.34375 0.76171875 0.125 0.125
3 0.375 0.61328125 0.125 0.125
3 0.4296875 0.5859375 0.125 0.125
1 0.03515625 0.875 0.125 0.125
1 0.05078125 0.70703125 0.125 0.125
1 0.09765625 0.84765625 0.125 0.125
1 0.23828125 0.8203125 0.125 0.125
