3 0.44140625 0.3203125 0.125 0.125
4 0.53125 0.296875 0.125 0.125
3 0.6484375 0.26953125 0.125 0.125
3 0.65234375 0.28125 0.125 0.125
1 0.53125 0.296875 0.125 0.125
1 0.72265625 0.23828125 0.125 0.125
3 0.62890625 0.65234375 0.125 0.125
3 0.63671875 0.6640625 0.125 0.125
3 0.70703125 0.65234375 0.125 0.125
3 0.8046875 0.61328125 0.125 0.125
3 0.8984375 0.59375 0.125 0.125
3 0.97265625 0.55859375 0.125 0.125
3 0.98046875 0.7578125 0.125 0.125
1 0.8984375 0.59375 0.125 0.125
1 0.90234375 0.79296875 0.125 0.125
1 0.97265625 0.55859375 0.125 0.125
