3 0.30078125 0.12890625 0.125 0.125
3 0.375 0.1171875 0.125 0.125
3 0.4453125 0.09765625 0.125 0.125
1 0.046875 0.19921875 0.125 0.125
1 0.125 0.20703125 0.125 0.125
1 0.2421875 0.17578125 0.125 0.125
4 0.875 0.00390625 0.125 0.125
3 0.5625 0.05859375 0.125 0.125
3 0.60546875 0.49609375 0.125 0.125
3 0.640625 0.04296875 0.125 0.125
3 0.67578125 0.4765625 0.125 0.125
3 0.94921875 0.140625 0.125 0.125
2 0.90234375 0.0703125 0.125 0.125
1 0.75 0.4453125 0.125 0.125
1 0.96484375 0.2109375 0.125 0.125
1 0.98046875 0.28125 0.125 0.125
3 0.05859375 0.66796875 0.125 0.125
3 0.34765625 0.5703125 0.125 0.125
1 0.125 0.65625 0.125 0.125
1 0.1875 0.63671875 0.125 0.125
1 0.2578125 0.61328125 0.125 0.125
1 0.40234375 0.5546875 0.125 0.125
1 0.46875 0.53125 0.125 0.125
4 0.84375 0.67578125 0.125 0.125
3 0.5390625 0.51171875 0.125 0.125
3 0.8671875 0.75 0.125 0.125
3 0.94921875 0.9609375 0.125 0.125
1 0.8359375 0.6171875 0.125 0.125
1 0.8984375 0.8203125 0.125 0.125
1 0.92578125 0.890625 0.125 0.125
