3 0.17578125 0.1796875 0.125 0.125
3 0.20703125 0.23046875 0.125 0.125
1 0.1640625 0.0859375 0.125 0.125
3 0.70703125 0.078125 0.125 0.125
3 0.72265625 0.15625 0.125 0.125
3 0.53515625 0.0546875 0.125 0.125
3 0.19921875 0.71875 0.125 0.125
3 0.2265625 0.8046875 0.125 0.125
3 0.23828125 0.8984375 0.125 0.125
3 0.3359375 0.6640625 0.125 0.125
3 0.46875 0.94921875 0.125 0.125
1 0.39453125 0.62109375 0.125 0.125
1 0.39453125 0.96875 0.125 0.125
1 0.46875 0.61328125 0.125 0.125
3 0.734375 0.88671875 0.125 0.125
3 0.53515625 0.9453125 0.125 0.125
3 0.54296875 0.5859375 0.125 0.125
1 0.6015625 0.92578125 0.125 0.125
1 0.66796875 0.93359375 0.125 0.125
1 0.73828125 0.671875 0.125 0.125
1 0.78125 0.50390625 0.125 0.125
