3 0.05078125 0.16015625 0.125 0.125
3 0.08203125 0.22265625 0.125 0.125
3 0.109375 0.28125 0.125 0.125
3 0.1328125 0.3671875 0.125 0.125
3 0.1640625 0.43359375 0.125 0.125
3 0.23828125 0.1640625 0.125 0.125
3 0.24609375 0.2421875 0.125 0.125
3 0.296875 0.390625 0.125 0.125
1 0.203125 0.109375 0.125 0.125
1 0.265625 0.3203125 0.125 0.125
3 0.53125 0.14453125 0.125 0.125
3 0.546875 0.22265625 0.125 0.125
3 0.62109375 0.44140625 0.125 0.125
3 0.6328125 0.03515625 0.125 0.125
3 0.65625 0.109375 0.125 0.125
3 0.734375 0.3125 0.125 0.125
1 0.59765625 0.2890625 0.125 0.125
1 0.61328125 0.37109375 0.125 0.125
1 0.69140625 0.16796875 0.125 0.125
1 0.75 0.3984375 0.125 0.125
1 0.9765625 0.0703125 0.125 0.125
1 0.98828125 0.15234375 0.125 0.125
3 0.20703125 0.58984375 0.125 0.125
3 0.23046875 0.66015625 0.125 0.125
1 0.17578125 0.5234375 0.125 0.125
1 0.359375 0.5234375 0.125 0.125
1 0.36328125 0.60546875 0.125 0.125
3 0.68359375 0.58984375 0.125 0.125
1 0.640625 0.53125 0.125 0.125
