3 0.09765625 0.10546875 0.125 0.125
3 0.11328125 0.1640625 0.125 0.125
3 0.140625 0.22265625 0.125 0.125
3 0.14453125 0.30078125 0.125 0.125
3 0.16796875 0.3671875 0.125 0.125
3 0.19921875 0.42578125 0.125 0.125
3 0.42578125 0.1484375 0.125 0.125
3 0.4375 0.23046875 0.125 0.125
3 0.46484375 0.30078125 0.125 0.125
3 0.46484375 0.37109375 0.125 0.125
1 0.37109375 0.0078125 0.125 0.125
1 0.39453125 0.08203125 0.125 0.125
3 0.0546875 0.8984375 0.125 0.125
3 0.1328125 0.96484375 0.125 0.125
3 0.21875 0.5 0.125 0.125
3 0.26171875 0.5546875 0.125 0.125
3 0.27734375 0.62109375 0.125 0.125
3 0.37109375 0.73046875 0.125 0.125
3 0.3828125 0.8125 0.125 0.125
3 0.40234375 0.87890625 0.125 0.125
3 0.453125 0.93359375 0.125 0.125
1 0.30859375 0.6875 0.125 0.125
1 0.62890625 0.7109375 0.125 0.125
1 0.65234375 0.83203125 0.125 0.125
