4 0.34375 0.03125 0.125 0.125
2 0.4140625 0.01171875 0.125 0.125
1 0.1328125 0.11328125 0.125 0.125
1 0.203125 0.0859375 0.125 0.125
1 0.265625 0.0546875 0.125 0.125
1 0.4375 0.46484375 0.125 0.125
3 0.68359375 0.375 0.125 0.125
2 0.7578125 0.35546875 0.125 0.125
1 0.62109375 0.421875 0.125 0.125
1 0.84375 0.34765625 0.125 0.125
1 0.84765625 0.046875 0.125 0.125
1 0.87890625 0.12109375 0.125 0.125
1 0.921875 0.33203125 0.125 0.125
1 0.5078125 0.43359375 0.125 0.125
3 0.1953125 0.53515625 0.125 0.125
3 0.359375 0.51171875 0.125 0.125
3 0.11328125 0.546875 0.125 0.125
1 0.01171875 0.578125 0.125 0.125
1 0.2734375 0.5234375 0.125 0.125
