4 0.14453125 0.140625 0.125 0.125
3 0.16015625 0.1953125 0.125 0.125
3 0.203125 0.3359375 0.125 0.125
3 0.21875 0.3984375 0.125 0.125
3 0.28515625 0.08203125 0.125 0.125
3 0.3046875 0.15234375 0.125 0.125
3 0.3515625 0.28515625 0.125 0.125
3 0.36328125 0.3515625 0.125 0.125
3 0.41796875 0.4921875 0.125 0.125
1 0.1875 0.2578125 0.125 0.125
1 0.2421875 0.015625 0.125 0.125
1 0.2578125 0.46875 0.125 0.125
1 0.3125 0.21484375 0.125 0.125
1 0.40625 0.41796875 0.125 0.125
3 0.5859375 0.06640625 0.125 0.125
3 0.609375 0.140625 0.125 0.125
3 0.6328125 0.203125 0.125 0.125
3 0.64453125 0.27734375 0.125 0.125
3 0.68359375 0.41015625 0.125 0.125
1 0.546875 0.01171875 0.125 0.125
1 0.6640625 0.3359375 0.125 0.125
4 0.453125 0.5625 0.125 0.125
3 0.26953125 0.5390625 0.125 0.125
3 0.31640625 0.7421875 0.125 0.125
3 0.07421875 0.890625 0.125 0.125
3 0.07421875 0.96484375 0.125 0.125
1 0.015625 0.6875 0.125 0.125
1 0.05078125 0.8203125 0.125 0.125
1 0.27734375 0.59765625 0.125 0.125
1 0.3046875 0.671875 0.125 0.125
1 0.375 0.8125 0.125 0.125
1 0.39453125 0.87109375 0.125 0.125
1 0.41015625 0.9296875 0.125 0.125
1 0.4453125 0.625 0.125 0.125
1 0.46875 0.6953125 0.125 0.125
3 0.8125 0.8125 0.125 0.125
3 0.84375 0.875 0.125 0.125
1 0.50390625 0.75390625 0.125 0.125
1 0.515625 0.83203125 0.125 0.125
1 0.5546875 0.8984375 0.125 0.125
1 0.55859375 0.97265625 0.125 0.125
1 0.73046875 0.5546875 0.125 0.125
1 0.7578125 0.625 0.125 0.125
1 0.765625 0.68359375 0.125 0.125
1 0.7890625 0.75390625 0.125 0.125
1 0.8671875 0.96484375 0.125 0.125
