4 0.3125 0.4140625 0.125 0.125
4 0.3671875 0.48046875 0.125 0.125
4 0.4375 0.234375 0.125 0.125
4 0.44140625 0.3828125 0.125 0.125
4 0.47265625 0.44921875 0.125 0.125
4 0.2890625 0.33984375 0.125 0.125
1 0.26953125 0.28515625 0.125 0.125
3 0.796875 0.1015625 0.125 0.125
3 0.828125 0.21484375 0.125 0.125
3 0.84375 0.37890625 0.125 0.125
3 0.875 0.27734375 0.125 0.125
1 0.75390625 0.3203125 0.125 0.125
4 0.37890625 0.609375 0.125 0.125
4 0.421875 0.53125 0.125 0.125
4 0.45703125 0.7890625 0.125 0.125
4 0.46875 0.71484375 0.125 0.125
4 0.484375 0.92578125 0.125 0.125
3 0.40625 0.6796875 0.125 0.125
3 0.453125 0.875 0.125 0.125
4 0.5 0.578125 0.125 0.125
3 0.60546875 0.75 0.125 0.125
3 0.828125 0.6328125 0.125 0.125
3 0.8671875 0.77734375 0.125 0.125
3 0.96875 0.6015625 0.125 0.125
1 0.64453125 0.890625 0.125 0.125
1 0.859375 0.71484375 0.125 0.125
1 0.98828125 0.67578125 0.125 0.125
