3 0.19921875 0.21875 0.125 0.125
3 0.2265625 0.3046875 0.125 0.125
3 0.23828125 0.3984375 0.125 0.125
3 0.3359375 0.1640625 0.125 0.125
3 0.46875 0.44921875 0.125 0.125
1 0.39453125 0.12109375 0.125 0.125
1 0.39453125 0.46875 0.125 0.125
1 0.46875 0.11328125 0.125 0.125
3 0.734375 0.38671875 0.125 0.125
3 0.53515625 0.4453125 0.125 0.125
3 0.54296875 0.0859375 0.125 0.125
1 0.6015625 0.42578125 0.125 0.125
1 0.66796875 0.43359375 0.125 0.125
1 0.73828125 0.171875 0.125 0.125
1 0.78125 0.00390625 0.125 0.125
3 0.4296875 0.58203125 0.125 0.125
3 0.4453125 0.57421875 0.125 0.125
1 0.2890625 0.61328125 0.125 0.125
4 0.65234375 0.55859375 0.125 0.125
3 0.5859375 0.5859375 0.125 0.125
3 0.51953125 0.59375 0.125 0.125
