3 0.83984375 0.05859375 0.125 0.125
3 0.8984375 0.046875 0.125 0.125
1 0.62890625 0.32421875 0.125 0.125
1 0.671875 0.46484375 0.125 0.125
1 0.6953125 0.27734375 0.125 0.125
1 0.75390625 0.22265625 0.125 0.125
1 0.78125 0.09375 0.125 0.125
1 0.8203125 0.21875 0.125 0.125
1 0.8828125 0.203125 0.125 0.125
1 0.94921875 0.1875 0.125 0.125
1 0.9765625 0.06640625 0.125 0.125
4 0.00390625 0.7890625 0.125 0.125
1 0.00390625 0.7890625 0.125 0.125
3 0.73828125 0.98046875 0.125 0.125
3 0.8671875 0.55859375 0.125 0.125
1 0.63671875 0.63671875 0.125 0.125
1 0.95703125 0.51953125 0.125 0.125
