4 0.4375 0.453125 0.125 0.125
3 0.34765625 0.234375 0.125 0.125
1 0.046875 0.3359375 0.125 0.125
1 0.20703125 0.27734375 0.125 0.125
3 0.51953125 0.1796875 0.125 0.125
3 0.53515625 0.4296875 0.125 0.125
3 0.6484375 0.42578125 0.125 0.125
3 0.66015625 0.1328125 0.125 0.125
3 0.97265625 0.3359375 0.125 0.125
1 0.64453125 0.27734375 0.125 0.125
1 0.87890625 0.46875 0.125 0.125
1 0.99609375 0.41796875 0.125 0.125
4 0.80859375 0.55078125 0.125 0.125
3 0.671875 0.7265625 0.125 0.125
3 0.73828125 0.875 0.125 0.125
3 0.7890625 0.89453125 0.125 0.125
3 0.90234375 0.59375 0.125 0.125
3 0.93359375 0.72265625 0.125 0.125
1 0.6484375 0.5078125 0.125 0.125
1 0.66796875 0.61328125 0.125 0.125
1 0.97265625 0.8125 0.125 0.125
1 0.6875 0.81640625 0.125 0.125
