3 0.25390625 0.33203125 0.125 0.125
1 0.25390625 0.33203125 0.125 0.125
3 0.58984375 0.25 0.125 0.125
2 0.8046875 0.00390625 0.125 0.125
2 0.953125 0.45703125 0.125 0.125
1 0.71484375 0.171875 0.125 0.125
1 0.81640625 0.49609375 0.125 0.125
1 0.89453125 0.48046875 0.125 0.125
1 0.94140625 0.11328125 0.125 0.125
3 0.35546875 0.671875 0.125 0.125
2 0.46875 0.78125 0.125 0.125
1 0.265625 0.8671875 0.125 0.125
1 0.35546875 0.8359375 0.125 0.125
1 0.4140625 0.62109375 0.125 0.125
4 0.62109375 0.56640625 0.125 0.125
3 0.5625 0.58203125 0.125 0.125
3 0.6875 0.5546875 0.125 0.125
3 0.9296875 0.62890625 0.125 0.125
1 0.54296875 0.76171875 0.125 0.125
1 0.61328125 0.73828125 0.125 0.125
1 0.62109375 0.56640625 0.125 0.125
1 0.66796875 0.72265625 0.125 0.125
1 0.6875 0.5546875 0.125 0.125
1 0.72265625 0.69140625 0.125 0.125
1 0.75 0.515625 0.125 0.125
1 0.80078125 0.65625 0.125 0.125
