4 0.33984375 0.26953125 0.125 0.125
4 0.4375 0.48828125 0.125 0.125
3 0.40234375 0.40234375 0.125 0.125
3 0.609375 0.125 0.125 0.125
3 0.70703125 0.33203125 0.125 0.125
3 0.75390625 0.45703125 0.125 0.125
3 0.890625 0.02734375 0.125 0.125
1 0.6015625 0.05078125 0.125 0.125
1 0.67578125 0.25 0.125 0.125
1 0.46484375 0.5546875 0.125 0.125
1 0.48828125 0.69140625 0.125 0.125
3 0.50390625 0.765625 0.125 0.125
3 0.5703125 0.9609375 0.125 0.125
3 0.765625 0.51953125 0.125 0.125
3 0.86328125 0.80859375 0.125 0.125
3 0.87890625 0.87109375 0.125 0.125
1 0.53515625 0.90234375 0.125 0.125
1 0.83984375 0.73046875 0.125 0.125
1 0.9140625 0.93359375 0.125 0.125
