3 0.05078125 0.06640625 0.125 0.125
3 0.19921875 0.01953125 0.125 0.125
3 0.31640625 0.13671875 0.125 0.125
3 0.375 0.1171875 0.125 0.125
1 0.046875 0.21484375 0.125 0.125
1 0.11328125 0.203125 0.125 0.125
4 0.71875 0.36328125 0.125 0.125
3 0.58203125 0.046875 0.125 0.125
3 0.921875 0.28125 0.125 0.125
3 0.9765625 0.25390625 0.125 0.125
2 0.765625 0.3125 0.125 0.125
1 0.5703125 0.40234375 0.125 0.125
1 0.84375 0.30859375 0.125 0.125
1 0.21875 0.98828125 0.125 0.125
3 0.6796875 0.515625 0.125 0.125
1 0.625 0.8203125 0.125 0.125
