3 0.1640625 0.49609375 0.125 0.125
3 0.25 0.48046875 0.125 0.125
1 0.37890625 0.44921875 0.125 0.125
3 0.5390625 0.37890625 0.125 0.125
3 0.9765625 0.37109375 0.125 0.125
1 0.6015625 0.34765625 0.125 0.125
4 0.33984375 0.82421875 0.125 0.125
3 0.0234375 0.55078125 0.125 0.125
3 0.046875 0.8984375 0.125 0.125
3 0.27734375 0.84765625 0.125 0.125
3 0.42578125 0.796875 0.125 0.125
3 0.48828125 0.7734375 0.125 0.125
1 0.09765625 0.51171875 0.125 0.125
1 0.1328125 0.87109375 0.125 0.125
1 0.19921875 0.85546875 0.125 0.125
1 0.32421875 0.99609375 0.125 0.125
1 0.46875 0.9296875 0.125 0.125
3 0.54296875 0.9296875 0.125 0.125
3 0.69921875 0.8671875 0.125 0.125
1 0.5546875 0.734375 0.125 0.125
1 0.63671875 0.890625 0.125 0.125
