4 0.03125 0.16796875 0.125 0.125
3 0.00390625 0.0390625 0.125 0.125
3 0.1640625 0.15234375 0.125 0.125
3 0.2421875 0.1328125 0.125 0.125
1 0.0703125 0.00390625 0.125 0.125
1 0.09375 0.1640625 0.125 0.125
1 0.30859375 0.10546875 0.125 0.125
1 0.3671875 0.0703125 0.125 0.125
1 0.44921875 0.0703125 0.125 0.125
4 0.57421875 0.04296875 0.125 0.125
1 0.51171875 0.046875 0.125 0.125
4 0.42578125 0.734375 0.125 0.125
3 0.20703125 0.7890625 0.125 0.125
3 0.4375 0.56640625 0.125 0.125
3 0.4765625 0.69921875 0.125 0.125
1 0.01171875 0.85546875 0.125 0.125
1 0.06640625 0.828125 0.125 0.125
1 0.13671875 0.8125 0.125 0.125
1 0.28125 0.7734375 0.125 0.125
1 0.3515625 0.74609375 0.125 0.125
3 0.5 0.51953125 0.125 0.125
3 0.6875 0.62890625 0.125 0.125
1 0.55078125 0.6640625 0.125 0.125
1 0.61328125 0.65234375 0.125 0.125
1 0.73046875 0.56640625 0.125 0.125
