3 0.32421875 0.06640625 0.125 0.125
3 0.34765625 0.12890625 0.125 0.125
3 0.37890625 0.1953125 0.125 0.125
3 0.39453125 0.25390625 0.125 0.125
3 0.41796875 0.31640625 0.125 0.125
3 0.45703125 0.4453125 0.125 0.125
3 0.4765625 0.01953125 0.125 0.125
3 0.484375 0.08203125 0.125 0.125
1 0.44140625 0.38671875 0.125 0.125
4 0.63671875 0.45703125 0.125 0.125
3 0.515625 0.140625 0.125 0.125
3 0.5546875 0.2734375 0.125 0.125
3 0.57421875 0.328125 0.125 0.125
3 0.6953125 0.22265625 0.125 0.125
3 0.6953125 0.28125 0.125 0.125
3 0.7421875 0.34765625 0.125 0.125
3 0.75390625 0.09765625 0.125 0.125
3 0.76171875 0.41796875 0.125 0.125
3 0.84375 0.3359375 0.125 0.125
1 0.52734375 0.20703125 0.125 0.125
1 0.59765625 0.3984375 0.125 0.125
1 0.6171875 0.03125 0.125 0.125
1 0.64453125 0.0859375 0.125 0.125
1 0.65625 0.16015625 0.125 0.125
1 0.9140625 0.328125 0.125 0.125
1 0.97265625 0.29296875 0.125 0.125
3 0.05859375 0.5625 0.125 0.125
3 0.1953125 0.64453125 0.125 0.125
3 0.51171875 0.50390625 0.125 0.125
