4 0.21875 0.36328125 0.125 0.125
3 0.08203125 0.046875 0.125 0.125
3 0.421875 0.28125 0.125 0.125
3 0.4765625 0.25390625 0.125 0.125
2 0.265625 0.3125 0.125 0.125
1 0.0703125 0.40234375 0.125 0.125
1 0.34375 0.30859375 0.125 0.125
3 0.6171875 0.2265625 0.125 0.125
3 0.6875 0.20703125 0.125 0.125
3 0.7578125 0.1875 0.125 0.125
3 0.82421875 0.15625 0.125 0.125
3 0.86328125 0.29296875 0.125 0.125
3 0.54296875 0.23046875 0.125 0.125
1 0.92578125 0.1328125 0.125 0.125
1 0.9921875 0.12890625 0.125 0.125
3 0.1796875 0.515625 0.125 0.125
1 0.125 0.8203125 0.125 0.125
