1 0.27734375 0.0390625 0.125 0.125
1 0.30078125 0.09765625 0.125 0.125
1 0.30859375 0.19921875 0.125 0.125
1 0.359375 0.32421875 0.125 0.125
1 0.3671875 0.40234375 0.125 0.125
1 0.40234375 0.45703125 0.125 0.125
3 0.5859375 0.02734375 0.125 0.125
3 0.6015625 0.08984375 0.125 0.125
3 0.61328125 0.16015625 0.125 0.125
3 0.63671875 0.29296875 0.125 0.125
3 0.6640625 0.359375 0.125 0.125
3 0.671875 0.42578125 0.125 0.125
3 0.80859375 0.3046875 0.125 0.125
3 0.84765625 0.3671875 0.125 0.125
3 0.8671875 0.4375 0.125 0.125
4 0.4609375 0.6015625 0.125 0.125
1 0.43359375 0.5390625 0.125 0.125
1 0.48046875 0.6796875 0.125 0.125
1 0.48046875 0.75 0.125 0.125
4 0.9296875 0.6328125 0.125 0.125
3 0.76171875 0.6171875 0.125 0.125
3 0.8828125 0.50390625 0.125 0.125
3 0.8984375 0.5625 0.125 0.125
1 0.73828125 0.54296875 0.125 0.125
1 0.7734375 0.6796875 0.125 0.125
1 0.81640625 0.7578125 0.125 0.125
