3 0.6328125 0.25 0.125 0.125
3 0.6953125 0.37890625 0.125 0.125
3 0.703125 0.45703125 0.125 0.125
3 0.78515625 0.28125 0.125 0.125
3 0.7890625 0.20703125 0.125 0.125
3 0.83203125 0.33984375 0.125 0.125
3 0.84375 0.41015625 0.125 0.125
1 0.86328125 0.484375 0.125 0.125
4 0.84765625 0.86328125 0.125 0.125
4 0.9140625 0.609375 0.125 0.125
4 0.93359375 0.765625 0.125 0.125
3 0.72265625 0.52734375 0.125 0.125
3 0.76171875 0.59375 0.125 0.125
3 0.7734375 0.65234375 0.125 0.125
3 0.7890625 0.71484375 0.125 0.125
3 0.875 0.9140625 0.125 0.125
3 0.8828125 0.9921875 0.125 0.125
3 0.96484375 0.8203125 0.125 0.125
1 0.8046875 0.7890625 0.125 0.125
1 0.8984375 0.546875 0.125 0.125
1 0.91796875 0.6875 0.125 0.125
1 0.99609375 0.875 0.125 0.125
