3 0.08984375 0.1015625 0.125 0.125
3 0.44140625 0.03125 0.125 0.125
3 0.46484375 0.109375 0.125 0.125
1 0.1328125 0.2890625 0.125 0.125
3 0.56640625 0.3203125 0.125 0.125
3 0.84765625 0.01171875 0.125 0.125
3 0.96484375 0.4453125 0.125 0.125
3 0.9765625 0.046875 0.125 0.125
1 0.625 0.46875 0.125 0.125
3 0.21875 0.50390625 0.125 0.125
3 0.3671875 0.96875 0.125 0.125
1 0.265625 0.7109375 0.125 0.125
1 0.3671875 0.96875 0.125 0.125
3 0.6328125 0.55078125 0.125 0.125
2 0.69140625 0.75 0.125 0.125
1 0.671875 0.625 0.125 0.125
1 0.99609375 0.58203125 0.125 0.125
