4 0.265625 0.28125 0.125 0.125
4 0.28515625 0.35546875 0.125 0.125
3 0.29296875 0.4140625 0.125 0.125
3 0.3203125 0.49609375 0.125 0.125
2 0.1953125 0.16015625 0.125 0.125
1 0.1484375 0.0234375 0.125 0.125
1 0.16796875 0.08984375 0.125 0.125
1 0.2265625 0.21875 0.125 0.125
4 0.51953125 0.203125 0.125 0.125
4 0.671875 0.23046875 0.125 0.125
3 0.50390625 0.05859375 0.125 0.125
3 0.546875 0.26953125 0.125 0.125
3 0.6328125 0.08203125 0.125 0.125
3 0.65625 0.1484375 0.125 0.125
3 0.6953125 0.30078125 0.125 0.125
3 0.73046875 0.3828125 0.125 0.125
3 0.98046875 0.06640625 0.125 0.125
3 0.9921875 0.140625 0.125 0.125
1 0.51953125 0.12109375 0.125 0.125
1 0.5625 0.3359375 0.125 0.125
1 0.59765625 0.41796875 0.125 0.125
1 0.60546875 0.0234375 0.125 0.125
1 0.95703125 0.0 0.125 0.125
4 0.4765625 0.83203125 0.125 0.125
1 0.33203125 0.5625 0.125 0.125
1 0.3515625 0.63671875 0.125 0.125
1 0.36328125 0.7109375 0.125 0.125
1 0.40625 0.83984375 0.125 0.125
3 0.62109375 0.7890625 0.125 0.125
3 0.8046875 0.7109375 0.125 0.125
3 0.94921875 0.70703125 0.125 0.125
3 0.98046875 0.8671875 0.125 0.125
1 0.5078125 0.66796875 0.125 0.125
1 0.55078125 0.80078125 0.125 0.125
1 0.640625 0.92578125 0.125 0.125
1 0.68359375 0.6953125 0.125 0.125
1 0.83203125 0.8671875 0.125 0.125
1 0.8984375 0.73046875 0.125 0.125
1 0.90625 0.8828125 0.125 0.125
1 0.94140625 0.984375 0.125 0.125
