4 0.265625 0.109375 0.125 0.125
4 0.33203125 0.328125 0.125 0.125
4 0.38671875 0.39453125 0.125 0.125
3 0.2890625 0.19140625 0.125 0.125
1 0.14453125 0.19921875 0.125 0.125
1 0.30859375 0.2578125 0.125 0.125
1 0.40234375 0.48046875 0.125 0.125
3 0.75390625 0.05078125 0.125 0.125
3 0.828125 0.2578125 0.125 0.125
3 0.8515625 0.3515625 0.125 0.125
3 0.875 0.4375 0.125 0.125
1 0.7734375 0.1328125 0.125 0.125
3 0.44140625 0.5703125 0.125 0.125
3 0.46484375 0.65625 0.125 0.125
3 0.47265625 0.73828125 0.125 0.125
3 0.51171875 0.81640625 0.125 0.125
3 0.91015625 0.50390625 0.125 0.125
