3 0.50390625 0.140625 0.125 0.125
3 0.546875 0.2890625 0.125 0.125
3 0.5703125 0.34765625 0.125 0.125
3 0.6171875 0.4921875 0.125 0.125
3 0.8515625 0.01953125 0.125 0.125
3 0.8515625 0.0859375 0.125 0.125
3 0.921875 0.21875 0.125 0.125
3 0.93359375 0.3046875 0.125 0.125
3 0.9765625 0.42578125 0.125 0.125
2 0.5234375 0.2109375 0.125 0.125
1 0.50390625 0.140625 0.125 0.125
1 0.59765625 0.42578125 0.125 0.125
1 0.8828125 0.1640625 0.125 0.125
1 0.046875 0.52734375 0.125 0.125
1 0.63671875 0.58203125 0.125 0.125
