3 0.47265625 0.390625 0.125 0.125
4 0.8671875 0.203125 0.125 0.125
4 0.9375 0.41796875 0.125 0.125
4 0.9453125 0.1875 0.125 0.125
3 0.546875 0.359375 0.125 0.125
3 0.61328125 0.34765625 0.125 0.125
3 0.75 0.3046875 0.125 0.125
3 0.78515625 0.46875 0.125 0.125
3 0.85546875 0.44140625 0.125 0.125
1 0.67578125 0.32421875 0.125 0.125
1 0.81640625 0.26171875 0.125 0.125
1 0.4453125 0.578125 0.125 0.125
4 0.6171875 0.87890625 0.125 0.125
4 0.81640625 0.796875 0.125 0.125
3 0.59765625 0.53515625 0.125 0.125
3 0.68359375 0.84375 0.125 0.125
3 0.734375 0.5 0.125 0.125
3 0.7421875 0.81640625 0.125 0.125
3 0.94921875 0.73828125 0.125 0.125
1 0.515625 0.55859375 0.125 0.125
1 0.66796875 0.51953125 0.125 0.125
1 0.88671875 0.79296875 0.125 0.125
