3 0.37109375 0.2109375 0.125 0.125
3 0.453125 0.19140625 0.125 0.125
3 0.48828125 0.3203125 0.125 0.125
1 0.42578125 0.3515625 0.125 0.125
1 0.05859375 0.44140625 0.125 0.125
3 0.59375 0.1796875 0.125 0.125
3 0.6484375 0.12890625 0.125 0.125
3 0.6953125 0.26953125 0.125 0.125
3 0.70703125 0.1015625 0.125 0.125
3 0.76953125 0.25 0.125 0.125
3 0.83203125 0.04296875 0.125 0.125
3 0.84765625 0.22265625 0.125 0.125
3 0.984375 0.0234375 0.125 0.125
1 0.5078125 0.171875 0.125 0.125
1 0.5546875 0.2890625 0.125 0.125
4 0.40234375 0.765625 0.125 0.125
3 0.20703125 0.578125 0.125 0.125
3 0.27734375 0.640625 0.125 0.125
3 0.35546875 0.70703125 0.125 0.125
3 0.4765625 0.8125 0.125 0.125
1 0.140625 0.51953125 0.125 0.125
4 0.671875 0.609375 0.125 0.125
3 0.69921875 0.96484375 0.125 0.125
1 0.5546875 0.85546875 0.125 0.125
1 0.63671875 0.92578125 0.125 0.125
1 0.734375 0.55859375 0.125 0.125
1 0.83984375 0.6796875 0.125 0.125
1 0.875 0.54296875 0.125 0.125
1 0.91015625 0.66796875 0.125 0.125
1 0.98828125 0.63671875 0.125 0.125
