3 0.9375 0.18359375 0.125 0.125
3 0.9921875 0.42578125 0.125 0.125
1 0.88671875 0.31640625 0.125 0.125
4 0.34765625 0.8046875 0.125 0.125
4 0.48828125 0.76171875 0.125 0.125
3 0.3203125 0.7265625 0.125 0.125
3 0.3671875 0.87890625 0.125 0.125
2 0.40625 0.93359375 0.125 0.125
1 0.3203125 0.65234375 0.125 0.125
3 0.55859375 0.73046875 0.125 0.125
3 0.65625 0.61328125 0.125 0.125
3 0.734375 0.83203125 0.125 0.125
3 0.953125 0.70703125 0.125 0.125
3 0.9921875 0.85546875 0.125 0.125
2 0.71484375 0.6796875 0.125 0.125
1 0.609375 0.86328125 0.125 0.125
1 0.63671875 0.5546875 0.125 0.125
1 0.72265625 0.75390625 0.125 0.125
1 0.7421875 0.91015625 0.125 0.125
1 0.765625 0.9765625 0.125 0.125
1 0.80859375 0.5703125 0.125 0.125
1 0.8671875 0.79296875 0.125 0.125
1 0.8828125 0.95703125 0.125 0.125
1 0.89453125 0.53125 0.125 0.125
