4 0.36328125 0.17578125 0.125 0.125
4 0.36328125 0.17578125 0.125 0.125
3 0.33203125 0.08984375 0.125 0.125
3 0.33203125 0.08984375 0.125 0.125
3 0.4140625 0.25 0.125 0.125
1 0.31640625 0.01171875 0.125 0.125
1 0.31640625 0.01171875 0.125 0.125
4 0.7265625 0.2734375 0.125 0.125
3 0.67578125 0.09765625 0.125 0.125
3 0.7109375 0.1953125 0.125 0.125
3 0.7265625 0.2734375 0.125 0.125
4 0.79296875 0.515625 0.125 0.125
4 0.828125 0.60546875 0.125 0.125
4 0.85546875 0.69140625 0.125 0.125
4 0.8828125 0.76171875 0.125 0.125
3 0.51953125 0.6484375 0.125 0.125
3 0.5546875 0.81640625 0.125 0.125
3 0.5859375 0.890625 0.125 0.125
3 0.71875 0.640625 0.125 0.125
3 0.79296875 0.515625 0.125 0.125
3 0.828125 0.60546875 0.125 0.125
3 0.85546875 0.69140625 0.125 0.125
3 0.9375 0.91796875 0.125 0.125
1 0.9375 0.91796875 0.125 0.125
