4 0.03125 0.296875 0.125 0.125
3 0.1484375 0.26953125 0.125 0.125
3 0.15234375 0.28125 0.125 0.125
1 0.03125 0.296875 0.125 0.125
1 0.22265625 0.23828125 0.125 0.125
3 0.58984375 0.1328125 0.125 0.125
3 0.66796875 0.1171875 0.125 0.125
3 0.6953125 0.48828125 0.125 0.125
3 0.7578125 0.45703125 0.125 0.125
3 0.83984375 0.421875 0.125 0.125
3 0.8671875 0.08984375 0.125 0.125
3 0.921875 0.39453125 0.125 0.125
3 0.9609375 0.0546875 0.125 0.125
3 0.97265625 0.359375 0.125 0.125
1 0.6953125 0.48828125 0.125 0.125
1 0.74609375 0.09765625 0.125 0.125
1 0.921875 0.39453125 0.125 0.125
1 0.97265625 0.359375 0.125 0.125
3 0.12890625 0.65234375 0.125 0.125
3 0.13671875 0.6640625 0.125 0.125
3 0.20703125 0.65234375 0.125 0.125
3 0.3046875 0.61328125 0.125 0.125
3 0.3984375 0.59375 0.125 0.125
3 0.47265625 0.55859375 0.125 0.125
3 0.48046875 0.7578125 0.125 0.125
1 0.3984375 0.59375 0.125 0.125
1 0.40234375 0.79296875 0.125 0.125
1 0.47265625 0.55859375 0.125 0.125
3 0.55078125 0.5390625 0.125 0.125
3 0.625 0.7421875 0.125 0.125
3 0.67578125 0.6796875 0.125 0.125
3 0.81640625 0.59375 0.125 0.125
1 0.67578125 0.6796875 0.125 0.125
1 0.73828125 0.62890625 0.125 0.125
1 0.81640625 0.59375 0.125 0.125
1 0.62890625 0.5234375 0.125 0.125
