3 0.10546875 0.05859375 0.125 0.125
3 0.12890625 0.1328125 0.125 0.125
3 0.48046875 0.3984375 0.125 0.125
3 0.4921875 0.1953125 0.125 0.125
1 0.3046875 0.4375 0.125 0.125
1 0.375 0.0703125 0.125 0.125
1 0.421875 0.23046875 0.125 0.125
1 0.546875 0.3671875 0.125 0.125
4 0.80859375 0.88671875 0.125 0.125
3 0.53125 0.546875 0.125 0.125
3 0.65234375 0.9375 0.125 0.125
3 0.75390625 0.55859375 0.125 0.125
3 0.953125 0.84765625 0.125 0.125
3 0.96484375 0.83984375 0.125 0.125
1 0.6015625 0.515625 0.125 0.125
