3 0.30859375 0.04296875 0.125 0.125
3 0.3515625 0.1796875 0.125 0.125
3 0.36328125 0.26171875 0.125 0.125
3 0.0859375 0.3828125 0.125 0.125
1 0.1171875 0.0078125 0.125 0.125
3 0.53515625 0.04296875 0.125 0.125
3 0.69921875 0.07421875 0.125 0.125
3 0.69921875 0.16015625 0.125 0.125
3 0.703125 0.45703125 0.125 0.125
3 0.796875 0.16015625 0.125 0.125
3 0.83984375 0.4140625 0.125 0.125
3 0.99609375 0.3671875 0.125 0.125
1 0.72265625 0.31640625 0.125 0.125
1 0.87890625 0.125 0.125 0.125
1 0.9453125 0.0859375 0.125 0.125
3 0.33984375 0.58203125 0.125 0.125
1 0.16796875 0.63671875 0.125 0.125
