3 0.01953125 0.19140625 0.125 0.125
3 0.05859375 0.3359375 0.125 0.125
3 0.09375 0.171875 0.125 0.125
3 0.125 0.3203125 0.125 0.125
3 0.15625 0.16015625 0.125 0.125
3 0.18359375 0.28515625 0.125 0.125
3 0.21875 0.14453125 0.125 0.125
3 0.25390625 0.26953125 0.125 0.125
3 0.28125 0.125 0.125 0.125
3 0.3203125 0.26171875 0.125 0.125
3 0.34375 0.109375 0.125 0.125
3 0.40625 0.09375 0.125 0.125
1 0.37890625 0.24609375 0.125 0.125
1 0.4453125 0.2265625 0.125 0.125
1 0.46875 0.0546875 0.125 0.125
1 0.5 0.20703125 0.125 0.125
1 0.9921875 0.3203125 0.125 0.125
3 0.09375 0.7578125 0.125 0.125
3 0.16015625 0.7265625 0.125 0.125
3 0.23046875 0.70703125 0.125 0.125
3 0.43359375 0.65234375 0.125 0.125
1 0.05859375 0.62890625 0.125 0.125
1 0.36328125 0.8359375 0.125 0.125
2 0.01953125 0.69140625 0.125 0.125
