4 0.99609375 0.06640625 0.125 0.125
3 0.5703125 0.1875 0.125 0.125
3 0.62890625 0.40234375 0.125 0.125
3 0.63671875 0.30859375 0.125 0.125
3 0.64453125 0.4609375 0.125 0.125
3 0.8671875 0.11328125 0.125 0.125
3 0.8671875 0.1796875 0.125 0.125
3 0.87890625 0.49609375 0.125 0.125
3 0.9375 0.3046875 0.125 0.125
3 0.94140625 0.39453125 0.125 0.125
1 0.60546875 0.23828125 0.125 0.125
1 0.87890625 0.24609375 0.125 0.125
1 0.54296875 0.1015625 0.125 0.125
1 0.36328125 0.53515625 0.125 0.125
3 0.6640625 0.546875 0.125 0.125
3 0.6796875 0.94140625 0.125 0.125
3 0.85546875 0.875 0.125 0.125
