3 0.296875 0.34375 0.125 0.125
3 0.328125 0.015625 0.125 0.125
3 0.3515625 0.08203125 0.125 0.125
3 0.41015625 0.2265625 0.125 0.125
3 0.43359375 0.30859375 0.125 0.125
3 0.44140625 0.3828125 0.125 0.125
3 0.484375 0.0390625 0.125 0.125
1 0.31640625 0.4296875 0.125 0.125
1 0.37109375 0.15625 0.125 0.125
1 0.46875 0.44921875 0.125 0.125
4 0.59765625 0.33984375 0.125 0.125
4 0.61328125 0.40625 0.125 0.125
3 0.51953125 0.1171875 0.125 0.125
3 0.55859375 0.19140625 0.125 0.125
3 0.5625 0.24609375 0.125 0.125
3 0.65234375 0.4765625 0.125 0.125
3 0.359375 0.5703125 0.125 0.125
1 0.4765625 0.53125 0.125 0.125
