3 0.46484375 0.40625 0.125 0.125
1 0.45703125 0.3515625 0.125 0.125
1 0.49609375 0.47265625 0.125 0.125
3 0.7890625 0.31640625 0.125 0.125
3 0.81640625 0.3671875 0.125 0.125
3 0.85546875 0.140625 0.125 0.125
3 0.875 0.20703125 0.125 0.125
3 0.9453125 0.33984375 0.125 0.125
2 0.7265625 0.171875 0.125 0.125
1 0.734375 0.24609375 0.125 0.125
1 0.83203125 0.44140625 0.125 0.125
1 0.91015625 0.26953125 0.125 0.125
1 0.953125 0.390625 0.125 0.125
1 0.9765625 0.46875 0.125 0.125
3 0.5390625 0.54296875 0.125 0.125
3 0.56640625 0.6015625 0.125 0.125
3 0.640625 0.96875 0.125 0.125
3 0.890625 0.64453125 0.125 0.125
3 0.91796875 0.71875 0.125 0.125
3 0.9375 0.7890625 0.125 0.125
3 0.9453125 0.84765625 0.125 0.125
3 0.984375 0.53515625 0.125 0.125
3 0.984375 0.98828125 0.125 0.125
1 0.56640625 0.671875 0.125 0.125
1 0.58984375 0.734375 0.125 0.125
1 0.6171875 0.8125 0.125 0.125
1 0.6484375 0.8828125 0.125 0.125
1 0.84765625 0.51171875 0.125 0.125
1 0.95703125 0.9140625 0.125 0.125
