4 0.2734375 0.0078125 0.125 0.125
4 0.30078125 0.09375 0.125 0.125
4 0.33984375 0.16796875 0.125 0.125
3 0.35546875 0.24609375 0.125 0.125
1 0.0078125 0.12109375 0.125 0.125
1 0.046875 0.2109375 0.125 0.125
1 0.0625 0.3515625 0.125 0.125
1 0.0859375 0.421875 0.125 0.125
1 0.11328125 0.4921875 0.125 0.125
1 0.4140625 0.3828125 0.125 0.125
1 0.4140625 0.45703125 0.125 0.125
3 0.0078125 0.65625 0.125 0.125
3 0.02734375 0.7265625 0.125 0.125
3 0.0390625 0.79296875 0.125 0.125
3 0.04296875 0.8671875 0.125 0.125
3 0.04296875 0.9375 0.125 0.125
3 0.1328125 0.5703125 0.125 0.125
1 0.41015625 0.5390625 0.125 0.125
