3 0.00390625 0.265625 0.125 0.125
3 0.0703125 0.4609375 0.125 0.125
3 0.265625 0.01953125 0.125 0.125
3 0.36328125 0.30859375 0.125 0.125
3 0.37890625 0.37109375 0.125 0.125
1 0.03515625 0.40234375 0.125 0.125
1 0.33984375 0.23046875 0.125 0.125
1 0.4140625 0.43359375 0.125 0.125
4 0.4921875 0.69921875 0.125 0.125
3 0.0859375 0.5234375 0.125 0.125
3 0.11328125 0.5859375 0.125 0.125
3 0.1796875 0.80859375 0.125 0.125
3 0.42578125 0.5 0.125 0.125
3 0.4453125 0.56640625 0.125 0.125
1 0.12890625 0.66796875 0.125 0.125
1 0.19921875 0.8671875 0.125 0.125
1 0.46875 0.63671875 0.125 0.125
4 0.578125 0.98828125 0.125 0.125
3 0.734375 0.5625 0.125 0.125
3 0.84375 0.55078125 0.125 0.125
3 0.84765625 0.90234375 0.125 0.125
1 0.50390625 0.77734375 0.125 0.125
1 0.52734375 0.85546875 0.125 0.125
