3 0.26953125 0.44140625 0.125 0.125
1 0.140625 0.484375 0.125 0.125
1 0.20703125 0.46875 0.125 0.125
1 0.3203125 0.39453125 0.125 0.125
1 0.3828125 0.37890625 0.125 0.125
1 0.44921875 0.35546875 0.125 0.125
4 0.734375 0.3984375 0.125 0.125
3 0.69140625 0.31640625 0.125 0.125
1 0.54296875 0.33984375 0.125 0.125
1 0.75 0.46875 0.125 0.125
2 0.39453125 0.79296875 0.125 0.125
3 0.0234375 0.54296875 0.125 0.125
3 0.1015625 0.86328125 0.125 0.125
3 0.4453125 0.75390625 0.125 0.125
1 0.08203125 0.51171875 0.125 0.125
1 0.1796875 0.83984375 0.125 0.125
1 0.26171875 0.83203125 0.125 0.125
1 0.328125 0.80859375 0.125 0.125
3 0.76953125 0.546875 0.125 0.125
1 0.51171875 0.7578125 0.125 0.125
1 0.578125 0.734375 0.125 0.125
1 0.64453125 0.703125 0.125 0.125
