3 0.12890625 0.15234375 0.125 0.125
3 0.13671875 0.1640625 0.125 0.125
3 0.20703125 0.15234375 0.125 0.125
3 0.3046875 0.11328125 0.125 0.125
3 0.3984375 0.09375 0.125 0.125
3 0.47265625 0.05859375 0.125 0.125
3 0.48046875 0.2578125 0.125 0.125
1 0.3984375 0.09375 0.125 0.125
1 0.40234375 0.29296875 0.125 0.125
1 0.47265625 0.05859375 0.125 0.125
3 0.55078125 0.0390625 0.125 0.125
3 0.625 0.2421875 0.125 0.125
3 0.67578125 0.1796875 0.125 0.125
3 0.81640625 0.09375 0.125 0.125
1 0.67578125 0.1796875 0.125 0.125
1 0.73828125 0.12890625 0.125 0.125
1 0.81640625 0.09375 0.125 0.125
1 0.62890625 0.0234375 0.125 0.125
