3 0.0859375 0.2265625 0.125 0.125
3 0.33984375 0.30078125 0.125 0.125
1 0.28515625 0.1484375 0.125 0.125
1 0.4765625 0.08203125 0.125 0.125
1 0.4921875 0.16015625 0.125 0.125
3 0.55078125 0.359375 0.125 0.125
3 0.5703125 0.4296875 0.125 0.125
3 0.58203125 0.4921875 0.125 0.125
1 0.54296875 0.296875 0.125 0.125
3 0.234375 0.71484375 0.125 0.125
1 0.40234375 0.53125 0.125 0.125
1 0.4609375 0.7109375 0.125 0.125
3 0.640625 0.6328125 0.125 0.125
3 0.515625 0.8671875 0.125 0.125
1 0.5859375 0.57421875 0.125 0.125
