3 0.3203125 0.37109375 0.125 0.125
3 0.34765625 0.453125 0.125 0.125
2 0.26953125 0.09375 0.125 0.125
3 0.70703125 0.0703125 0.125 0.125
3 0.80078125 0.30078125 0.125 0.125
3 0.8203125 0.375 0.125 0.125
3 0.83984375 0.44140625 0.125 0.125
1 0.75390625 0.14453125 0.125 0.125
1 0.78125 0.23046875 0.125 0.125
3 0.34765625 0.9140625 0.125 0.125
3 0.40625 0.5859375 0.125 0.125
3 0.421875 0.66015625 0.125 0.125
3 0.45703125 0.80078125 0.125 0.125
1 0.3828125 0.515625 0.125 0.125
1 0.44140625 0.73046875 0.125 0.125
3 0.5 0.875 0.125 0.125
