4 0.2109375 0.12109375 0.125 0.125
4 0.24609375 0.41796875 0.125 0.125
3 0.05078125 0.4921875 0.125 0.125
3 0.13671875 0.15625 0.125 0.125
3 0.19140625 0.46875 0.125 0.125
3 0.31640625 0.41015625 0.125 0.125
1 0.01953125 0.19921875 0.125 0.125
1 0.0390625 0.03125 0.125 0.125
1 0.08203125 0.17578125 0.125 0.125
1 0.12109375 0.4765625 0.125 0.125
1 0.28125 0.09765625 0.125 0.125
1 0.98046875 0.08984375 0.125 0.125
3 0.046875 0.6640625 0.125 0.125
3 0.07421875 0.97265625 0.125 0.125
3 0.1015625 0.63671875 0.125 0.125
3 0.171875 0.6171875 0.125 0.125
3 0.30078125 0.55859375 0.125 0.125
1 0.01171875 0.9921875 0.125 0.125
1 0.33984375 0.86328125 0.125 0.125
1 0.453125 0.95703125 0.125 0.125
