1 0.46484375 0.0546875 0.125 0.125
1 0.48828125 0.19140625 0.125 0.125
3 0.50390625 0.265625 0.125 0.125
3 0.5703125 0.4609375 0.125 0.125
3 0.765625 0.01953125 0.125 0.125
3 0.86328125 0.30859375 0.125 0.125
3 0.87890625 0.37109375 0.125 0.125
1 0.53515625 0.40234375 0.125 0.125
1 0.83984375 0.23046875 0.125 0.125
1 0.9140625 0.43359375 0.125 0.125
3 0.28125 0.96875 0.125 0.125
1 0.3984375 0.76953125 0.125 0.125
4 0.9921875 0.69921875 0.125 0.125
3 0.5859375 0.5234375 0.125 0.125
3 0.61328125 0.5859375 0.125 0.125
3 0.6796875 0.80859375 0.125 0.125
3 0.92578125 0.5 0.125 0.125
3 0.9453125 0.56640625 0.125 0.125
1 0.62890625 0.66796875 0.125 0.125
1 0.69921875 0.8671875 0.125 0.125
1 0.96875 0.63671875 0.125 0.125
