3 0.5390625 0.11328125 0.125 0.125
3 0.68359375 0.078125 0.125 0.125
3 0.75 0.13671875 0.125 0.125
1 0.546875 0.18359375 0.125 0.125
1 0.609375 0.3515625 0.125 0.125
1 0.69140625 0.3203125 0.125 0.125
1 0.91796875 0.49609375 0.125 0.125
3 0.37890625 0.96875 0.125 0.125
3 0.55078125 0.90234375 0.125 0.125
3 0.7578125 0.51171875 0.125 0.125
1 0.65625 0.53125 0.125 0.125
1 0.73046875 0.875 0.125 0.125
1 0.828125 0.51171875 0.125 0.125
1 0.9140625 0.9609375 0.125 0.125
1 0.94140625 0.6328125 0.125 0.125
