1 0.3125 0.24609375 0.125 0.125
1 0.48046875 0.48828125 0.125 0.125
1 0.5546875 0.45703125 0.125 0.125
3 0.203125 0.57421875 0.125 0.125
3 0.2109375 0.9296875 0.125 0.125
3 0.33984375 0.54296875 0.125 0.125
3 0.40625 0.515625 0.125 0.125
3 0.14453125 0.81640625 0.125 0.125
3 0.14453125 0.96484375 0.125 0.125
1 0.0703125 0.58203125 0.125 0.125
1 0.26953125 0.5546875 0.125 0.125
1 0.28515625 0.89453125 0.125 0.125
1 0.36328125 0.87890625 0.125 0.125
1 0.4453125 0.84765625 0.125 0.125
1 0.48046875 0.98828125 0.125 0.125
3 0.5546875 0.98828125 0.125 0.125
3 0.58203125 0.82421875 0.125 0.125
3 0.73046875 0.57421875 0.125 0.125
3 0.76171875 0.63671875 0.125 0.125
3 0.77734375 0.7109375 0.125 0.125
3 0.78125 0.8125 0.125 0.125
3 0.80078125 0.88671875 0.125 0.125
2 0.8125 0.9765625 0.125 0.125
1 0.5078125 0.83984375 0.125 0.125
1 0.61328125 0.9609375 0.125 0.125
