1 0.42578125 0.3671875 0.125 0.125
4 0.66015625 0.4375 0.125 0.125
3 0.62109375 0.3125 0.125 0.125
3 0.8828125 0.203125 0.125 0.125
3 0.9140625 0.34375 0.125 0.125
3 0.9375 0.18359375 0.125 0.125
3 0.98828125 0.3046875 0.125 0.125
1 0.59765625 0.45703125 0.125 0.125
1 0.66015625 0.4375 0.125 0.125
1 0.6875 0.27734375 0.125 0.125
1 0.75390625 0.2734375 0.125 0.125
1 0.79296875 0.41015625 0.125 0.125
1 0.9375 0.18359375 0.125 0.125
3 0.74609375 0.7421875 0.125 0.125
3 0.8125 0.72265625 0.125 0.125
3 0.875 0.68359375 0.125 0.125
3 0.9453125 0.66015625 0.125 0.125
1 0.62109375 0.7734375 0.125 0.125
1 0.6875 0.7578125 0.125 0.125
1 0.9453125 0.66015625 0.125 0.125
