4 0.13671875 0.45703125 0.125 0.125
3 0.22265625 0.42578125 0.125 0.125
3 0.27734375 0.41015625 0.125 0.125
3 0.359375 0.40234375 0.125 0.125
3 0.49609375 0.34375 0.125 0.125
1 0.0703125 0.4765625 0.125 0.125
1 0.4609375 0.08203125 0.125 0.125
3 0.55859375 0.3203125 0.125 0.125
3 0.63671875 0.3203125 0.125 0.125
1 0.71875 0.2890625 0.125 0.125
4 0.484375 0.703125 0.125 0.125
3 0.21484375 0.8046875 0.125 0.125
3 0.29296875 0.78125 0.125 0.125
3 0.359375 0.76171875 0.125 0.125
3 0.08203125 0.859375 0.125 0.125
1 0.43359375 0.73046875 0.125 0.125
3 0.59375 0.671875 0.125 0.125
3 0.6640625 0.66015625 0.125 0.125
3 0.81640625 0.61328125 0.125 0.125
