3 0.1640625 0.203125 0.125 0.125
3 0.18359375 0.2734375 0.125 0.125
3 0.21875 0.34375 0.125 0.125
1 0.25390625 0.421875 0.125 0.125
4 0.2734375 0.5078125 0.125 0.125
4 0.30078125 0.59375 0.125 0.125
4 0.33984375 0.66796875 0.125 0.125
3 0.35546875 0.74609375 0.125 0.125
1 0.0078125 0.62109375 0.125 0.125
1 0.046875 0.7109375 0.125 0.125
1 0.0625 0.8515625 0.125 0.125
1 0.0859375 0.921875 0.125 0.125
1 0.11328125 0.9921875 0.125 0.125
1 0.4140625 0.8828125 0.125 0.125
1 0.4140625 0.95703125 0.125 0.125
