3 0.125 0.3671875 0.125 0.125
3 0.40234375 0.29296875 0.125 0.125
1 0.078125 0.2265625 0.125 0.125
1 0.24609375 0.16015625 0.125 0.125
1 0.2578125 0.34375 0.125 0.125
1 0.3359375 0.3046875 0.125 0.125
1 0.48046875 0.26171875 0.125 0.125
3 0.55078125 0.06640625 0.125 0.125
3 0.69921875 0.01953125 0.125 0.125
3 0.81640625 0.13671875 0.125 0.125
3 0.875 0.1171875 0.125 0.125
1 0.546875 0.21484375 0.125 0.125
1 0.61328125 0.203125 0.125 0.125
3 0.1171875 0.7421875 0.125 0.125
1 0.06640625 0.77734375 0.125 0.125
1 0.18359375 0.69140625 0.125 0.125
1 0.25390625 0.66015625 0.125 0.125
1 0.421875 0.74609375 0.125 0.125
1 0.71875 0.98828125 0.125 0.125
