1 0.26171875 0.4453125 0.125 0.125
1 0.20703125 0.40234375 0.125 0.125
3 0.671875 0.4609375 0.125 0.125
3 0.953125 0.3671875 0.125 0.125
3 0.3203125 0.8359375 0.125 0.125
3 0.33203125 0.671875 0.125 0.125
3 0.37890625 0.55078125 0.125 0.125
3 0.46875 0.9375 0.125 0.125
1 0.390625 0.96875 0.125 0.125
3 0.58984375 0.67578125 0.125 0.125
3 0.7421875 0.703125 0.125 0.125
3 0.875 0.6640625 0.125 0.125
3 0.9453125 0.8046875 0.125 0.125
1 0.515625 0.5078125 0.125 0.125
1 0.765625 0.8515625 0.125 0.125
1 0.77734375 0.953125 0.125 0.125
1 0.859375 0.8359375 0.125 0.125
