3 0.328125 0.01171875 0.125 0.125
1 0.43359375 0.28515625 0.125 0.125
4 0.91015625 0.15625 0.125 0.125
3 0.58203125 0.26171875 0.125 0.125
3 0.65234375 0.234375 0.125 0.125
3 0.71875 0.2265625 0.125 0.125
3 0.84375 0.38671875 0.125 0.125
1 0.5078125 0.26953125 0.125 0.125
1 0.77734375 0.1953125 0.125 0.125
1 0.85546875 0.18359375 0.125 0.125
4 0.171875 0.9140625 0.125 0.125
4 0.33984375 0.8671875 0.125 0.125
3 0.5078125 0.8125 0.125 0.125
3 0.8359375 0.70703125 0.125 0.125
1 0.703125 0.75390625 0.125 0.125
