3 0.10546875 0.32421875 0.125 0.125
3 0.25390625 0.2734375 0.125 0.125
3 0.43359375 0.2265625 0.125 0.125
3 0.55859375 0.43359375 0.125 0.125
3 0.7109375 0.3984375 0.125 0.125
3 0.8828125 0.34765625 0.125 0.125
3 0.9375 0.0703125 0.125 0.125
1 0.55859375 0.1875 0.125 0.125
1 0.71484375 0.1328125 0.125 0.125
4 0.23046875 0.953125 0.125 0.125
4 0.3046875 0.9453125 0.125 0.125
3 0.0 0.81640625 0.125 0.125
3 0.0546875 0.609375 0.125 0.125
3 0.0859375 0.78515625 0.125 0.125
3 0.13671875 0.97265625 0.125 0.125
3 0.3046875 0.7421875 0.125 0.125
3 0.359375 0.90234375 0.125 0.125
1 0.1640625 0.7265625 0.125 0.125
1 0.23046875 0.55078125 0.125 0.125
