3 0.31640625 0.0078125 0.125 0.125
3 0.33203125 0.29296875 0.125 0.125
3 0.5 0.2734375 0.125 0.125
3 0.6328125 0.22265625 0.125 0.125
3 0.890625 0.47265625 0.125 0.125
3 0.33984375 0.703125 0.125 0.125
1 0.2890625 0.54296875 0.125 0.125
1 0.34765625 0.78515625 0.125 0.125
1 0.37109375 0.85546875 0.125 0.125
3 0.60546875 0.734375 0.125 0.125
3 0.75 0.53125 0.125 0.125
3 0.94140625 0.62890625 0.125 0.125
1 0.609375 0.55078125 0.125 0.125
1 0.67578125 0.68359375 0.125 0.125
1 0.74609375 0.68359375 0.125 0.125
1 0.85546875 0.640625 0.125 0.125
