3 0.41796875 0.42578125 0.125 0.125
2 0.2421875 0.3046875 0.125 0.125
1 0.0234375 0.375 0.125 0.125
1 0.15625 0.32421875 0.125 0.125
1 0.28515625 0.01171875 0.125 0.125
1 0.36328125 0.2734375 0.125 0.125
1 0.4453125 0.24609375 0.125 0.125
3 0.90234375 0.1484375 0.125 0.125
3 0.99609375 0.13671875 0.125 0.125
1 0.65625 0.140625 0.125 0.125
1 0.69921875 0.28515625 0.125 0.125
1 0.75390625 0.45703125 0.125 0.125
3 0.37109375 0.9921875 0.125 0.125
1 0.27734375 0.765625 0.125 0.125
1 0.40234375 0.69921875 0.125 0.125
