3 0.171875 0.296875 0.125 0.125
1 0.3671875 0.2421875 0.125 0.125
4 0.9765625 0.421875 0.125 0.125
3 0.53125 0.19921875 0.125 0.125
3 0.671875 0.140625 0.125 0.125
3 0.77734375 0.34375 0.125 0.125
3 0.83984375 0.1015625 0.125 0.125
3 0.859375 0.44921875 0.125 0.125
1 0.5078125 0.3046875 0.125 0.125
1 0.578125 0.2890625 0.125 0.125
1 0.9765625 0.421875 0.125 0.125
1 0.984375 0.06640625 0.125 0.125
4 0.30859375 0.61328125 0.125 0.125
1 0.43359375 0.56640625 0.125 0.125
3 0.58984375 0.51953125 0.125 0.125
