3 0.375 0.234375 0.125 0.125
3 0.40234375 0.37109375 0.125 0.125
3 0.4140625 0.234375 0.125 0.125
1 0.296875 0.26953125 0.125 0.125
1 0.328125 0.4140625 0.125 0.125
1 0.42578125 0.1015625 0.125 0.125
4 0.57421875 0.33203125 0.125 0.125
4 0.59765625 0.40234375 0.125 0.125
4 0.625 0.4765625 0.125 0.125
4 0.90234375 0.15234375 0.125 0.125
3 0.5 0.19921875 0.125 0.125
3 0.70703125 0.1171875 0.125 0.125
3 0.9609375 0.03515625 0.125 0.125
1 0.765625 0.17578125 0.125 0.125
1 0.828125 0.0703125 0.125 0.125
3 0.10546875 0.55859375 0.125 0.125
3 0.12890625 0.6328125 0.125 0.125
3 0.48046875 0.8984375 0.125 0.125
3 0.4921875 0.6953125 0.125 0.125
1 0.3046875 0.9375 0.125 0.125
1 0.375 0.5703125 0.125 0.125
1 0.421875 0.73046875 0.125 0.125
1 0.546875 0.8671875 0.125 0.125
