4 0.0390625 0.2421875 0.125 0.125
4 0.40234375 0.36328125 0.125 0.125
3 0.01171875 0.10546875 0.125 0.125
3 0.07421875 0.37109375 0.125 0.125
3 0.296875 0.01953125 0.125 0.125
3 0.3359375 0.08203125 0.125 0.125
3 0.34765625 0.1640625 0.125 0.125
3 0.43359375 0.42578125 0.125 0.125
1 0.03125 0.1640625 0.125 0.125
1 0.07421875 0.3046875 0.125 0.125
1 0.1015625 0.44921875 0.125 0.125
1 0.375 0.23046875 0.125 0.125
1 0.390625 0.2890625 0.125 0.125
1 0.46484375 0.046875 0.125 0.125
1 0.48046875 0.12890625 0.125 0.125
1 0.4921875 0.265625 0.125 0.125
4 0.953125 0.0625 0.125 0.125
3 0.76953125 0.0390625 0.125 0.125
3 0.81640625 0.2421875 0.125 0.125
3 0.57421875 0.390625 0.125 0.125
3 0.57421875 0.46484375 0.125 0.125
1 0.515625 0.1875 0.125 0.125
1 0.55078125 0.3203125 0.125 0.125
1 0.77734375 0.09765625 0.125 0.125
1 0.8046875 0.171875 0.125 0.125
1 0.875 0.3125 0.125 0.125
1 0.89453125 0.37109375 0.125 0.125
1 0.91015625 0.4296875 0.125 0.125
1 0.9453125 0.125 0.125 0.125
1 0.96875 0.1953125 0.125 0.125
4 0.01953125 0.703125 0.125 0.125
4 0.171875 0.73046875 0.125 0.125
3 0.00390625 0.55859375 0.125 0.125
3 0.046875 0.76953125 0.125 0.125
3 0.1328125 0.58203125 0.125 0.125
3 0.15625 0.6484375 0.125 0.125
3 0.1953125 0.80078125 0.125 0.125
3 0.23046875 0.8828125 0.125 0.125
3 0.48046875 0.56640625 0.125 0.125
3 0.4921875 0.640625 0.125 0.125
1 0.01953125 0.62109375 0.125 0.125
1 0.0625 0.8359375 0.125 0.125
1 0.09765625 0.91796875 0.125 0.125
1 0.10546875 0.5234375 0.125 0.125
1 0.45703125 0.5 0.125 0.125
4 0.55078125 0.77734375 0.125 0.125
4 0.66015625 0.66015625 0.125 0.125
4 0.9453125 0.57421875 0.125 0.125
3 0.9375 0.5078125 0.125 0.125
3 0.96484375 0.6484375 0.125 0.125
3 0.5078125 0.703125 0.125 0.125
3 0.59375 0.53515625 0.125 0.125
1 0.62890625 0.59765625 0.125 0.125
1 0.66796875 0.734375 0.125 0.125
