3 0.0234375 0.32421875 0.125 0.125
1 0.09765625 0.30859375 0.125 0.125
3 0.84375 0.20703125 0.125 0.125
3 0.8828125 0.0390625 0.125 0.125
3 0.90625 0.3828125 0.125 0.125
3 0.94921875 0.0234375 0.125 0.125
4 0.48046875 0.80859375 0.125 0.125
3 0.00390625 0.62109375 0.125 0.125
3 0.22265625 0.9375 0.125 0.125
1 0.03125 0.70703125 0.125 0.125
1 0.04296875 0.77734375 0.125 0.125
1 0.0546875 0.84765625 0.125 0.125
3 0.828125 0.95703125 0.125 0.125
3 0.91015625 0.94921875 0.125 0.125
3 0.94921875 0.5625 0.125 0.125
1 0.6484375 0.76171875 0.125 0.125
1 0.7578125 0.9921875 0.125 0.125
1 0.8203125 0.71484375 0.125 0.125
1 0.9921875 0.94140625 0.125 0.125
