4 0.48046875 0.30859375 0.125 0.125
3 0.00390625 0.12109375 0.125 0.125
3 0.22265625 0.4375 0.125 0.125
1 0.03125 0.20703125 0.125 0.125
1 0.04296875 0.27734375 0.125 0.125
1 0.0546875 0.34765625 0.125 0.125
3 0.828125 0.45703125 0.125 0.125
3 0.91015625 0.44921875 0.125 0.125
3 0.94921875 0.0625 0.125 0.125
1 0.6484375 0.26171875 0.125 0.125
1 0.7578125 0.4921875 0.125 0.125
1 0.8203125 0.21484375 0.125 0.125
1 0.9921875 0.44140625 0.125 0.125
3 0.25 0.625 0.125 0.125
3 0.34375 0.64453125 0.125 0.125
3 0.390625 0.609375 0.125 0.125
1 0.359375 0.7734375 0.125 0.125
1 0.4609375 0.58984375 0.125 0.125
3 0.55078125 0.56640625 0.125 0.125
3 0.6640625 0.8359375 0.125 0.125
3 0.69140625 0.5 0.125 0.125
1 0.53515625 0.94921875 0.125 0.125
1 0.6171875 0.53515625 0.125 0.125
1 0.66796875 0.921875 0.125 0.125
