4 0.7421875 0.203125 0.125 0.125
4 0.75390625 0.48828125 0.125 0.125
3 0.7421875 0.0 0.125 0.125
3 0.7578125 0.4140625 0.125 0.125
3 0.76171875 0.1328125 0.125 0.125
1 0.73046875 0.3515625 0.125 0.125
1 0.734375 0.0703125 0.125 0.125
3 0.35546875 0.52734375 0.125 0.125
3 0.36328125 0.66796875 0.125 0.125
3 0.3671875 0.890625 0.125 0.125
3 0.375 0.97265625 0.125 0.125
3 0.3828125 0.6015625 0.125 0.125
3 0.3828125 0.73828125 0.125 0.125
3 0.0 0.95703125 0.125 0.125
3 0.1484375 0.96875 0.125 0.125
2 0.36328125 0.8125 0.125 0.125
1 0.0703125 0.97265625 0.125 0.125
