3 0.23046875 0.2421875 0.125 0.125
3 0.41015625 0.01953125 0.125 0.125
1 0.3671875 0.25 0.125 0.125
1 0.48046875 0.265625 0.125 0.125
1 0.2265625 0.0234375 0.125 0.125
1 0.29296875 0.25 0.125 0.125
1 0.5703125 0.03125 0.125 0.125
1 0.640625 0.203125 0.125 0.125
1 0.7578125 0.00390625 0.125 0.125
3 0.1328125 0.73828125 0.125 0.125
3 0.32421875 0.75 0.125 0.125
3 0.40625 0.578125 0.125 0.125
1 0.21484375 0.5859375 0.125 0.125
4 0.94921875 0.5546875 0.125 0.125
3 0.55078125 0.58203125 0.125 0.125
3 0.80859375 0.73046875 0.125 0.125
