4 0.25 0.49609375 0.125 0.125
3 0.078125 0.29296875 0.125 0.125
2 0.28125 0.41796875 0.125 0.125
1 0.20703125 0.30078125 0.125 0.125
4 0.796875 0.2734375 0.125 0.125
4 0.84765625 0.23828125 0.125 0.125
1 0.82421875 0.47265625 0.125 0.125
1 0.87890625 0.4296875 0.125 0.125
1 0.9453125 0.39453125 0.125 0.125
3 0.30859375 0.80078125 0.125 0.125
1 0.32421875 0.7109375 0.125 0.125
4 0.80078125 0.66796875 0.125 0.125
4 0.921875 0.8203125 0.125 0.125
4 0.9765625 0.55078125 0.125 0.125
2 0.93359375 0.96484375 0.125 0.125
2 0.984375 0.9296875 0.125 0.125
1 0.84765625 0.8515625 0.125 0.125
1 0.859375 0.625 0.125 0.125
1 0.9140625 0.58984375 0.125 0.125
1 0.97265625 0.7890625 0.125 0.125
