3 0.0625 0.3671875 0.125 0.125
3 0.20703125 0.48828125 0.125 0.125
3 0.21875 0.328125 0.125 0.125
3 0.28125 0.48046875 0.125 0.125
1 0.13671875 0.48828125 0.125 0.125
1 0.140625 0.3515625 0.125 0.125
1 0.29296875 0.328125 0.125 0.125
1 0.3515625 0.49609375 0.125 0.125
1 0.35546875 0.328125 0.125 0.125
1 0.0 0.4921875 0.125 0.125
1 0.00390625 0.37890625 0.125 0.125
3 0.81640625 0.02734375 0.125 0.125
3 0.8203125 0.22265625 0.125 0.125
3 0.8203125 0.36328125 0.125 0.125
3 0.06640625 0.5 0.125 0.125
3 0.07421875 0.87109375 0.125 0.125
3 0.13671875 0.875 0.125 0.125
3 0.28515625 0.859375 0.125 0.125
3 0.359375 0.859375 0.125 0.125
3 0.49609375 0.86328125 0.125 0.125
1 0.20703125 0.8671875 0.125 0.125
1 0.4375 0.8671875 0.125 0.125
3 0.8125 0.53515625 0.125 0.125
1 0.80859375 0.7109375 0.125 0.125
