3 0.01171875 0.29296875 0.125 0.125
1 0.125 0.27734375 0.125 0.125
1 0.19921875 0.28515625 0.125 0.125
1 0.36328125 0.28125 0.125 0.125
1 0.4296875 0.296875 0.125 0.125
3 0.8828125 0.0703125 0.125 0.125
3 0.9453125 0.30078125 0.125 0.125
3 0.97265625 0.0703125 0.125 0.125
1 0.52734375 0.2890625 0.125 0.125
1 0.85546875 0.2890625 0.125 0.125
3 0.0234375 0.63671875 0.125 0.125
2 0.1796875 0.64453125 0.125 0.125
2 0.92578125 0.66015625 0.125 0.125
1 0.63671875 0.58984375 0.125 0.125
1 0.90234375 0.9609375 0.125 0.125
