3 0.83984375 0.44921875 0.125 0.125
3 0.87890625 0.4296875 0.125 0.125
3 0.89453125 0.30859375 0.125 0.125
3 0.8984375 0.1875 0.125 0.125
3 0.9375 0.30859375 0.125 0.125
3 0.9375 0.4453125 0.125 0.125
3 0.97265625 0.1953125 0.125 0.125
3 0.9921875 0.4375 0.125 0.125
3 0.76171875 0.7578125 0.125 0.125
3 0.7734375 0.62109375 0.125 0.125
3 0.77734375 0.9140625 0.125 0.125
3 0.8125 0.74609375 0.125 0.125
3 0.828125 0.8984375 0.125 0.125
3 0.83203125 0.59765625 0.125 0.125
3 0.8671875 0.73828125 0.125 0.125
3 0.8828125 0.88671875 0.125 0.125
3 0.88671875 0.609375 0.125 0.125
3 0.91796875 0.73046875 0.125 0.125
3 0.9296875 0.875 0.125 0.125
3 0.93359375 0.6015625 0.125 0.125
3 0.96875 0.72265625 0.125 0.125
3 0.98828125 0.8671875 0.125 0.125
3 0.99609375 0.6015625 0.125 0.125
