4 0.3984375 0.30859375 0.125 0.125
4 0.40234375 0.23828125 0.125 0.125
3 0.0859375 0.046875 0.125 0.125
3 0.08984375 0.3046875 0.125 0.125
3 0.39453125 0.171875 0.125 0.125
1 0.08984375 0.18359375 0.125 0.125
1 0.08984375 0.44140625 0.125 0.125
1 0.39453125 0.046875 0.125 0.125
1 0.3984375 0.1171875 0.125 0.125
4 0.55078125 0.2109375 0.125 0.125
3 0.546875 0.0078125 0.125 0.125
3 0.55078125 0.26171875 0.125 0.125
1 0.55078125 0.1484375 0.125 0.125
1 0.5546875 0.078125 0.125 0.125
1 0.5546875 0.41015625 0.125 0.125
1 0.5625 0.484375 0.125 0.125
4 0.19921875 0.99609375 0.125 0.125
3 0.03515625 0.9296875 0.125 0.125
1 0.2109375 0.93359375 0.125 0.125
1 0.43359375 0.9375 0.125 0.125
3 0.578125 0.9296875 0.125 0.125
1 0.53125 0.75 0.125 0.125
1 0.7734375 0.7109375 0.125 0.125
