4 0.1640625 0.4375 0.125 0.125
4 0.41015625 0.31640625 0.125 0.125
3 0.48046875 0.44140625 0.125 0.125
3 0.00390625 0.28515625 0.125 0.125
3 0.03515625 0.13671875 0.125 0.125
3 0.03515625 0.49609375 0.125 0.125
3 0.0625 0.25390625 0.125 0.125
3 0.08984375 0.1015625 0.125 0.125
3 0.09375 0.46875 0.125 0.125
3 0.1328125 0.2265625 0.125 0.125
3 0.1484375 0.0703125 0.125 0.125
3 0.1953125 0.203125 0.125 0.125
3 0.20703125 0.046875 0.125 0.125
3 0.22265625 0.41015625 0.125 0.125
3 0.2734375 0.015625 0.125 0.125
3 0.28515625 0.3828125 0.125 0.125
3 0.328125 0.14453125 0.125 0.125
3 0.33203125 0.3515625 0.125 0.125
3 0.3828125 0.125 0.125 0.125
3 0.421875 0.47265625 0.125 0.125
3 0.4609375 0.28515625 0.125 0.125
2 0.08984375 0.36328125 0.125 0.125
1 0.44921875 0.1015625 0.125 0.125
4 0.59765625 0.2265625 0.125 0.125
3 0.51171875 0.0703125 0.125 0.125
3 0.52734375 0.2578125 0.125 0.125
3 0.55078125 0.42578125 0.125 0.125
3 0.6015625 0.38671875 0.125 0.125
1 0.66015625 0.3828125 0.125 0.125
4 0.37890625 0.7109375 0.125 0.125
3 0.49609375 0.8125 0.125 0.125
3 0.05859375 0.6328125 0.125 0.125
3 0.07421875 0.84375 0.125 0.125
3 0.12109375 0.6015625 0.125 0.125
3 0.1328125 0.96875 0.125 0.125
3 0.1875 0.5859375 0.125 0.125
3 0.19140625 0.94140625 0.125 0.125
3 0.19921875 0.79296875 0.125 0.125
3 0.24609375 0.5546875 0.125 0.125
3 0.26171875 0.92578125 0.125 0.125
3 0.30078125 0.51953125 0.125 0.125
3 0.3125 0.90234375 0.125 0.125
3 0.3671875 0.5 0.125 0.125
3 0.37109375 0.87109375 0.125 0.125
3 0.4296875 0.83984375 0.125 0.125
3 0.44140625 0.671875 0.125 0.125
1 0.140625 0.81640625 0.125 0.125
1 0.265625 0.76953125 0.125 0.125
1 0.3203125 0.73046875 0.125 0.125
4 0.55078125 0.98828125 0.125 0.125
4 0.61328125 0.6015625 0.125 0.125
4 0.7421875 0.54296875 0.125 0.125
4 0.7421875 0.703125 0.125 0.125
4 0.78125 0.86328125 0.125 0.125
4 0.8984375 0.9921875 0.125 0.125
4 0.94140625 0.9609375 0.125 0.125
3 0.50390625 0.65234375 0.125 0.125
3 0.5625 0.79296875 0.125 0.125
3 0.609375 0.96875 0.125 0.125
3 0.671875 0.953125 0.125 0.125
3 0.67578125 0.56640625 0.125 0.125
3 0.7265625 0.91796875 0.125 0.125
3 0.8046875 0.6796875 0.125 0.125
1 0.5625 0.62890625 0.125 0.125
1 0.6171875 0.74609375 0.125 0.125
1 0.6796875 0.7265625 0.125 0.125
1 0.84765625 0.87109375 0.125 0.125
1 0.8984375 0.8359375 0.125 0.125
