1 0.47265625 0.46484375 0.125 0.125
3 0.6171875 0.484375 0.125 0.125
3 0.84765625 0.03515625 0.125 0.125
1 0.55078125 0.47265625 0.125 0.125
3 0.30859375 0.95703125 0.125 0.125
3 0.3125 0.828125 0.125 0.125
1 0.30078125 0.890625 0.125 0.125
1 0.3125 0.62890625 0.125 0.125
1 0.3125 0.6875 0.125 0.125
1 0.3125 0.75390625 0.125 0.125
3 0.58984375 0.84765625 0.125 0.125
3 0.60546875 0.7734375 0.125 0.125
2 0.75 0.99609375 0.125 0.125
1 0.58984375 0.92578125 0.125 0.125
1 0.59765625 0.99609375 0.125 0.125
1 0.73046875 0.859375 0.125 0.125
1 0.734375 0.7890625 0.125 0.125
1 0.734375 0.91796875 0.125 0.125
