3 0.0625 0.10546875 0.125 0.125
3 0.06640625 0.2734375 0.125 0.125
2 0.05859375 0.44140625 0.125 0.125
3 0.30078125 0.81640625 0.125 0.125
3 0.375 0.82421875 0.125 0.125
3 0.453125 0.8359375 0.125 0.125
2 0.0859375 0.953125 0.125 0.125
2 0.375 0.98046875 0.125 0.125
1 0.0859375 0.82421875 0.125 0.125
3 0.515625 0.9765625 0.125 0.125
3 0.5234375 0.8359375 0.125 0.125
3 0.5859375 0.84765625 0.125 0.125
3 0.59375 0.9921875 0.125 0.125
3 0.66015625 0.97265625 0.125 0.125
3 0.6640625 0.8359375 0.125 0.125
3 0.734375 0.98828125 0.125 0.125
3 0.8125 0.984375 0.125 0.125
3 0.88671875 0.984375 0.125 0.125
2 0.875 0.86328125 0.125 0.125
