3 0.375 0.3359375 0.125 0.125
3 0.42578125 0.23046875 0.125 0.125
2 0.00390625 0.078125 0.125 0.125
2 0.125 0.19921875 0.125 0.125
1 0.046875 0.06640625 0.125 0.125
4 0.859375 0.171875 0.125 0.125
3 0.59765625 0.27734375 0.125 0.125
3 0.671875 0.1328125 0.125 0.125
3 0.72265625 0.16015625 0.125 0.125
3 0.796875 0.1875 0.125 0.125
3 0.875 0.02734375 0.125 0.125
2 0.55078125 0.171875 0.125 0.125
1 0.70703125 0.38671875 0.125 0.125
1 0.73828125 0.48828125 0.125 0.125
3 0.40625 0.59765625 0.125 0.125
3 0.08203125 0.625 0.125 0.125
2 0.3515625 0.63671875 0.125 0.125
4 0.90234375 0.828125 0.125 0.125
3 0.51171875 0.58984375 0.125 0.125
3 0.6875 0.7734375 0.125 0.125
3 0.73828125 0.7734375 0.125 0.125
3 0.76171875 0.69140625 0.125 0.125
3 0.796875 0.890625 0.125 0.125
3 0.80078125 0.76171875 0.125 0.125
3 0.8671875 0.58984375 0.125 0.125
3 0.9140625 0.890625 0.125 0.125
3 0.93359375 0.77734375 0.125 0.125
1 0.58203125 0.59375 0.125 0.125
1 0.74609375 0.56640625 0.125 0.125
