3 0.12890625 0.1328125 0.125 0.125
3 0.1796875 0.23046875 0.125 0.125
3 0.28515625 0.234375 0.125 0.125
3 0.04296875 0.140625 0.125 0.125
3 0.078125 0.25390625 0.125 0.125
2 0.24609375 0.49609375 0.125 0.125
3 0.80078125 0.1171875 0.125 0.125
3 0.87109375 0.11328125 0.125 0.125
3 0.9453125 0.109375 0.125 0.125
4 0.03515625 0.9296875 0.125 0.125
3 0.32421875 0.70703125 0.125 0.125
3 0.46875 0.671875 0.125 0.125
3 0.48046875 0.94140625 0.125 0.125
1 0.01171875 0.66796875 0.125 0.125
1 0.08984375 0.68359375 0.125 0.125
1 0.09765625 0.51953125 0.125 0.125
1 0.1171875 0.91796875 0.125 0.125
1 0.16015625 0.51171875 0.125 0.125
1 0.19921875 0.921875 0.125 0.125
1 0.25390625 0.68359375 0.125 0.125
1 0.40625 0.6640625 0.125 0.125
