3 0.0078125 0.01171875 0.125 0.125
3 0.41015625 0.01953125 0.125 0.125
1 0.00390625 0.14453125 0.125 0.125
1 0.28125 0.4765625 0.125 0.125
3 0.67578125 0.48828125 0.125 0.125
3 0.6875 0.015625 0.125 0.125
3 0.6875 0.17578125 0.125 0.125
3 0.80859375 0.48828125 0.125 0.125
3 0.8203125 0.17578125 0.125 0.125
3 0.83203125 0.328125 0.125 0.125
2 0.6796875 0.3984375 0.125 0.125
2 0.828125 0.015625 0.125 0.125
2 0.828125 0.25390625 0.125 0.125
2 0.8515625 0.40234375 0.125 0.125
1 0.703125 0.328125 0.125 0.125
1 0.83203125 0.1015625 0.125 0.125
1 0.6796875 0.09375 0.125 0.125
1 0.6875 0.25 0.125 0.125
4 0.41796875 0.625 0.125 0.125
1 0.078125 0.828125 0.125 0.125
3 0.66796875 0.6484375 0.125 0.125
3 0.73828125 0.7265625 0.125 0.125
1 0.83203125 0.57421875 0.125 0.125
1 0.83203125 0.6484375 0.125 0.125
1 0.6796875 0.5703125 0.125 0.125
