1 0.125 0.37890625 0.125 0.125
3 0.5078125 0.44921875 0.125 0.125
1 0.51953125 0.37890625 0.125 0.125
4 0.14453125 0.91796875 0.125 0.125
3 0.12890625 0.9921875 0.125 0.125
3 0.14453125 0.84375 0.125 0.125
3 0.48046875 0.80859375 0.125 0.125
1 0.12890625 0.71875 0.125 0.125
1 0.1328125 0.58203125 0.125 0.125
1 0.13671875 0.78125 0.125 0.125
1 0.48828125 0.73828125 0.125 0.125
1 0.4921875 0.87890625 0.125 0.125
3 0.5 0.6640625 0.125 0.125
3 0.51953125 0.5234375 0.125 0.125
1 0.5 0.59375 0.125 0.125
