2 0.39453125 0.39453125 0.125 0.125
1 0.35546875 0.31640625 0.125 0.125
3 0.62890625 0.33984375 0.125 0.125
4 0.18359375 0.7890625 0.125 0.125
3 0.3671875 0.93359375 0.125 0.125
3 0.48828125 0.91796875 0.125 0.125
1 0.15625 0.93359375 0.125 0.125
1 0.25390625 0.76171875 0.125 0.125
1 0.30078125 0.93359375 0.125 0.125
3 0.5546875 0.9296875 0.125 0.125
3 0.61328125 0.91796875 0.125 0.125
3 0.7421875 0.90625 0.125 0.125
3 0.80859375 0.91796875 0.125 0.125
3 0.87890625 0.93359375 0.125 0.125
1 0.6875 0.92578125 0.125 0.125
1 0.9453125 0.92578125 0.125 0.125
