3 0.0234375 0.11328125 0.125 0.125
3 0.08203125 0.11328125 0.125 0.125
3 0.35546875 0.46484375 0.125 0.125
2 0.3671875 0.3984375 0.125 0.125
3 0.80078125 0.41015625 0.125 0.125
3 0.828125 0.4921875 0.125 0.125
3 0.97265625 0.1875 0.125 0.125
3 0.9765625 0.12890625 0.125 0.125
3 0.9765625 0.265625 0.125 0.125
3 0.98828125 0.484375 0.125 0.125
1 0.81640625 0.265625 0.125 0.125
1 0.82421875 0.12109375 0.125 0.125
1 0.82421875 0.34375 0.125 0.125
1 0.828125 0.046875 0.125 0.125
1 0.98046875 0.05078125 0.125 0.125
1 0.98046875 0.41015625 0.125 0.125
3 0.3828125 0.53515625 0.125 0.125
3 0.81640625 0.83203125 0.125 0.125
3 0.8203125 0.76171875 0.125 0.125
3 0.82421875 0.6953125 0.125 0.125
3 0.828125 0.6171875 0.125 0.125
3 0.8359375 0.55078125 0.125 0.125
3 0.9609375 0.6953125 0.125 0.125
3 0.97265625 0.7578125 0.125 0.125
3 0.984375 0.5546875 0.125 0.125
