3 0.265625 0.015625 0.125 0.125
3 0.40234375 0.02734375 0.125 0.125
3 0.14453125 0.01953125 0.125 0.125
1 0.01171875 0.04296875 0.125 0.125
1 0.07421875 0.03125 0.125 0.125
1 0.3359375 0.0234375 0.125 0.125
3 0.6875 0.00390625 0.125 0.125
3 0.75390625 0.0078125 0.125 0.125
3 0.83203125 0.0078125 0.125 0.125
3 0.90625 0.015625 0.125 0.125
3 0.93359375 0.4296875 0.125 0.125
1 0.546875 0.01953125 0.125 0.125
1 0.6171875 0.01171875 0.125 0.125
1 0.93359375 0.28515625 0.125 0.125
1 0.97265625 0.0234375 0.125 0.125
3 0.203125 0.78125 0.125 0.125
2 0.12890625 0.7734375 0.125 0.125
2 0.359375 0.7578125 0.125 0.125
1 0.0390625 0.765625 0.125 0.125
2 0.76953125 0.7890625 0.125 0.125
1 0.91796875 0.703125 0.125 0.125
