3 0.41015625 0.01171875 0.125 0.125
1 0.40234375 0.40234375 0.125 0.125
1 0.40625 0.27734375 0.125 0.125
1 0.41015625 0.078125 0.125 0.125
1 0.4140625 0.140625 0.125 0.125
1 0.58984375 0.109375 0.125 0.125
1 0.6015625 0.46484375 0.125 0.125
4 0.4140625 0.72265625 0.125 0.125
3 0.40625 0.6484375 0.125 0.125
3 0.4140625 0.9375 0.125 0.125
1 0.40625 0.859375 0.125 0.125
3 0.61328125 0.54296875 0.125 0.125
3 0.61328125 0.6796875 0.125 0.125
2 0.60546875 0.6171875 0.125 0.125
1 0.58984375 0.82421875 0.125 0.125
