3 0.296875 0.38671875 0.125 0.125
3 0.46484375 0.27734375 0.125 0.125
3 0.47265625 0.39453125 0.125 0.125
1 0.0234375 0.1796875 0.125 0.125
1 0.1171875 0.3828125 0.125 0.125
3 0.60546875 0.09765625 0.125 0.125
3 0.609375 0.390625 0.125 0.125
3 0.7578125 0.38671875 0.125 0.125
2 0.94140625 0.39453125 0.125 0.125
1 0.640625 0.19140625 0.125 0.125
1 0.421875 0.75 0.125 0.125
1 0.06640625 0.7421875 0.125 0.125
1 0.16015625 0.73828125 0.125 0.125
1 0.24609375 0.7421875 0.125 0.125
1 0.33984375 0.7421875 0.125 0.125
1 0.51171875 0.75 0.125 0.125
1 0.59375 0.76171875 0.125 0.125
1 0.6796875 0.75390625 0.125 0.125
1 0.765625 0.75 0.125 0.125
1 0.85546875 0.7421875 0.125 0.125
1 0.93359375 0.74609375 0.125 0.125
