4 0.359375 0.171875 0.125 0.125
3 0.09765625 0.27734375 0.125 0.125
3 0.171875 0.1328125 0.125 0.125
3 0.22265625 0.16015625 0.125 0.125
3 0.296875 0.1875 0.125 0.125
3 0.375 0.02734375 0.125 0.125
2 0.05078125 0.171875 0.125 0.125
1 0.20703125 0.38671875 0.125 0.125
1 0.23828125 0.48828125 0.125 0.125
4 0.640625 0.375 0.125 0.125
4 0.76171875 0.36328125 0.125 0.125
4 0.76953125 0.09375 0.125 0.125
4 0.93359375 0.07421875 0.125 0.125
4 0.95703125 0.40234375 0.125 0.125
4 0.98046875 0.27734375 0.125 0.125
4 0.98828125 0.171875 0.125 0.125
3 0.5625 0.25 0.125 0.125
3 0.5625 0.48828125 0.125 0.125
3 0.578125 0.37109375 0.125 0.125
3 0.65625 0.0859375 0.125 0.125
3 0.69921875 0.25 0.125 0.125
3 0.703125 0.38671875 0.125 0.125
3 0.81640625 0.0625 0.125 0.125
3 0.8203125 0.26953125 0.125 0.125
3 0.890625 0.390625 0.125 0.125
3 0.91796875 0.171875 0.125 0.125
1 0.5859375 0.09375 0.125 0.125
4 0.40234375 0.828125 0.125 0.125
3 0.01171875 0.58984375 0.125 0.125
3 0.1875 0.7734375 0.125 0.125
3 0.23828125 0.7734375 0.125 0.125
3 0.26171875 0.69140625 0.125 0.125
3 0.296875 0.890625 0.125 0.125
3 0.30078125 0.76171875 0.125 0.125
3 0.3671875 0.58984375 0.125 0.125
3 0.4140625 0.890625 0.125 0.125
3 0.43359375 0.77734375 0.125 0.125
1 0.08203125 0.59375 0.125 0.125
1 0.24609375 0.56640625 0.125 0.125
4 0.546875 0.84375 0.125 0.125
4 0.58203125 0.8984375 0.125 0.125
4 0.81640625 0.66015625 0.125 0.125
4 0.8828125 0.66015625 0.125 0.125
3 0.5390625 0.9609375 0.125 0.125
3 0.61328125 0.51953125 0.125 0.125
3 0.671875 0.50390625 0.125 0.125
3 0.69140625 0.91015625 0.125 0.125
3 0.7421875 0.5 0.125 0.125
3 0.7421875 0.640625 0.125 0.125
3 0.8203125 0.53125 0.125 0.125
3 0.9375 0.68359375 0.125 0.125
3 0.98828125 0.87109375 0.125 0.125
