3 0.14453125 0.40625 0.125 0.125
3 0.28515625 0.42578125 0.125 0.125
3 0.43359375 0.4140625 0.125 0.125
1 0.35546875 0.421875 0.125 0.125
1 0.00390625 0.40234375 0.125 0.125
1 0.07421875 0.40625 0.125 0.125
1 0.5078125 0.44140625 0.125 0.125
4 0.33203125 0.9453125 0.125 0.125
3 0.15625 0.875 0.125 0.125
3 0.171875 0.9375 0.125 0.125
3 0.33203125 0.796875 0.125 0.125
2 0.39453125 0.87890625 0.125 0.125
1 0.171875 0.71484375 0.125 0.125
1 0.171875 0.8046875 0.125 0.125
1 0.34375 0.7265625 0.125 0.125
3 0.69140625 0.828125 0.125 0.125
2 0.6875 0.6171875 0.125 0.125
1 0.68359375 0.69140625 0.125 0.125
1 0.98046875 0.98046875 0.125 0.125
1 0.99609375 0.8203125 0.125 0.125
