3 0.96484375 0.33984375 0.125 0.125
1 0.7421875 0.359375 0.125 0.125
1 0.88671875 0.33984375 0.125 0.125
3 0.3984375 0.80078125 0.125 0.125
3 0.46484375 0.8046875 0.125 0.125
1 0.296875 0.69140625 0.125 0.125
1 0.3125 0.80078125 0.125 0.125
1 0.48046875 0.6875 0.125 0.125
4 0.828125 0.8125 0.125 0.125
3 0.53125 0.8125 0.125 0.125
3 0.6015625 0.8125 0.125 0.125
3 0.6796875 0.80078125 0.125 0.125
3 0.859375 0.66796875 0.125 0.125
2 0.91796875 0.67578125 0.125 0.125
1 0.64453125 0.68359375 0.125 0.125
1 0.75 0.8125 0.125 0.125
1 0.79296875 0.66015625 0.125 0.125
1 0.88671875 0.80078125 0.125 0.125
1 0.953125 0.80078125 0.125 0.125
