3 0.421875 0.421875 0.125 0.125
1 0.0390625 0.19140625 0.125 0.125
3 0.7109375 0.11328125 0.125 0.125
3 0.79296875 0.109375 0.125 0.125
3 0.86328125 0.30078125 0.125 0.125
3 0.87109375 0.1171875 0.125 0.125
1 0.55859375 0.09765625 0.125 0.125
1 0.64453125 0.11328125 0.125 0.125
1 0.86328125 0.359375 0.125 0.125
1 0.8671875 0.43359375 0.125 0.125
1 0.87109375 0.234375 0.125 0.125
1 0.41796875 0.73828125 0.125 0.125
4 0.86328125 0.65625 0.125 0.125
3 0.98828125 0.75390625 0.125 0.125
1 0.86328125 0.5859375 0.125 0.125
