4 0.29296875 0.24609375 0.125 0.125
3 0.140625 0.234375 0.125 0.125
3 0.14453125 0.38671875 0.125 0.125
3 0.2109375 0.390625 0.125 0.125
3 0.27734375 0.375 0.125 0.125
3 0.3984375 0.22265625 0.125 0.125
3 0.4453125 0.34765625 0.125 0.125
2 0.203125 0.2421875 0.125 0.125
1 0.0546875 0.3671875 0.125 0.125
1 0.0703125 0.234375 0.125 0.125
1 0.37890625 0.38671875 0.125 0.125
1 0.453125 0.1875 0.125 0.125
4 0.52734375 0.16015625 0.125 0.125
4 0.60546875 0.16015625 0.125 0.125
1 0.65234375 0.12109375 0.125 0.125
1 0.98046875 0.1640625 0.125 0.125
3 0.06640625 0.8359375 0.125 0.125
3 0.1171875 0.83984375 0.125 0.125
3 0.12890625 0.703125 0.125 0.125
3 0.20703125 0.8515625 0.125 0.125
3 0.2734375 0.84765625 0.125 0.125
1 0.05859375 0.7109375 0.125 0.125
1 0.26953125 0.71875 0.125 0.125
3 0.5546875 0.98046875 0.125 0.125
