3 0.04296875 0.3046875 0.125 0.125
3 0.046875 0.16015625 0.125 0.125
3 0.11328125 0.16796875 0.125 0.125
3 0.1875 0.30859375 0.125 0.125
3 0.37109375 0.0 0.125 0.125
3 0.40625 0.16015625 0.125 0.125
3 0.40625 0.3125 0.125 0.125
3 0.47265625 0.1796875 0.125 0.125
1 0.11328125 0.3046875 0.125 0.125
1 0.1953125 0.1640625 0.125 0.125
1 0.26171875 0.30078125 0.125 0.125
1 0.33203125 0.2890625 0.125 0.125
1 0.47265625 0.31640625 0.125 0.125
4 0.62109375 0.30078125 0.125 0.125
3 0.69140625 0.17578125 0.125 0.125
2 0.55078125 0.296875 0.125 0.125
1 0.5390625 0.16015625 0.125 0.125
1 0.6171875 0.17578125 0.125 0.125
3 0.16796875 0.6640625 0.125 0.125
3 0.23828125 0.6640625 0.125 0.125
3 0.3125 0.66796875 0.125 0.125
3 0.4609375 0.6484375 0.125 0.125
1 0.01953125 0.6640625 0.125 0.125
1 0.0859375 0.66796875 0.125 0.125
1 0.38671875 0.66796875 0.125 0.125
3 0.53515625 0.66796875 0.125 0.125
3 0.68359375 0.6640625 0.125 0.125
1 0.609375 0.67578125 0.125 0.125
