3 0.37890625 0.20703125 0.125 0.125
1 0.16796875 0.36328125 0.125 0.125
1 0.31640625 0.21484375 0.125 0.125
1 0.46875 0.35546875 0.125 0.125
3 0.6484375 0.3671875 0.125 0.125
1 0.5625 0.3671875 0.125 0.125
1 0.72265625 0.37109375 0.125 0.125
1 0.7421875 0.2109375 0.125 0.125
1 0.79296875 0.3671875 0.125 0.125
1 0.85546875 0.3671875 0.125 0.125
1 0.93359375 0.37109375 0.125 0.125
1 0.99609375 0.20703125 0.125 0.125
3 0.36328125 0.83984375 0.125 0.125
1 0.4375 0.7109375 0.125 0.125
1 0.4921875 0.70703125 0.125 0.125
4 0.56640625 0.859375 0.125 0.125
3 0.5703125 0.73046875 0.125 0.125
3 0.87109375 0.86328125 0.125 0.125
1 0.50390625 0.8671875 0.125 0.125
1 0.65625 0.72265625 0.125 0.125
