3 0.984375 0.49609375 0.125 0.125
1 0.87109375 0.3125 0.125 0.125
4 0.22265625 0.8359375 0.125 0.125
1 0.09375 0.83984375 0.125 0.125
4 0.99609375 0.96875 0.125 0.125
3 0.85546875 0.5859375 0.125 0.125
3 0.859375 0.66796875 0.125 0.125
3 0.87109375 0.5 0.125 0.125
3 0.97265625 0.58984375 0.125 0.125
3 0.9765625 0.671875 0.125 0.125
3 0.98046875 0.74609375 0.125 0.125
3 0.9921875 0.89453125 0.125 0.125
1 0.8671875 0.74609375 0.125 0.125
1 0.87890625 0.8125 0.125 0.125
1 0.98828125 0.8203125 0.125 0.125
