3 0.1015625 0.08984375 0.125 0.125
3 0.16796875 0.078125 0.125 0.125
3 0.1796875 0.22265625 0.125 0.125
3 0.21875 0.19140625 0.125 0.125
3 0.2265625 0.05078125 0.125 0.125
3 0.2734375 0.17578125 0.125 0.125
3 0.27734375 0.03125 0.125 0.125
3 0.32421875 0.15625 0.125 0.125
3 0.3359375 0.01171875 0.125 0.125
3 0.3671875 0.140625 0.125 0.125
3 0.421875 0.12890625 0.125 0.125
3 0.47265625 0.1171875 0.125 0.125
2 0.31640625 0.33984375 0.125 0.125
2 0.36328125 0.484375 0.125 0.125
2 0.42578125 0.46484375 0.125 0.125
2 0.4296875 0.28125 0.125 0.125
1 0.24609375 0.359375 0.125 0.125
1 0.3046875 0.4921875 0.125 0.125
1 0.37890625 0.328125 0.125 0.125
3 0.53125 0.08984375 0.125 0.125
3 0.57421875 0.078125 0.125 0.125
3 0.640625 0.06640625 0.125 0.125
3 0.6796875 0.0390625 0.125 0.125
3 0.734375 0.01953125 0.125 0.125
3 0.78515625 0.00390625 0.125 0.125
3 0.9921875 0.0234375 0.125 0.125
2 0.5 0.2734375 0.125 0.125
2 0.63671875 0.2265625 0.125 0.125
2 0.66015625 0.3828125 0.125 0.125
2 0.69921875 0.203125 0.125 0.125
2 0.7265625 0.3671875 0.125 0.125
2 0.765625 0.17578125 0.125 0.125
2 0.87890625 0.14453125 0.125 0.125
1 0.55078125 0.42578125 0.125 0.125
1 0.57421875 0.25 0.125 0.125
1 0.79296875 0.35546875 0.125 0.125
1 0.828125 0.17578125 0.125 0.125
1 0.84765625 0.3125 0.125 0.125
1 0.90625 0.2734375 0.125 0.125
1 0.96484375 0.25390625 0.125 0.125
4 0.8828125 0.6484375 0.125 0.125
2 0.66015625 0.87109375 0.125 0.125
2 0.73828125 0.859375 0.125 0.125
2 0.82421875 0.97265625 0.125 0.125
2 0.8828125 0.8125 0.125 0.125
2 0.8828125 0.9609375 0.125 0.125
2 0.94921875 0.94921875 0.125 0.125
2 0.95703125 0.78125 0.125 0.125
1 0.50390625 0.73828125 0.125 0.125
1 0.578125 0.734375 0.125 0.125
1 0.640625 0.71484375 0.125 0.125
1 0.6953125 0.703125 0.125 0.125
1 0.765625 0.67578125 0.125 0.125
1 0.8125 0.81640625 0.125 0.125
1 0.82421875 0.65625 0.125 0.125
1 0.9609375 0.625 0.125 0.125
