3 0.0703125 0.484375 0.125 0.125
3 0.64453125 0.30859375 0.125 0.125
3 0.84375 0.05859375 0.125 0.125
3 0.91796875 0.05859375 0.125 0.125
3 0.96484375 0.265625 0.125 0.125
3 0.9765625 0.41015625 0.125 0.125
3 0.98828125 0.0546875 0.125 0.125
2 0.765625 0.0390625 0.125 0.125
1 0.64453125 0.23828125 0.125 0.125
1 0.64453125 0.37890625 0.125 0.125
1 0.64453125 0.44140625 0.125 0.125
1 0.671875 0.16015625 0.125 0.125
1 0.97265625 0.33203125 0.125 0.125
1 0.98046875 0.48046875 0.125 0.125
3 0.64453125 0.59765625 0.125 0.125
3 0.76171875 0.91796875 0.125 0.125
3 0.83203125 0.9140625 0.125 0.125
3 0.96875 0.5546875 0.125 0.125
3 0.9765625 0.90625 0.125 0.125
1 0.6484375 0.671875 0.125 0.125
1 0.66015625 0.5234375 0.125 0.125
1 0.90625 0.90625 0.125 0.125
