3 0.1328125 0.4921875 0.125 0.125
1 0.296875 0.4921875 0.125 0.125
1 0.453125 0.484375 0.125 0.125
3 0.61328125 0.4765625 0.125 0.125
2 0.6953125 0.48046875 0.125 0.125
3 0.140625 0.87890625 0.125 0.125
3 0.23046875 0.87890625 0.125 0.125
3 0.30078125 0.76171875 0.125 0.125
3 0.30078125 0.88671875 0.125 0.125
1 0.0546875 0.765625 0.125 0.125
1 0.06640625 0.8671875 0.125 0.125
1 0.13671875 0.76171875 0.125 0.125
1 0.21484375 0.75 0.125 0.125
1 0.39453125 0.75 0.125 0.125
1 0.39453125 0.91015625 0.125 0.125
