3 0.10546875 0.3671875 0.125 0.125
1 0.35546875 0.21875 0.125 0.125
4 0.94140625 0.11328125 0.125 0.125
3 0.58203125 0.29296875 0.125 0.125
3 0.5859375 0.08203125 0.125 0.125
2 0.5859375 0.49609375 0.125 0.125
2 0.9453125 0.24609375 0.125 0.125
1 0.953125 0.17578125 0.125 0.125
1 0.95703125 0.046875 0.125 0.125
1 0.58984375 0.21875 0.125 0.125
1 0.59375 0.36328125 0.125 0.125
3 0.08984375 0.59765625 0.125 0.125
3 0.08984375 0.66015625 0.125 0.125
3 0.09375 0.9375 0.125 0.125
3 0.1015625 0.734375 0.125 0.125
3 0.22265625 0.890625 0.125 0.125
3 0.24609375 0.828125 0.125 0.125
3 0.2578125 0.734375 0.125 0.125
3 0.26953125 0.55859375 0.125 0.125
1 0.09765625 0.8671875 0.125 0.125
1 0.1015625 0.8046875 0.125 0.125
1 0.23828125 0.9609375 0.125 0.125
1 0.25 0.65234375 0.125 0.125
3 0.9375 0.8359375 0.125 0.125
3 0.94140625 0.69140625 0.125 0.125
1 0.9453125 0.625 0.125 0.125
1 0.94921875 0.5546875 0.125 0.125
