4 0.23828125 0.22265625 0.125 0.125
3 0.06640625 0.10546875 0.125 0.125
3 0.07421875 0.33203125 0.125 0.125
3 0.09375 0.484375 0.125 0.125
3 0.12109375 0.06640625 0.125 0.125
3 0.1328125 0.2890625 0.125 0.125
3 0.140625 0.453125 0.125 0.125
3 0.1796875 0.2578125 0.125 0.125
3 0.18359375 0.03125 0.125 0.125
3 0.203125 0.41015625 0.125 0.125
3 0.265625 0.38671875 0.125 0.125
3 0.296875 0.18359375 0.125 0.125
3 0.34375 0.14453125 0.125 0.125
3 0.43359375 0.26171875 0.125 0.125
3 0.48828125 0.46484375 0.125 0.125
3 0.0078125 0.140625 0.125 0.125
3 0.01953125 0.3671875 0.125 0.125
1 0.328125 0.35546875 0.125 0.125
1 0.37890625 0.30859375 0.125 0.125
1 0.5390625 0.42578125 0.125 0.125
4 0.05078125 0.74609375 0.125 0.125
4 0.44140625 0.5 0.125 0.125
3 0.1015625 0.86328125 0.125 0.125
3 0.109375 0.7109375 0.125 0.125
3 0.171875 0.69140625 0.125 0.125
3 0.171875 0.83203125 0.125 0.125
3 0.21875 0.640625 0.125 0.125
3 0.21875 0.78515625 0.125 0.125
3 0.265625 0.60546875 0.125 0.125
3 0.28515625 0.75 0.125 0.125
3 0.296875 0.98046875 0.125 0.125
3 0.32421875 0.57421875 0.125 0.125
3 0.3359375 0.7109375 0.125 0.125
3 0.3515625 0.9453125 0.125 0.125
3 0.37890625 0.53125 0.125 0.125
3 0.3984375 0.671875 0.125 0.125
3 0.40234375 0.90625 0.125 0.125
3 0.453125 0.63671875 0.125 0.125
3 0.4609375 0.8671875 0.125 0.125
3 0.0078125 0.78515625 0.125 0.125
3 0.04296875 0.52734375 0.125 0.125
3 0.046875 0.90625 0.125 0.125
3 0.51171875 0.83984375 0.125 0.125
3 0.57421875 0.96484375 0.125 0.125
3 0.61328125 0.765625 0.125 0.125
3 0.62890625 0.921875 0.125 0.125
3 0.69140625 0.8828125 0.125 0.125
3 0.7265625 0.69921875 0.125 0.125
3 0.9140625 0.9765625 0.125 0.125
1 0.51171875 0.6015625 0.125 0.125
1 0.5625 0.8046875 0.125 0.125
1 0.56640625 0.57421875 0.125 0.125
1 0.609375 0.53125 0.125 0.125
1 0.671875 0.73828125 0.125 0.125
1 0.75390625 0.86328125 0.125 0.125
1 0.8125 0.81640625 0.125 0.125
