3 0.1171875 0.140625 0.125 0.125
3 0.12109375 0.23828125 0.125 0.125
3 0.18359375 0.12109375 0.125 0.125
3 0.4609375 0.23046875 0.125 0.125
1 0.32421875 0.11328125 0.125 0.125
1 0.41015625 0.12109375 0.125 0.125
1 0.05078125 0.140625 0.125 0.125
3 0.921875 0.20703125 0.125 0.125
3 0.92578125 0.28125 0.125 0.125
3 0.58984375 0.23828125 0.125 0.125
3 0.6796875 0.12890625 0.125 0.125
2 0.92578125 0.1328125 0.125 0.125
2 0.9453125 0.359375 0.125 0.125
1 0.91796875 0.43359375 0.125 0.125
1 0.92578125 0.0625 0.125 0.125
3 0.0078125 0.52734375 0.125 0.125
3 0.21484375 0.5234375 0.125 0.125
3 0.35546875 0.5390625 0.125 0.125
1 0.078125 0.53515625 0.125 0.125
1 0.28515625 0.5390625 0.125 0.125
1 0.4296875 0.54296875 0.125 0.125
3 0.765625 0.515625 0.125 0.125
3 0.90234375 0.52734375 0.125 0.125
3 0.64453125 0.51953125 0.125 0.125
1 0.51171875 0.54296875 0.125 0.125
1 0.57421875 0.53125 0.125 0.125
1 0.8359375 0.5234375 0.125 0.125
