3 0.03125 0.2734375 0.125 0.125
3 0.05078125 0.046875 0.125 0.125
3 0.05078125 0.12109375 0.125 0.125
3 0.0546875 0.1953125 0.125 0.125
2 0.19140625 0.05859375 0.125 0.125
2 0.484375 0.33203125 0.125 0.125
1 0.171875 0.19921875 0.125 0.125
1 0.19140625 0.12890625 0.125 0.125
3 0.99609375 0.1328125 0.125 0.125
1 0.90625 0.4765625 0.125 0.125
1 0.98828125 0.27734375 0.125 0.125
1 0.9921875 0.203125 0.125 0.125
1 0.5234375 0.0625 0.125 0.125
1 0.52734375 0.12890625 0.125 0.125
1 0.61328125 0.46484375 0.125 0.125
1 0.671875 0.35546875 0.125 0.125
1 0.6796875 0.13671875 0.125 0.125
1 0.69140625 0.20703125 0.125 0.125
2 0.2890625 0.95703125 0.125 0.125
1 0.12890625 0.9609375 0.125 0.125
