4 0.1171875 0.421875 0.125 0.125
3 0.27734375 0.09375 0.125 0.125
3 0.1015625 0.49609375 0.125 0.125
3 0.109375 0.02734375 0.125 0.125
3 0.109375 0.359375 0.125 0.125
3 0.12890625 0.15625 0.125 0.125
2 0.26171875 0.3671875 0.125 0.125
2 0.27734375 0.2265625 0.125 0.125
1 0.109375 0.21875 0.125 0.125
1 0.12109375 0.2890625 0.125 0.125
1 0.62109375 0.19921875 0.125 0.125
1 0.9921875 0.09765625 0.125 0.125
1 0.99609375 0.3828125 0.125 0.125
3 0.10546875 0.56640625 0.125 0.125
3 0.625 0.578125 0.125 0.125
3 0.98046875 0.60546875 0.125 0.125
3 0.9921875 0.66796875 0.125 0.125
2 0.60546875 0.78515625 0.125 0.125
1 0.9765625 0.73828125 0.125 0.125
1 0.98046875 0.8203125 0.125 0.125
