1 0.0390625 0.42578125 0.125 0.125
3 0.01171875 0.83984375 0.125 0.125
3 0.07421875 0.96484375 0.125 0.125
3 0.11328125 0.765625 0.125 0.125
3 0.12890625 0.921875 0.125 0.125
3 0.19140625 0.8828125 0.125 0.125
3 0.2265625 0.69921875 0.125 0.125
3 0.4140625 0.9765625 0.125 0.125
1 0.01171875 0.6015625 0.125 0.125
1 0.0625 0.8046875 0.125 0.125
1 0.06640625 0.57421875 0.125 0.125
1 0.109375 0.53125 0.125 0.125
1 0.171875 0.73828125 0.125 0.125
1 0.25390625 0.86328125 0.125 0.125
1 0.3125 0.81640625 0.125 0.125
