3 0.04296875 0.29296875 0.125 0.125
3 0.1015625 0.26171875 0.125 0.125
1 0.16796875 0.48828125 0.125 0.125
1 0.22265625 0.45703125 0.125 0.125
4 0.4453125 0.93359375 0.125 0.125
3 0.015625 0.9140625 0.125 0.125
3 0.07421875 0.89453125 0.125 0.125
3 0.08984375 0.75 0.125 0.125
3 0.140625 0.86328125 0.125 0.125
3 0.14453125 0.71875 0.125 0.125
3 0.1953125 0.83984375 0.125 0.125
3 0.26171875 0.80859375 0.125 0.125
3 0.3125 0.78125 0.125 0.125
3 0.33203125 0.9921875 0.125 0.125
3 0.375 0.75 0.125 0.125
3 0.390625 0.97265625 0.125 0.125
1 0.02734375 0.78515625 0.125 0.125
1 0.05078125 0.5390625 0.125 0.125
1 0.10546875 0.51953125 0.125 0.125
1 0.203125 0.69921875 0.125 0.125
1 0.2578125 0.6640625 0.125 0.125
1 0.3203125 0.640625 0.125 0.125
