4 0.38671875 0.03125 0.125 0.125
4 0.4609375 0.16015625 0.125 0.125
3 0.24609375 0.03125 0.125 0.125
3 0.31640625 0.46484375 0.125 0.125
3 0.4609375 0.4609375 0.125 0.125
1 0.1015625 0.02734375 0.125 0.125
1 0.24609375 0.46484375 0.125 0.125
1 0.27734375 0.15234375 0.125 0.125
1 0.36328125 0.16015625 0.125 0.125
4 0.95703125 0.02734375 0.125 0.125
3 0.8125 0.03125 0.125 0.125
2 0.93359375 0.16796875 0.125 0.125
1 0.55078125 0.17578125 0.125 0.125
1 0.55859375 0.4453125 0.125 0.125
1 0.67578125 0.02734375 0.125 0.125
1 0.6875 0.4921875 0.125 0.125
1 0.7265625 0.18359375 0.125 0.125
1 0.83203125 0.16015625 0.125 0.125
1 0.88671875 0.0234375 0.125 0.125
