1 0.05078125 0.4921875 0.125 0.125
4 0.3515625 0.65625 0.125 0.125
4 0.4375 0.703125 0.125 0.125
4 0.4453125 0.8046875 0.125 0.125
4 0.484375 0.96875 0.125 0.125
4 0.49609375 0.85546875 0.125 0.125
3 0.05859375 0.95703125 0.125 0.125
3 0.11328125 0.64453125 0.125 0.125
3 0.12890625 0.69140625 0.125 0.125
3 0.29296875 0.6640625 0.125 0.125
2 0.11328125 0.85546875 0.125 0.125
1 0.0234375 0.58984375 0.125 0.125
1 0.12109375 0.75 0.125 0.125
1 0.1328125 0.97265625 0.125 0.125
1 0.35546875 0.95703125 0.125 0.125
1 0.421875 0.953125 0.125 0.125
4 0.54296875 0.9765625 0.125 0.125
3 0.60546875 0.9765625 0.125 0.125
3 0.671875 0.77734375 0.125 0.125
3 0.703125 0.953125 0.125 0.125
3 0.7578125 0.94921875 0.125 0.125
3 0.82421875 0.9296875 0.125 0.125
3 0.55078125 0.8203125 0.125 0.125
