3 0.3203125 0.07421875 0.125 0.125
3 0.3359375 0.35546875 0.125 0.125
1 0.26171875 0.3515625 0.125 0.125
1 0.33203125 0.01171875 0.125 0.125
4 0.55859375 0.35546875 0.125 0.125
3 0.8125 0.0625 0.125 0.125
1 0.80859375 0.140625 0.125 0.125
3 0.1171875 0.79296875 0.125 0.125
1 0.18359375 0.8046875 0.125 0.125
1 0.26171875 0.80078125 0.125 0.125
1 0.3203125 0.80078125 0.125 0.125
1 0.39453125 0.796875 0.125 0.125
2 0.9921875 0.98828125 0.125 0.125
1 0.55859375 0.8046875 0.125 0.125
1 0.7890625 0.98828125 0.125 0.125
1 0.94921875 0.84765625 0.125 0.125
