3 0.046875 0.4296875 0.125 0.125
3 0.12109375 0.42578125 0.125 0.125
3 0.2421875 0.42578125 0.125 0.125
3 0.25 0.27734375 0.125 0.125
3 0.3203125 0.44140625 0.125 0.125
3 0.3828125 0.42578125 0.125 0.125
3 0.38671875 0.26171875 0.125 0.125
2 0.30859375 0.28515625 0.125 0.125
1 0.171875 0.40625 0.125 0.125
1 0.17578125 0.29296875 0.125 0.125
1 0.4453125 0.26953125 0.125 0.125
1 0.4453125 0.4140625 0.125 0.125
3 0.51171875 0.4140625 0.125 0.125
3 0.72265625 0.2734375 0.125 0.125
3 0.734375 0.4140625 0.125 0.125
1 0.51953125 0.28125 0.125 0.125
1 0.5859375 0.28515625 0.125 0.125
1 0.5859375 0.42578125 0.125 0.125
1 0.6484375 0.28515625 0.125 0.125
1 0.65234375 0.43359375 0.125 0.125
3 0.1171875 0.80078125 0.125 0.125
3 0.1796875 0.81640625 0.125 0.125
3 0.38671875 0.8125 0.125 0.125
1 0.03125 0.80078125 0.125 0.125
1 0.23828125 0.8046875 0.125 0.125
1 0.4453125 0.8203125 0.125 0.125
4 0.5234375 0.78515625 0.125 0.125
3 0.703125 0.8125 0.125 0.125
