3 0.0 0.39453125 0.125 0.125
3 0.0078125 0.328125 0.125 0.125
3 0.0078125 0.46484375 0.125 0.125
3 0.03125 0.0703125 0.125 0.125
3 0.125 0.07421875 0.125 0.125
3 0.12890625 0.21875 0.125 0.125
3 0.1875 0.078125 0.125 0.125
3 0.1953125 0.234375 0.125 0.125
3 0.25390625 0.07421875 0.125 0.125
3 0.26171875 0.21875 0.125 0.125
3 0.390625 0.0703125 0.125 0.125
3 0.4609375 0.21875 0.125 0.125
1 0.39453125 0.21875 0.125 0.125
1 0.4609375 0.0703125 0.125 0.125
1 0.3203125 0.21484375 0.125 0.125
1 0.32421875 0.08203125 0.125 0.125
3 0.53125 0.08203125 0.125 0.125
1 0.5390625 0.2265625 0.125 0.125
1 0.875 0.46484375 0.125 0.125
1 0.92578125 0.0703125 0.125 0.125
3 0.0078125 0.66796875 0.125 0.125
3 0.01171875 0.73828125 0.125 0.125
3 0.01953125 0.8125 0.125 0.125
3 0.36328125 0.53125 0.125 0.125
3 0.37109375 0.66796875 0.125 0.125
3 0.48828125 0.671875 0.125 0.125
3 0.4921875 0.93359375 0.125 0.125
3 0.49609375 0.8046875 0.125 0.125
1 0.36328125 0.73828125 0.125 0.125
1 0.36328125 0.80859375 0.125 0.125
1 0.36328125 0.8671875 0.125 0.125
1 0.3671875 0.6015625 0.125 0.125
1 0.49609375 0.61328125 0.125 0.125
1 0.0234375 0.8671875 0.125 0.125
1 0.02734375 0.53125 0.125 0.125
1 0.0390625 0.9375 0.125 0.125
1 0.33984375 0.9296875 0.125 0.125
3 0.5 0.73046875 0.125 0.125
3 0.8671875 0.7421875 0.125 0.125
3 0.8671875 0.875 0.125 0.125
3 0.87109375 0.59765625 0.125 0.125
3 0.875 0.8046875 0.125 0.125
1 0.5 0.87109375 0.125 0.125
1 0.51953125 0.5390625 0.125 0.125
1 0.86328125 0.66796875 0.125 0.125
1 0.88671875 0.9375 0.125 0.125
