3 0.0 0.23046875 0.125 0.125
3 0.33984375 0.3671875 0.125 0.125
3 0.3671875 0.01171875 0.125 0.125
2 0.33203125 0.44140625 0.125 0.125
2 0.34765625 0.078125 0.125 0.125
1 0.0078125 0.0234375 0.125 0.125
1 0.35546875 0.23046875 0.125 0.125
1 0.36328125 0.15234375 0.125 0.125
1 0.3671875 0.30078125 0.125 0.125
1 0.47265625 0.3828125 0.125 0.125
1 0.484375 0.453125 0.125 0.125
3 0.5 0.30078125 0.125 0.125
3 0.87890625 0.08984375 0.125 0.125
1 0.5 0.015625 0.125 0.125
1 0.50390625 0.2265625 0.125 0.125
1 0.5078125 0.1640625 0.125 0.125
1 0.51171875 0.08203125 0.125 0.125
1 0.87109375 0.01171875 0.125 0.125
1 0.87890625 0.1484375 0.125 0.125
1 0.87890625 0.296875 0.125 0.125
2 0.40625 0.984375 0.125 0.125
1 0.24609375 0.64453125 0.125 0.125
1 0.32421875 0.65234375 0.125 0.125
1 0.33203125 0.515625 0.125 0.125
3 0.68359375 0.9765625 0.125 0.125
1 0.5 0.51953125 0.125 0.125
1 0.75 0.98046875 0.125 0.125
