2 0.05078125 0.234375 0.125 0.125
2 0.11328125 0.203125 0.125 0.125
2 0.1796875 0.171875 0.125 0.125
1 0.0390625 0.046875 0.125 0.125
1 0.10546875 0.00390625 0.125 0.125
1 0.13671875 0.359375 0.125 0.125
1 0.20703125 0.35546875 0.125 0.125
1 0.4921875 0.10546875 0.125 0.125
3 0.60546875 0.27734375 0.125 0.125
3 0.66015625 0.23046875 0.125 0.125
3 0.66796875 0.37890625 0.125 0.125
3 0.7265625 0.19140625 0.125 0.125
3 0.7265625 0.33984375 0.125 0.125
3 0.77734375 0.1484375 0.125 0.125
3 0.77734375 0.30078125 0.125 0.125
3 0.8359375 0.1171875 0.125 0.125
3 0.8359375 0.26171875 0.125 0.125
3 0.85546875 0.48046875 0.125 0.125
3 0.87890625 0.078125 0.125 0.125
3 0.890625 0.22265625 0.125 0.125
3 0.93359375 0.03515625 0.125 0.125
3 0.953125 0.19140625 0.125 0.125
3 0.97265625 0.40234375 0.125 0.125
2 0.55859375 0.05078125 0.125 0.125
2 0.6328125 0.0234375 0.125 0.125
4 0.38671875 0.89453125 0.125 0.125
2 0.27734375 0.9765625 0.125 0.125
2 0.328125 0.9375 0.125 0.125
1 0.44140625 0.86328125 0.125 0.125
3 0.80078125 0.51171875 0.125 0.125
3 0.86328125 0.62109375 0.125 0.125
3 0.92578125 0.58984375 0.125 0.125
3 0.984375 0.5546875 0.125 0.125
1 0.53515625 0.9765625 0.125 0.125
1 0.5859375 0.9375 0.125 0.125
1 0.65234375 0.90234375 0.125 0.125
