3 0.1640625 0.3515625 0.125 0.125
3 0.19140625 0.07421875 0.125 0.125
3 0.3203125 0.359375 0.125 0.125
2 0.1640625 0.20703125 0.125 0.125
1 0.34765625 0.2109375 0.125 0.125
1 0.359375 0.29296875 0.125 0.125
2 0.92578125 0.23046875 0.125 0.125
1 0.765625 0.1484375 0.125 0.125
1 0.90234375 0.4375 0.125 0.125
3 0.17578125 0.65234375 0.125 0.125
2 0.16015625 0.859375 0.125 0.125
1 0.18359375 0.57421875 0.125 0.125
1 0.31640625 0.71484375 0.125 0.125
1 0.328125 0.9296875 0.125 0.125
1 0.74609375 0.78515625 0.125 0.125
1 0.75390625 0.5859375 0.125 0.125
1 0.76171875 0.859375 0.125 0.125
1 0.765625 0.71875 0.125 0.125
1 0.89453125 0.796875 0.125 0.125
1 0.90625 0.51171875 0.125 0.125
