3 0.0 0.26953125 0.125 0.125
3 0.06640625 0.40625 0.125 0.125
3 0.15234375 0.39453125 0.125 0.125
3 0.19140625 0.25390625 0.125 0.125
3 0.34765625 0.27734375 0.125 0.125
3 0.40625 0.40234375 0.125 0.125
2 0.09375 0.2734375 0.125 0.125
2 0.26171875 0.27734375 0.125 0.125
1 0.484375 0.38671875 0.125 0.125
1 0.32421875 0.41015625 0.125 0.125
3 0.546875 0.26953125 0.125 0.125
3 0.60546875 0.4296875 0.125 0.125
3 0.6328125 0.26953125 0.125 0.125
3 0.66796875 0.38671875 0.125 0.125
3 0.96484375 0.2421875 0.125 0.125
3 0.97265625 0.37890625 0.125 0.125
3 0.9765625 0.171875 0.125 0.125
3 0.98046875 0.015625 0.125 0.125
1 0.9765625 0.30078125 0.125 0.125
1 0.9921875 0.09375 0.125 0.125
1 0.9921875 0.453125 0.125 0.125
4 0.0546875 0.765625 0.125 0.125
4 0.203125 0.66796875 0.125 0.125
4 0.22265625 0.77734375 0.125 0.125
4 0.36328125 0.80078125 0.125 0.125
3 0.11328125 0.7890625 0.125 0.125
3 0.12890625 0.6640625 0.125 0.125
3 0.3046875 0.6640625 0.125 0.125
3 0.38671875 0.66015625 0.125 0.125
3 0.47265625 0.6640625 0.125 0.125
2 0.46484375 0.78515625 0.125 0.125
1 0.2890625 0.78125 0.125 0.125
4 0.640625 0.80078125 0.125 0.125
3 0.55078125 0.78125 0.125 0.125
3 0.65234375 0.6640625 0.125 0.125
3 0.96875 0.5390625 0.125 0.125
3 0.97265625 0.9921875 0.125 0.125
2 0.71875 0.8125 0.125 0.125
1 0.56640625 0.66796875 0.125 0.125
