4 0.37890625 0.05859375 0.125 0.125
4 0.3828125 0.19140625 0.125 0.125
3 0.015625 0.38671875 0.125 0.125
3 0.25 0.390625 0.125 0.125
2 0.2421875 0.2890625 0.125 0.125
4 0.71875 0.44921875 0.125 0.125
4 0.91015625 0.43359375 0.125 0.125
4 0.98828125 0.31640625 0.125 0.125
3 0.53515625 0.4140625 0.125 0.125
3 0.55859375 0.03125 0.125 0.125
3 0.6015625 0.43359375 0.125 0.125
3 0.65625 0.31640625 0.125 0.125
3 0.6640625 0.06640625 0.125 0.125
3 0.6640625 0.4375 0.125 0.125
3 0.69921875 0.0078125 0.125 0.125
3 0.71875 0.30859375 0.125 0.125
3 0.78515625 0.43359375 0.125 0.125
3 0.84375 0.4375 0.125 0.125
3 0.8515625 0.3203125 0.125 0.125
3 0.90625 0.32421875 0.125 0.125
3 0.9765625 0.43359375 0.125 0.125
3 0.99609375 0.0390625 0.125 0.125
1 0.79296875 0.29296875 0.125 0.125
4 0.359375 0.671875 0.125 0.125
3 0.09765625 0.77734375 0.125 0.125
3 0.171875 0.6328125 0.125 0.125
3 0.22265625 0.66015625 0.125 0.125
3 0.296875 0.6875 0.125 0.125
3 0.375 0.52734375 0.125 0.125
2 0.05078125 0.671875 0.125 0.125
1 0.20703125 0.88671875 0.125 0.125
1 0.23828125 0.98828125 0.125 0.125
4 0.640625 0.875 0.125 0.125
4 0.76171875 0.86328125 0.125 0.125
4 0.76953125 0.59375 0.125 0.125
4 0.93359375 0.57421875 0.125 0.125
4 0.95703125 0.90234375 0.125 0.125
4 0.98046875 0.77734375 0.125 0.125
4 0.98828125 0.671875 0.125 0.125
3 0.5625 0.75 0.125 0.125
3 0.5625 0.98828125 0.125 0.125
3 0.578125 0.87109375 0.125 0.125
3 0.65625 0.5859375 0.125 0.125
3 0.69921875 0.75 0.125 0.125
3 0.703125 0.88671875 0.125 0.125
3 0.81640625 0.5625 0.125 0.125
3 0.8203125 0.76953125 0.125 0.125
3 0.890625 0.890625 0.125 0.125
3 0.91796875 0.671875 0.125 0.125
1 0.5859375 0.59375 0.125 0.125
