3 0.40625 0.02734375 0.125 0.125
3 0.03515625 0.20703125 0.125 0.125
3 0.03515625 0.30078125 0.125 0.125
3 0.03515625 0.4921875 0.125 0.125
3 0.04296875 0.40234375 0.125 0.125
3 0.265625 0.21875 0.125 0.125
2 0.296875 0.48828125 0.125 0.125
1 0.26953125 0.0234375 0.125 0.125
1 0.27734375 0.10546875 0.125 0.125
1 0.27734375 0.30078125 0.125 0.125
1 0.38671875 0.40234375 0.125 0.125
1 0.390625 0.20703125 0.125 0.125
1 0.39453125 0.12109375 0.125 0.125
3 0.95703125 0.12890625 0.125 0.125
1 0.609375 0.3203125 0.125 0.125
1 0.6171875 0.05859375 0.125 0.125
3 0.02734375 0.671875 0.125 0.125
1 0.03125 0.578125 0.125 0.125
