3 0.00390625 0.45703125 0.125 0.125
1 0.0 0.2578125 0.125 0.125
1 0.0 0.390625 0.125 0.125
1 0.41796875 0.34375 0.125 0.125
1 0.42578125 0.046875 0.125 0.125
3 0.4140625 0.87890625 0.125 0.125
3 0.421875 0.5 0.125 0.125
3 0.0 0.66796875 0.125 0.125
3 0.0078125 0.59765625 0.125 0.125
3 0.0078125 0.7421875 0.125 0.125
2 0.2890625 0.9375 0.125 0.125
1 0.0 0.52734375 0.125 0.125
1 0.0 0.8125 0.125 0.125
1 0.4140625 0.95703125 0.125 0.125
3 0.84765625 0.92578125 0.125 0.125
3 0.9921875 0.63671875 0.125 0.125
1 0.75 0.61328125 0.125 0.125
1 0.7578125 0.92578125 0.125 0.125
