2 0.0703125 0.44921875 0.125 0.125
2 0.33203125 0.421875 0.125 0.125
3 0.62109375 0.28515625 0.125 0.125
3 0.75 0.2421875 0.125 0.125
3 0.75 0.390625 0.125 0.125
2 0.66015625 0.078125 0.125 0.125
1 0.60546875 0.43359375 0.125 0.125
1 0.625 0.359375 0.125 0.125
1 0.74609375 0.1640625 0.125 0.125
1 0.7578125 0.0546875 0.125 0.125
3 0.61328125 0.58203125 0.125 0.125
1 0.70703125 0.87109375 0.125 0.125
1 0.734375 0.53515625 0.125 0.125
1 0.84765625 0.890625 0.125 0.125
1 0.9296875 0.875 0.125 0.125
1 0.9921875 0.8828125 0.125 0.125
