4 0.8828125 0.1484375 0.125 0.125
2 0.66015625 0.37109375 0.125 0.125
2 0.73828125 0.359375 0.125 0.125
2 0.82421875 0.47265625 0.125 0.125
2 0.8828125 0.3125 0.125 0.125
2 0.8828125 0.4609375 0.125 0.125
2 0.94921875 0.44921875 0.125 0.125
2 0.95703125 0.28125 0.125 0.125
1 0.50390625 0.23828125 0.125 0.125
1 0.578125 0.234375 0.125 0.125
1 0.640625 0.21484375 0.125 0.125
1 0.6953125 0.203125 0.125 0.125
1 0.765625 0.17578125 0.125 0.125
1 0.8125 0.31640625 0.125 0.125
1 0.82421875 0.15625 0.125 0.125
1 0.9609375 0.125 0.125 0.125
