4 0.15234375 0.0546875 0.125 0.125
3 0.16796875 0.1328125 0.125 0.125
3 0.1796875 0.4765625 0.125 0.125
3 0.390625 0.3828125 0.125 0.125
1 0.421875 0.4453125 0.125 0.125
4 0.6953125 0.3515625 0.125 0.125
4 0.76953125 0.34765625 0.125 0.125
4 0.83984375 0.3515625 0.125 0.125
4 0.91796875 0.35546875 0.125 0.125
4 0.40234375 0.734375 0.125 0.125
4 0.40625 0.79296875 0.125 0.125
3 0.3984375 0.6640625 0.125 0.125
3 0.40234375 0.52734375 0.125 0.125
3 0.421875 0.59375 0.125 0.125
4 0.55078125 0.96875 0.125 0.125
4 0.5625 0.52734375 0.125 0.125
4 0.5625 0.74609375 0.125 0.125
4 0.56640625 0.8984375 0.125 0.125
2 0.5625 0.81640625 0.125 0.125
1 0.5625 0.68359375 0.125 0.125
1 0.56640625 0.6015625 0.125 0.125
