4 0.49609375 0.375 0.125 0.125
3 0.3359375 0.375 0.125 0.125
3 0.0546875 0.40234375 0.125 0.125
2 0.125 0.37890625 0.125 0.125
1 0.19921875 0.375 0.125 0.125
1 0.91796875 0.27734375 0.125 0.125
1 0.9296875 0.10546875 0.125 0.125
3 0.41015625 0.77734375 0.125 0.125
3 0.02734375 0.64453125 0.125 0.125
3 0.046875 0.7890625 0.125 0.125
3 0.09765625 0.66015625 0.125 0.125
3 0.16796875 0.65234375 0.125 0.125
2 0.2421875 0.66796875 0.125 0.125
2 0.265625 0.79296875 0.125 0.125
2 0.48828125 0.76953125 0.125 0.125
1 0.32421875 0.6484375 0.125 0.125
