3 0.4453125 0.46484375 0.125 0.125
3 0.78515625 0.01171875 0.125 0.125
3 0.87890625 0.3203125 0.125 0.125
3 0.88671875 0.40625 0.125 0.125
1 0.7734375 0.07421875 0.125 0.125
1 0.78515625 0.1640625 0.125 0.125
1 0.89453125 0.48046875 0.125 0.125
4 0.41796875 0.96484375 0.125 0.125
3 0.1015625 0.53515625 0.125 0.125
3 0.41796875 0.8984375 0.125 0.125
3 0.421875 0.53515625 0.125 0.125
3 0.4296875 0.61328125 0.125 0.125
2 0.1171875 0.890625 0.125 0.125
1 0.09765625 0.6015625 0.125 0.125
1 0.42578125 0.82421875 0.125 0.125
4 0.8828125 0.76171875 0.125 0.125
4 0.90625 0.91015625 0.125 0.125
3 0.5625 0.75390625 0.125 0.125
3 0.57421875 0.5390625 0.125 0.125
2 0.57421875 0.96875 0.125 0.125
2 0.890625 0.97265625 0.125 0.125
2 0.90234375 0.6875 0.125 0.125
1 0.56640625 0.69140625 0.125 0.125
1 0.58203125 0.890625 0.125 0.125
