3 0.28125 0.359375 0.125 0.125
3 0.4921875 0.36328125 0.125 0.125
1 0.21484375 0.359375 0.125 0.125
1 0.35546875 0.359375 0.125 0.125
1 0.4296875 0.35546875 0.125 0.125
3 0.5625 0.359375 0.125 0.125
3 0.703125 0.35546875 0.125 0.125
3 0.7890625 0.359375 0.125 0.125
2 0.640625 0.36328125 0.125 0.125
2 0.921875 0.375 0.125 0.125
1 0.8515625 0.359375 0.125 0.125
3 0.375 0.52734375 0.125 0.125
3 0.16796875 0.76953125 0.125 0.125
3 0.17578125 0.83203125 0.125 0.125
3 0.17578125 0.90234375 0.125 0.125
2 0.703125 0.73828125 0.125 0.125
2 0.703125 0.828125 0.125 0.125
1 0.55078125 0.81640625 0.125 0.125
1 0.7109375 0.62109375 0.125 0.125
