4 0.29296875 0.0546875 0.125 0.125
3 0.0 0.07421875 0.125 0.125
3 0.2265625 0.07421875 0.125 0.125
3 0.28125 0.4375 0.125 0.125
3 0.42578125 0.078125 0.125 0.125
3 0.49609375 0.08984375 0.125 0.125
2 0.15234375 0.0703125 0.125 0.125
2 0.35546875 0.078125 0.125 0.125
1 0.2109375 0.4296875 0.125 0.125
1 0.3515625 0.42578125 0.125 0.125
1 0.42578125 0.4140625 0.125 0.125
3 0.56640625 0.44921875 0.125 0.125
3 0.64453125 0.07421875 0.125 0.125
3 0.64453125 0.43359375 0.125 0.125
1 0.50390625 0.4375 0.125 0.125
1 0.55859375 0.06640625 0.125 0.125
3 0.48828125 0.65234375 0.125 0.125
2 0.63671875 0.65234375 0.125 0.125
