1 0.55078125 0.4921875 0.125 0.125
4 0.40625 0.65625 0.125 0.125
3 0.453125 0.8671875 0.125 0.125
3 0.45703125 0.93359375 0.125 0.125
3 0.46875 0.80078125 0.125 0.125
1 0.49609375 0.69140625 0.125 0.125
4 0.8515625 0.65625 0.125 0.125
4 0.9375 0.703125 0.125 0.125
4 0.9453125 0.8046875 0.125 0.125
4 0.984375 0.96875 0.125 0.125
4 0.99609375 0.85546875 0.125 0.125
3 0.55859375 0.95703125 0.125 0.125
3 0.61328125 0.64453125 0.125 0.125
3 0.62890625 0.69140625 0.125 0.125
3 0.79296875 0.6640625 0.125 0.125
2 0.61328125 0.85546875 0.125 0.125
1 0.5234375 0.58984375 0.125 0.125
1 0.62109375 0.75 0.125 0.125
1 0.6328125 0.97265625 0.125 0.125
1 0.85546875 0.95703125 0.125 0.125
1 0.921875 0.953125 0.125 0.125
