3 0.3515625 0.359375 0.125 0.125
2 0.375 0.47265625 0.125 0.125
1 0.0078125 0.3671875 0.125 0.125
1 0.01171875 0.484375 0.125 0.125
3 0.8125 0.484375 0.125 0.125
3 0.95703125 0.47265625 0.125 0.125
3 0.51953125 0.4609375 0.125 0.125
3 0.52734375 0.34375 0.125 0.125
3 0.59375 0.4609375 0.125 0.125
3 0.74609375 0.33984375 0.125 0.125
1 0.59375 0.33203125 0.125 0.125
1 0.8125 0.34375 0.125 0.125
1 0.94921875 0.33984375 0.125 0.125
4 0.4375 0.8125 0.125 0.125
3 0.08203125 0.81640625 0.125 0.125
1 0.1484375 0.828125 0.125 0.125
1 0.2265625 0.8203125 0.125 0.125
1 0.00390625 0.82421875 0.125 0.125
3 0.85546875 0.82421875 0.125 0.125
3 0.5078125 0.8125 0.125 0.125
3 0.5859375 0.82421875 0.125 0.125
1 0.65234375 0.83203125 0.125 0.125
1 0.78515625 0.81640625 0.125 0.125
