3 0.09375 0.24609375 0.125 0.125
3 0.09765625 0.390625 0.125 0.125
3 0.1015625 0.3203125 0.125 0.125
1 0.08984375 0.11328125 0.125 0.125
1 0.09375 0.1796875 0.125 0.125
1 0.1015625 0.03515625 0.125 0.125
1 0.1015625 0.4609375 0.125 0.125
3 0.5625 0.421875 0.125 0.125
3 0.6328125 0.4375 0.125 0.125
3 0.69921875 0.4375 0.125 0.125
3 0.99609375 0.03125 0.125 0.125
2 0.84765625 0.015625 0.125 0.125
1 0.55078125 0.03125 0.125 0.125
1 0.6328125 0.04296875 0.125 0.125
1 0.70703125 0.02734375 0.125 0.125
1 0.765625 0.4375 0.125 0.125
1 0.7734375 0.01953125 0.125 0.125
