4 0.2109375 0.2421875 0.125 0.125
1 0.01953125 0.359375 0.125 0.125
1 0.03515625 0.140625 0.125 0.125
1 0.078125 0.328125 0.125 0.125
1 0.08984375 0.09375 0.125 0.125
1 0.1484375 0.28515625 0.125 0.125
1 0.1875 0.48046875 0.125 0.125
1 0.265625 0.4453125 0.125 0.125
1 0.32421875 0.40625 0.125 0.125
2 0.0078125 0.61328125 0.125 0.125
2 0.015625 0.84765625 0.125 0.125
2 0.06640625 0.80078125 0.125 0.125
2 0.07421875 0.5703125 0.125 0.125
2 0.1328125 0.76953125 0.125 0.125
2 0.18359375 0.9765625 0.125 0.125
2 0.1875 0.71875 0.125 0.125
2 0.24609375 0.67578125 0.125 0.125
2 0.2578125 0.9375 0.125 0.125
2 0.3125 0.62890625 0.125 0.125
2 0.3125 0.8984375 0.125 0.125
2 0.37109375 0.8671875 0.125 0.125
2 0.4375 0.828125 0.125 0.125
1 0.14453125 0.53125 0.125 0.125
1 0.36328125 0.58984375 0.125 0.125
1 0.44140625 0.55859375 0.125 0.125
4 0.73828125 0.9765625 0.125 0.125
2 0.5 0.78125 0.125 0.125
2 0.5546875 0.734375 0.125 0.125
1 0.54296875 0.95703125 0.125 0.125
1 0.6015625 0.91796875 0.125 0.125
1 0.65625 0.87890625 0.125 0.125
