3 0.3828125 0.49609375 0.125 0.125
2 0.25 0.00390625 0.125 0.125
2 0.3984375 0.02734375 0.125 0.125
1 0.1875 0.48046875 0.125 0.125
1 0.2578125 0.48046875 0.125 0.125
1 0.328125 0.0078125 0.125 0.125
1 0.453125 0.49609375 0.125 0.125
1 0.0546875 0.48046875 0.125 0.125
3 0.765625 0.00390625 0.125 0.125
3 0.6015625 0.47265625 0.125 0.125
3 0.609375 0.015625 0.125 0.125
3 0.6640625 0.48046875 0.125 0.125
3 0.68359375 0.0078125 0.125 0.125
1 0.5390625 0.0078125 0.125 0.125
3 0.265625 0.9375 0.125 0.125
3 0.38671875 0.80078125 0.125 0.125
3 0.453125 0.80078125 0.125 0.125
1 0.1796875 0.77734375 0.125 0.125
1 0.25390625 0.79296875 0.125 0.125
1 0.3828125 0.94140625 0.125 0.125
1 0.45703125 0.93359375 0.125 0.125
1 0.11328125 0.92578125 0.125 0.125
4 0.58984375 0.94921875 0.125 0.125
3 0.51953125 0.94921875 0.125 0.125
3 0.5234375 0.8046875 0.125 0.125
3 0.6015625 0.80078125 0.125 0.125
3 0.66796875 0.93359375 0.125 0.125
2 0.73046875 0.796875 0.125 0.125
1 0.6640625 0.796875 0.125 0.125
