2 0.1484375 0.19140625 0.125 0.125
2 0.3671875 0.19140625 0.125 0.125
1 0.21484375 0.1875 0.125 0.125
1 0.44140625 0.1953125 0.125 0.125
3 0.5078125 0.19921875 0.125 0.125
3 0.64453125 0.1953125 0.125 0.125
3 0.7890625 0.16796875 0.125 0.125
3 0.87109375 0.17578125 0.125 0.125
1 0.5703125 0.1875 0.125 0.125
1 0.72265625 0.203125 0.125 0.125
3 0.01171875 0.52734375 0.125 0.125
2 0.43359375 0.54296875 0.125 0.125
1 0.0078125 0.73828125 0.125 0.125
1 0.11328125 0.5 0.125 0.125
4 0.71875 0.734375 0.125 0.125
3 0.50390625 0.7265625 0.125 0.125
3 0.65234375 0.546875 0.125 0.125
3 0.71875 0.52734375 0.125 0.125
3 0.796875 0.51171875 0.125 0.125
2 0.93359375 0.92578125 0.125 0.125
1 0.50390625 0.54296875 0.125 0.125
