4 0.00390625 0.171875 0.125 0.125
4 0.1015625 0.3515625 0.125 0.125
3 0.49609375 0.2421875 0.125 0.125
3 0.0234375 0.0390625 0.125 0.125
3 0.03125 0.37109375 0.125 0.125
3 0.06640625 0.140625 0.125 0.125
3 0.08203125 0.0078125 0.125 0.125
3 0.0859375 0.484375 0.125 0.125
3 0.12890625 0.12109375 0.125 0.125
3 0.16015625 0.4609375 0.125 0.125
3 0.16796875 0.32421875 0.125 0.125
3 0.20703125 0.43359375 0.125 0.125
3 0.41015625 0.0625 0.125 0.125
3 0.47265625 0.02734375 0.125 0.125
3 0.51953125 0.3828125 0.125 0.125
3 0.578125 0.21875 0.125 0.125
3 0.58203125 0.359375 0.125 0.125
3 0.65234375 0.1875 0.125 0.125
3 0.65234375 0.3359375 0.125 0.125
3 0.71484375 0.30078125 0.125 0.125
3 0.72265625 0.15625 0.125 0.125
3 0.77734375 0.265625 0.125 0.125
3 0.78125 0.12890625 0.125 0.125
3 0.80078125 0.48046875 0.125 0.125
3 0.83984375 0.2421875 0.125 0.125
3 0.8515625 0.1015625 0.125 0.125
3 0.86328125 0.45703125 0.125 0.125
3 0.90625 0.2109375 0.125 0.125
3 0.91015625 0.06640625 0.125 0.125
3 0.921875 0.41796875 0.125 0.125
3 0.96484375 0.1875 0.125 0.125
3 0.9765625 0.0390625 0.125 0.125
3 0.984375 0.390625 0.125 0.125
4 0.29296875 0.61328125 0.125 0.125
3 0.0234375 0.51171875 0.125 0.125
3 0.0234375 0.87890625 0.125 0.125
3 0.03125 0.7265625 0.125 0.125
3 0.1015625 0.69921875 0.125 0.125
3 0.1015625 0.84765625 0.125 0.125
3 0.16015625 0.82421875 0.125 0.125
3 0.1640625 0.6796875 0.125 0.125
3 0.21875 0.7890625 0.125 0.125
3 0.23828125 0.64453125 0.125 0.125
3 0.28515625 0.765625 0.125 0.125
3 0.29296875 0.9921875 0.125 0.125
3 0.34375 0.73828125 0.125 0.125
3 0.3515625 0.953125 0.125 0.125
3 0.42578125 0.93359375 0.125 0.125
4 0.73046875 0.51171875 0.125 0.125
4 0.76171875 0.65625 0.125 0.125
3 0.6953125 0.66796875 0.125 0.125
3 0.75390625 0.8671875 0.125 0.125
3 0.82421875 0.83203125 0.125 0.125
3 0.828125 0.62109375 0.125 0.125
3 0.859375 0.96875 0.125 0.125
3 0.87890625 0.80859375 0.125 0.125
3 0.92578125 0.9375 0.125 0.125
3 0.94140625 0.78515625 0.125 0.125
3 0.94921875 0.5703125 0.125 0.125
3 0.984375 0.9140625 0.125 0.125
1 0.60546875 0.58203125 0.125 0.125
1 0.671875 0.54296875 0.125 0.125
1 0.89453125 0.59765625 0.125 0.125
