3 0.78515625 0.3125 0.125 0.125
3 0.7890625 0.375 0.125 0.125
3 0.92578125 0.3828125 0.125 0.125
2 0.921875 0.3125 0.125 0.125
1 0.78125 0.25 0.125 0.125
1 0.7890625 0.44140625 0.125 0.125
1 0.8984375 0.1796875 0.125 0.125
1 0.90234375 0.25 0.125 0.125
3 0.51171875 0.8984375 0.125 0.125
3 0.515625 0.83984375 0.125 0.125
3 0.51953125 0.62890625 0.125 0.125
3 0.5234375 0.7109375 0.125 0.125
3 0.53125 0.77734375 0.125 0.125
3 0.78125 0.97265625 0.125 0.125
3 0.80078125 0.828125 0.125 0.125
3 0.90625 0.9140625 0.125 0.125
3 0.9140625 0.64453125 0.125 0.125
3 0.9296875 0.84375 0.125 0.125
1 0.5234375 0.5703125 0.125 0.125
1 0.796875 0.515625 0.125 0.125
1 0.80078125 0.578125 0.125 0.125
1 0.80078125 0.64453125 0.125 0.125
1 0.80078125 0.7109375 0.125 0.125
1 0.80078125 0.76953125 0.125 0.125
1 0.93359375 0.578125 0.125 0.125
1 0.93359375 0.7109375 0.125 0.125
