1 0.2421875 0.171875 0.125 0.125
3 0.60546875 0.3203125 0.125 0.125
3 0.7421875 0.04296875 0.125 0.125
3 0.83203125 0.0390625 0.125 0.125
3 0.83203125 0.3203125 0.125 0.125
3 0.91796875 0.0390625 0.125 0.125
3 0.97265625 0.28515625 0.125 0.125
1 0.6796875 0.3125 0.125 0.125
1 0.75 0.30078125 0.125 0.125
1 0.89453125 0.2890625 0.125 0.125
3 0.125 0.9765625 0.125 0.125
3 0.2421875 0.9765625 0.125 0.125
3 0.3515625 0.96875 0.125 0.125
4 0.671875 0.57421875 0.125 0.125
4 0.8515625 0.5703125 0.125 0.125
3 0.59765625 0.7109375 0.125 0.125
3 0.6328125 0.9609375 0.125 0.125
3 0.69921875 0.984375 0.125 0.125
3 0.76953125 0.5703125 0.125 0.125
3 0.78125 0.97265625 0.125 0.125
3 0.859375 0.734375 0.125 0.125
3 0.87109375 0.9765625 0.125 0.125
3 0.94921875 0.984375 0.125 0.125
1 0.66796875 0.71484375 0.125 0.125
1 0.74609375 0.7109375 0.125 0.125
1 0.91796875 0.58984375 0.125 0.125
1 0.9453125 0.71875 0.125 0.125
1 0.5546875 0.99609375 0.125 0.125
