2 0.30078125 0.0078125 0.125 0.125
1 0.30859375 0.21484375 0.125 0.125
3 0.53515625 0.46875 0.125 0.125
3 0.546875 0.265625 0.125 0.125
2 0.53125 0.375 0.125 0.125
2 0.53515625 0.05859375 0.125 0.125
1 0.53125 0.1640625 0.125 0.125
1 0.30859375 0.77734375 0.125 0.125
3 0.87109375 0.68359375 0.125 0.125
3 0.890625 0.90234375 0.125 0.125
2 0.5546875 0.8671875 0.125 0.125
2 0.87890625 0.75390625 0.125 0.125
1 0.5234375 0.78515625 0.125 0.125
1 0.53125 0.671875 0.125 0.125
1 0.63671875 0.5703125 0.125 0.125
1 0.87890625 0.8359375 0.125 0.125
