3 0.0234375 0.5078125 0.125 0.125
3 0.07421875 0.94140625 0.125 0.125
3 0.09765625 0.5078125 0.125 0.125
3 0.21484375 0.92578125 0.125 0.125
3 0.21875 0.875 0.125 0.125
3 0.29296875 0.51171875 0.125 0.125
2 0.1640625 0.5078125 0.125 0.125
1 0.0546875 0.80859375 0.125 0.125
1 0.05859375 0.88671875 0.125 0.125
1 0.21484375 0.8046875 0.125 0.125
1 0.36328125 0.50390625 0.125 0.125
1 0.4453125 0.50390625 0.125 0.125
3 0.53125 0.94140625 0.125 0.125
3 0.5390625 0.671875 0.125 0.125
3 0.546875 0.80859375 0.125 0.125
1 0.51953125 0.88671875 0.125 0.125
1 0.5390625 0.7421875 0.125 0.125
1 0.54296875 0.59765625 0.125 0.125
