4 0.375 0.05859375 0.125 0.125
4 0.7265625 0.0546875 0.125 0.125
3 0.51953125 0.0546875 0.125 0.125
3 0.58203125 0.0625 0.125 0.125
3 0.80078125 0.0703125 0.125 0.125
3 0.875 0.078125 0.125 0.125
1 0.6484375 0.05859375 0.125 0.125
1 0.93359375 0.07421875 0.125 0.125
3 0.09765625 0.66015625 0.125 0.125
3 0.23828125 0.6484375 0.125 0.125
3 0.453125 0.66015625 0.125 0.125
1 0.0234375 0.65234375 0.125 0.125
1 0.17578125 0.64453125 0.125 0.125
1 0.30078125 0.6484375 0.125 0.125
1 0.3828125 0.66015625 0.125 0.125
4 0.88671875 0.66796875 0.125 0.125
3 0.59375 0.66015625 0.125 0.125
3 0.66015625 0.66015625 0.125 0.125
2 0.53125 0.65234375 0.125 0.125
2 0.82421875 0.66796875 0.125 0.125
1 0.7421875 0.671875 0.125 0.125
1 0.96484375 0.67578125 0.125 0.125
