3 0.06640625 0.3984375 0.125 0.125
3 0.07421875 0.46484375 0.125 0.125
3 0.09375 0.32421875 0.125 0.125
3 0.265625 0.05859375 0.125 0.125
3 0.46875 0.08203125 0.125 0.125
1 0.08984375 0.265625 0.125 0.125
1 0.19140625 0.03515625 0.125 0.125
1 0.3359375 0.06640625 0.125 0.125
3 0.54296875 0.1015625 0.125 0.125
3 0.984375 0.078125 0.125 0.125
1 0.62109375 0.10546875 0.125 0.125
1 0.69140625 0.0859375 0.125 0.125
1 0.83984375 0.0859375 0.125 0.125
3 0.06640625 0.53515625 0.125 0.125
3 0.07421875 0.60546875 0.125 0.125
3 0.09765625 0.68359375 0.125 0.125
