4 0.21875 0.125 0.125 0.125
4 0.21875 0.4609375 0.125 0.125
4 0.22265625 0.06640625 0.125 0.125
3 0.0546875 0.1875 0.125 0.125
3 0.0546875 0.3984375 0.125 0.125
1 0.0390625 0.33203125 0.125 0.125
1 0.046875 0.26171875 0.125 0.125
1 0.05078125 0.05859375 0.125 0.125
1 0.05859375 0.1171875 0.125 0.125
1 0.06640625 0.46484375 0.125 0.125
1 0.2109375 0.1875 0.125 0.125
1 0.2109375 0.24609375 0.125 0.125
1 0.21484375 0.39453125 0.125 0.125
1 0.2265625 0.32421875 0.125 0.125
3 0.52734375 0.19921875 0.125 0.125
3 0.52734375 0.3359375 0.125 0.125
3 0.5390625 0.125 0.125 0.125
1 0.52734375 0.05859375 0.125 0.125
1 0.52734375 0.46875 0.125 0.125
1 0.53515625 0.27734375 0.125 0.125
1 0.5390625 0.38671875 0.125 0.125
3 0.0546875 0.73046875 0.125 0.125
3 0.05859375 0.6015625 0.125 0.125
3 0.203125 0.7421875 0.125 0.125
3 0.21484375 0.66796875 0.125 0.125
2 0.078125 0.51953125 0.125 0.125
1 0.0546875 0.65234375 0.125 0.125
1 0.20703125 0.59375 0.125 0.125
1 0.2109375 0.5390625 0.125 0.125
4 0.51953125 0.859375 0.125 0.125
3 0.515625 0.65625 0.125 0.125
3 0.52734375 0.73046875 0.125 0.125
2 0.52734375 0.9296875 0.125 0.125
1 0.5234375 0.5390625 0.125 0.125
1 0.52734375 0.796875 0.125 0.125
1 0.53125 0.60546875 0.125 0.125
1 0.75 0.89453125 0.125 0.125
1 0.765625 0.75390625 0.125 0.125
1 0.7734375 0.81640625 0.125 0.125
