3 0.08203125 0.44140625 0.125 0.125
3 0.14453125 0.09375 0.125 0.125
3 0.22265625 0.46875 0.125 0.125
3 0.30859375 0.09765625 0.125 0.125
2 0.01171875 0.453125 0.125 0.125
2 0.29296875 0.44921875 0.125 0.125
1 0.15234375 0.4453125 0.125 0.125
1 0.36328125 0.44921875 0.125 0.125
1 0.42578125 0.4609375 0.125 0.125
1 0.48046875 0.08984375 0.125 0.125
3 0.578125 0.47265625 0.125 0.125
3 0.703125 0.46484375 0.125 0.125
3 0.71875 0.4765625 0.125 0.125
3 0.94140625 0.47265625 0.125 0.125
2 0.5078125 0.4765625 0.125 0.125
2 0.6875 0.08984375 0.125 0.125
2 0.7890625 0.47265625 0.125 0.125
1 0.85546875 0.47265625 0.125 0.125
3 0.29296875 0.86328125 0.125 0.125
3 0.3671875 0.86328125 0.125 0.125
3 0.42578125 0.86328125 0.125 0.125
2 0.0 0.859375 0.125 0.125
2 0.16015625 0.85546875 0.125 0.125
1 0.22265625 0.85546875 0.125 0.125
3 0.72265625 0.85546875 0.125 0.125
3 0.86328125 0.8671875 0.125 0.125
3 0.92578125 0.8671875 0.125 0.125
1 0.5 0.86328125 0.125 0.125
1 0.57421875 0.84765625 0.125 0.125
1 0.6484375 0.84765625 0.125 0.125
1 0.7890625 0.84765625 0.125 0.125
