3 0.15625 0.49609375 0.125 0.125
2 0.015625 0.42578125 0.125 0.125
1 0.37890625 0.1328125 0.125 0.125
1 0.38671875 0.0390625 0.125 0.125
1 0.390625 0.4375 0.125 0.125
1 0.66015625 0.0390625 0.125 0.125
3 0.0078125 0.5625 0.125 0.125
3 0.01171875 0.87109375 0.125 0.125
1 0.0 0.796875 0.125 0.125
1 0.01171875 0.73046875 0.125 0.125
1 0.0234375 0.5 0.125 0.125
1 0.03125 0.63671875 0.125 0.125
1 0.14453125 0.5546875 0.125 0.125
1 0.14453125 0.9296875 0.125 0.125
1 0.3828125 0.97265625 0.125 0.125
1 0.390625 0.53125 0.125 0.125
1 0.390625 0.60546875 0.125 0.125
1 0.390625 0.703125 0.125 0.125
1 0.390625 0.8046875 0.125 0.125
1 0.40234375 0.8984375 0.125 0.125
3 0.66015625 0.91015625 0.125 0.125
2 0.65625 0.60546875 0.125 0.125
