2 0.25 0.44921875 0.125 0.125
2 0.390625 0.44140625 0.125 0.125
2 0.4609375 0.4609375 0.125 0.125
2 0.49609375 0.19921875 0.125 0.125
2 0.0859375 0.19140625 0.125 0.125
1 0.05859375 0.4296875 0.125 0.125
1 0.19921875 0.04296875 0.125 0.125
1 0.3203125 0.4609375 0.125 0.125
3 0.6484375 0.0546875 0.125 0.125
3 0.66796875 0.46484375 0.125 0.125
3 0.51171875 0.05859375 0.125 0.125
2 0.640625 0.18359375 0.125 0.125
2 0.7421875 0.4453125 0.125 0.125
2 0.87890625 0.44140625 0.125 0.125
2 0.9140625 0.19921875 0.125 0.125
1 0.80859375 0.44921875 0.125 0.125
3 0.33203125 0.98046875 0.125 0.125
