4 0.4921875 0.20703125 0.125 0.125
3 0.48828125 0.00390625 0.125 0.125
3 0.4921875 0.31640625 0.125 0.125
3 0.4921875 0.421875 0.125 0.125
1 0.19921875 0.21484375 0.125 0.125
1 0.2109375 0.01171875 0.125 0.125
1 0.48828125 0.11328125 0.125 0.125
3 0.72265625 0.28125 0.125 0.125
2 0.7109375 0.109375 0.125 0.125
3 0.20703125 0.640625 0.125 0.125
3 0.48828125 0.6171875 0.125 0.125
3 0.4921875 0.51953125 0.125 0.125
1 0.12890625 0.9765625 0.125 0.125
1 0.48046875 0.7265625 0.125 0.125
3 0.99609375 0.87890625 0.125 0.125
