3 0.34765625 0.37109375 0.125 0.125
1 0.4921875 0.453125 0.125 0.125
3 0.87109375 0.44140625 0.125 0.125
1 0.87109375 0.30078125 0.125 0.125
1 0.87890625 0.2265625 0.125 0.125
1 0.8828125 0.37109375 0.125 0.125
1 0.890625 0.15234375 0.125 0.125
3 0.0 0.73046875 0.125 0.125
3 0.33984375 0.8671875 0.125 0.125
3 0.3671875 0.51171875 0.125 0.125
2 0.33203125 0.94140625 0.125 0.125
2 0.34765625 0.578125 0.125 0.125
1 0.0078125 0.5234375 0.125 0.125
1 0.35546875 0.73046875 0.125 0.125
1 0.36328125 0.65234375 0.125 0.125
1 0.3671875 0.80078125 0.125 0.125
1 0.47265625 0.8828125 0.125 0.125
1 0.484375 0.953125 0.125 0.125
3 0.5 0.80078125 0.125 0.125
3 0.87890625 0.58984375 0.125 0.125
1 0.5 0.515625 0.125 0.125
1 0.50390625 0.7265625 0.125 0.125
1 0.5078125 0.6640625 0.125 0.125
1 0.51171875 0.58203125 0.125 0.125
1 0.87109375 0.51171875 0.125 0.125
1 0.87890625 0.6484375 0.125 0.125
1 0.87890625 0.796875 0.125 0.125
