4 0.15234375 0.484375 0.125 0.125
4 0.1640625 0.37890625 0.125 0.125
4 0.19140625 0.2109375 0.125 0.125
4 0.26953125 0.21484375 0.125 0.125
4 0.30078125 0.3515625 0.125 0.125
4 0.37890625 0.359375 0.125 0.125
4 0.3984375 0.20703125 0.125 0.125
4 0.45703125 0.0 0.125 0.125
3 0.0078125 0.37109375 0.125 0.125
3 0.04296875 0.2109375 0.125 0.125
3 0.08203125 0.34765625 0.125 0.125
3 0.08203125 0.4921875 0.125 0.125
3 0.125 0.19921875 0.125 0.125
3 0.21875 0.49609375 0.125 0.125
3 0.32421875 0.2109375 0.125 0.125
3 0.390625 0.03125 0.125 0.125
3 0.4375 0.48828125 0.125 0.125
3 0.44921875 0.3515625 0.125 0.125
3 0.4765625 0.19921875 0.125 0.125
1 0.04296875 0.06640625 0.125 0.125
1 0.19140625 0.07421875 0.125 0.125
1 0.2265625 0.35546875 0.125 0.125
1 0.37109375 0.4921875 0.125 0.125
4 0.546875 0.16015625 0.125 0.125
4 0.60546875 0.3359375 0.125 0.125
4 0.78125 0.2421875 0.125 0.125
3 0.515625 0.4921875 0.125 0.125
3 0.53515625 0.05078125 0.125 0.125
3 0.5390625 0.34375 0.125 0.125
3 0.578125 0.4921875 0.125 0.125
3 0.625 0.17578125 0.125 0.125
3 0.67578125 0.03125 0.125 0.125
3 0.78125 0.3203125 0.125 0.125
3 0.7890625 0.41015625 0.125 0.125
1 0.6015625 0.04296875 0.125 0.125
4 0.0390625 0.78515625 0.125 0.125
4 0.3984375 0.7734375 0.125 0.125
4 0.43359375 0.640625 0.125 0.125
4 0.47265625 0.78125 0.125 0.125
3 0.05859375 0.65625 0.125 0.125
3 0.078125 0.9453125 0.125 0.125
3 0.125 0.63671875 0.125 0.125
3 0.1953125 0.62890625 0.125 0.125
3 0.2734375 0.7734375 0.125 0.125
3 0.32421875 0.92578125 0.125 0.125
3 0.33203125 0.78515625 0.125 0.125
3 0.3984375 0.93359375 0.125 0.125
3 0.4765625 0.91796875 0.125 0.125
1 0.2890625 0.5 0.125 0.125
4 0.5390625 0.8984375 0.125 0.125
4 0.6640625 0.75390625 0.125 0.125
4 0.78125 0.66015625 0.125 0.125
3 0.51171875 0.625 0.125 0.125
3 0.5390625 0.76953125 0.125 0.125
3 0.60546875 0.890625 0.125 0.125
3 0.66796875 0.62890625 0.125 0.125
3 0.703125 0.87890625 0.125 0.125
3 0.78125 0.734375 0.125 0.125
3 0.796875 0.56640625 0.125 0.125
1 0.79296875 0.87109375 0.125 0.125
