3 0.5859375 0.2734375 0.125 0.125
3 0.58984375 0.203125 0.125 0.125
3 0.58984375 0.34765625 0.125 0.125
3 0.6015625 0.05859375 0.125 0.125
3 0.9453125 0.23046875 0.125 0.125
3 0.9453125 0.375 0.125 0.125
1 0.58203125 0.44140625 0.125 0.125
1 0.59375 0.1328125 0.125 0.125
1 0.7421875 0.3046875 0.125 0.125
1 0.95703125 0.09765625 0.125 0.125
3 0.58203125 0.5078125 0.125 0.125
3 0.58203125 0.87109375 0.125 0.125
3 0.93359375 0.5234375 0.125 0.125
3 0.953125 0.671875 0.125 0.125
1 0.58203125 0.8046875 0.125 0.125
1 0.58203125 0.95703125 0.125 0.125
1 0.59375 0.7265625 0.125 0.125
1 0.59765625 0.5859375 0.125 0.125
1 0.94921875 0.87890625 0.125 0.125
