1 0.1875 0.41015625 0.125 0.125
1 0.1875 0.484375 0.125 0.125
4 0.99609375 0.42578125 0.125 0.125
3 0.1875 0.7109375 0.125 0.125
3 0.19140625 0.640625 0.125 0.125
3 0.24609375 0.87109375 0.125 0.125
2 0.12109375 0.98828125 0.125 0.125
1 0.1171875 0.8359375 0.125 0.125
1 0.1953125 0.56640625 0.125 0.125
3 0.56640625 0.71875 0.125 0.125
3 0.68359375 0.53125 0.125 0.125
3 0.98828125 0.6640625 0.125 0.125
3 0.98828125 0.73828125 0.125 0.125
3 0.9921875 0.58984375 0.125 0.125
3 0.99609375 0.828125 0.125 0.125
2 0.6953125 0.98046875 0.125 0.125
1 0.54296875 0.5703125 0.125 0.125
1 0.54296875 0.953125 0.125 0.125
1 0.55078125 0.796875 0.125 0.125
1 0.55078125 0.87890625 0.125 0.125
1 0.55859375 0.640625 0.125 0.125
1 0.69140625 0.8359375 0.125 0.125
1 0.6953125 0.75 0.125 0.125
1 0.6953125 0.90234375 0.125 0.125
1 0.703125 0.6015625 0.125 0.125
1 0.703125 0.67578125 0.125 0.125
1 0.9765625 0.88671875 0.125 0.125
1 0.98828125 0.95703125 0.125 0.125
1 0.99609375 0.51171875 0.125 0.125
