3 0.00390625 0.05078125 0.125 0.125
3 0.04296875 0.4140625 0.125 0.125
3 0.1796875 0.40625 0.125 0.125
3 0.30078125 0.03125 0.125 0.125
3 0.4375 0.0390625 0.125 0.125
2 0.25 0.39453125 0.125 0.125
1 0.12109375 0.421875 0.125 0.125
1 0.234375 0.03125 0.125 0.125
1 0.32421875 0.4140625 0.125 0.125
1 0.37109375 0.03125 0.125 0.125
1 0.390625 0.40234375 0.125 0.125
3 0.54296875 0.421875 0.125 0.125
3 0.578125 0.04296875 0.125 0.125
3 0.6171875 0.4296875 0.125 0.125
1 0.66015625 0.0546875 0.125 0.125
1 0.73046875 0.05078125 0.125 0.125
1 0.8984375 0.43359375 0.125 0.125
1 0.51171875 0.03515625 0.125 0.125
