4 0.03125 0.421875 0.125 0.125
3 0.04296875 0.15234375 0.125 0.125
3 0.375 0.22265625 0.125 0.125
3 0.37890625 0.01171875 0.125 0.125
2 0.3671875 0.0859375 0.125 0.125
1 0.02734375 0.0859375 0.125 0.125
1 0.02734375 0.49609375 0.125 0.125
1 0.03515625 0.015625 0.125 0.125
1 0.375 0.421875 0.125 0.125
1 0.3828125 0.3515625 0.125 0.125
1 0.390625 0.4921875 0.125 0.125
1 0.39453125 0.140625 0.125 0.125
3 0.55859375 0.14453125 0.125 0.125
3 0.55859375 0.4296875 0.125 0.125
3 0.57421875 0.21484375 0.125 0.125
3 0.57421875 0.35546875 0.125 0.125
3 0.578125 0.01171875 0.125 0.125
3 0.58203125 0.078125 0.125 0.125
3 0.8828125 0.421875 0.125 0.125
3 0.890625 0.1484375 0.125 0.125
3 0.89453125 0.3515625 0.125 0.125
3 0.90234375 0.08203125 0.125 0.125
1 0.55859375 0.4921875 0.125 0.125
1 0.89453125 0.48828125 0.125 0.125
1 0.8984375 0.0078125 0.125 0.125
3 0.0546875 0.796875 0.125 0.125
3 0.3671875 0.70703125 0.125 0.125
3 0.37109375 0.5703125 0.125 0.125
3 0.375 0.6328125 0.125 0.125
1 0.03515625 0.640625 0.125 0.125
1 0.04296875 0.56640625 0.125 0.125
1 0.0625 0.86328125 0.125 0.125
3 0.5546875 0.84375 0.125 0.125
3 0.5625 0.64453125 0.125 0.125
3 0.890625 0.99609375 0.125 0.125
3 0.90625 0.71875 0.125 0.125
3 0.90625 0.7890625 0.125 0.125
2 0.56640625 0.71484375 0.125 0.125
2 0.8984375 0.92578125 0.125 0.125
1 0.5546875 0.78515625 0.125 0.125
1 0.55859375 0.57421875 0.125 0.125
1 0.74609375 0.796875 0.125 0.125
1 0.89453125 0.6484375 0.125 0.125
1 0.8984375 0.57421875 0.125 0.125
1 0.91015625 0.8515625 0.125 0.125
