4 0.0859375 0.0078125 0.125 0.125
3 0.015625 0.00390625 0.125 0.125
3 0.0859375 0.3984375 0.125 0.125
3 0.15234375 0.37890625 0.125 0.125
3 0.15625 0.01171875 0.125 0.125
3 0.2265625 0.39453125 0.125 0.125
3 0.375 0.03125 0.125 0.125
3 0.45703125 0.0234375 0.125 0.125
1 0.015625 0.39453125 0.125 0.125
1 0.2265625 0.015625 0.125 0.125
1 0.296875 0.4140625 0.125 0.125
1 0.3046875 0.0078125 0.125 0.125
1 0.375 0.41015625 0.125 0.125
1 0.43359375 0.40625 0.125 0.125
1 0.8671875 0.48046875 0.125 0.125
4 0.08203125 0.90234375 0.125 0.125
3 0.15234375 0.53125 0.125 0.125
3 0.15234375 0.90234375 0.125 0.125
3 0.28515625 0.5234375 0.125 0.125
3 0.44140625 0.921875 0.125 0.125
3 0.0 0.53125 0.125 0.125
1 0.00390625 0.89453125 0.125 0.125
1 0.08203125 0.515625 0.125 0.125
1 0.21875 0.5390625 0.125 0.125
1 0.29296875 0.90234375 0.125 0.125
1 0.36328125 0.921875 0.125 0.125
1 0.37109375 0.5546875 0.125 0.125
1 0.44140625 0.5390625 0.125 0.125
1 0.96484375 0.58984375 0.125 0.125
