4 0.15625 0.23828125 0.125 0.125
4 0.44921875 0.0546875 0.125 0.125
3 0.0625 0.37109375 0.125 0.125
3 0.078125 0.23046875 0.125 0.125
3 0.1484375 0.37109375 0.125 0.125
3 0.0078125 0.2265625 0.125 0.125
2 0.40234375 0.1953125 0.125 0.125
1 0.421875 0.33203125 0.125 0.125
2 0.6171875 0.015625 0.125 0.125
2 0.99609375 0.00390625 0.125 0.125
3 0.0 0.640625 0.125 0.125
1 0.06640625 0.6484375 0.125 0.125
1 0.14453125 0.65234375 0.125 0.125
1 0.421875 0.57421875 0.125 0.125
2 0.671875 0.6015625 0.125 0.125
