4 0.45703125 0.109375 0.125 0.125
3 0.44140625 0.234375 0.125 0.125
3 0.44921875 0.390625 0.125 0.125
3 0.453125 0.453125 0.125 0.125
3 0.45703125 0.1796875 0.125 0.125
3 0.0 0.453125 0.125 0.125
3 0.12890625 0.2421875 0.125 0.125
3 0.12890625 0.31640625 0.125 0.125
3 0.1328125 0.3828125 0.125 0.125
1 0.45703125 0.31640625 0.125 0.125
4 0.91796875 0.46484375 0.125 0.125
3 0.6015625 0.03515625 0.125 0.125
3 0.91796875 0.3984375 0.125 0.125
3 0.921875 0.03515625 0.125 0.125
3 0.9296875 0.11328125 0.125 0.125
2 0.6171875 0.390625 0.125 0.125
1 0.59765625 0.1015625 0.125 0.125
1 0.92578125 0.32421875 0.125 0.125
4 0.12890625 0.58984375 0.125 0.125
3 0.4453125 0.73828125 0.125 0.125
3 0.44921875 0.52734375 0.125 0.125
3 0.44921875 0.9609375 0.125 0.125
3 0.453125 0.88671875 0.125 0.125
3 0.11328125 0.9453125 0.125 0.125
3 0.1171875 0.8203125 0.125 0.125
1 0.10546875 0.89453125 0.125 0.125
1 0.11328125 0.7421875 0.125 0.125
1 0.1171875 0.671875 0.125 0.125
1 0.13671875 0.515625 0.125 0.125
1 0.4453125 0.828125 0.125 0.125
1 0.4609375 0.60546875 0.125 0.125
3 0.58984375 0.890625 0.125 0.125
3 0.92578125 0.61328125 0.125 0.125
3 0.9296875 0.5390625 0.125 0.125
3 0.9296875 0.828125 0.125 0.125
3 0.93359375 0.6796875 0.125 0.125
2 0.921875 0.76171875 0.125 0.125
1 0.578125 0.96484375 0.125 0.125
1 0.5859375 0.52734375 0.125 0.125
1 0.58984375 0.75 0.125 0.125
1 0.59375 0.6015625 0.125 0.125
1 0.59765625 0.67578125 0.125 0.125
1 0.609375 0.8203125 0.125 0.125
1 0.921875 0.890625 0.125 0.125
