4 0.38671875 0.04296875 0.125 0.125
3 0.17578125 0.046875 0.125 0.125
3 0.234375 0.34765625 0.125 0.125
2 0.48828125 0.34765625 0.125 0.125
1 0.125 0.3359375 0.125 0.125
1 0.1328125 0.48046875 0.125 0.125
1 0.20703125 0.4765625 0.125 0.125
1 0.34375 0.4921875 0.125 0.125
1 0.36328125 0.34375 0.125 0.125
1 0.41796875 0.48828125 0.125 0.125
3 0.7734375 0.48046875 0.125 0.125
2 0.70703125 0.4765625 0.125 0.125
1 0.57421875 0.0390625 0.125 0.125
1 0.78515625 0.06640625 0.125 0.125
4 0.26953125 0.984375 0.125 0.125
3 0.06640625 0.83984375 0.125 0.125
3 0.125 0.9921875 0.125 0.125
3 0.19140625 0.9921875 0.125 0.125
3 0.26953125 0.84375 0.125 0.125
3 0.328125 0.83984375 0.125 0.125
3 0.41015625 0.84765625 0.125 0.125
3 0.48046875 0.84765625 0.125 0.125
3 0.48828125 0.98828125 0.125 0.125
2 0.19921875 0.85546875 0.125 0.125
1 0.05859375 0.98046875 0.125 0.125
1 0.3359375 0.98046875 0.125 0.125
1 0.4140625 0.96875 0.125 0.125
3 0.94140625 0.9921875 0.125 0.125
3 0.95703125 0.91796875 0.125 0.125
2 0.640625 0.83984375 0.125 0.125
2 0.9296875 0.77734375 0.125 0.125
1 0.55078125 0.8515625 0.125 0.125
1 0.5546875 0.9765625 0.125 0.125
1 0.5703125 0.515625 0.125 0.125
1 0.62890625 0.97265625 0.125 0.125
1 0.6328125 0.50390625 0.125 0.125
1 0.9296875 0.84765625 0.125 0.125
