2 0.48828125 0.34765625 0.125 0.125
1 0.33203125 0.1171875 0.125 0.125
1 0.375 0.25390625 0.125 0.125
1 0.40625 0.09375 0.125 0.125
1 0.44140625 0.24609375 0.125 0.125
3 0.6953125 0.16796875 0.125 0.125
3 0.98046875 0.453125 0.125 0.125
2 0.51171875 0.41796875 0.125 0.125
2 0.71875 0.4453125 0.125 0.125
1 0.50390625 0.0546875 0.125 0.125
1 0.6796875 0.328125 0.125 0.125
4 0.3984375 0.59765625 0.125 0.125
2 0.44921875 0.69921875 0.125 0.125
2 0.4609375 0.7734375 0.125 0.125
1 0.4765625 0.86328125 0.125 0.125
4 0.63671875 0.8046875 0.125 0.125
4 0.81640625 0.9921875 0.125 0.125
4 0.84375 0.90234375 0.125 0.125
2 0.5703125 0.55859375 0.125 0.125
2 0.6171875 0.734375 0.125 0.125
2 0.66796875 0.8671875 0.125 0.125
2 0.69140625 0.57421875 0.125 0.125
2 0.76171875 0.52734375 0.125 0.125
2 0.8046875 0.7734375 0.125 0.125
2 0.86328125 0.51171875 0.125 0.125
1 0.5 0.921875 0.125 0.125
1 0.5234375 0.99609375 0.125 0.125
1 0.59765625 0.63671875 0.125 0.125
1 0.671875 0.953125 0.125 0.125
1 0.8046875 0.83984375 0.125 0.125
