2 0.04296875 0.28515625 0.125 0.125
2 0.0703125 0.18359375 0.125 0.125
2 0.23046875 0.390625 0.125 0.125
1 0.0546875 0.35546875 0.125 0.125
1 0.31640625 0.49609375 0.125 0.125
4 0.29296875 0.90234375 0.125 0.125
4 0.3046875 0.62890625 0.125 0.125
3 0.0 0.64453125 0.125 0.125
3 0.125 0.76171875 0.125 0.125
3 0.12890625 0.98046875 0.125 0.125
3 0.1328125 0.8359375 0.125 0.125
3 0.13671875 0.69921875 0.125 0.125
3 0.1484375 0.56640625 0.125 0.125
3 0.2890625 0.83203125 0.125 0.125
3 0.296875 0.703125 0.125 0.125
2 0.1015625 0.90234375 0.125 0.125
2 0.28515625 0.76953125 0.125 0.125
1 0.00390625 0.578125 0.125 0.125
1 0.1484375 0.5 0.125 0.125
1 0.16796875 0.625 0.125 0.125
1 0.29296875 0.98046875 0.125 0.125
1 0.296875 0.56640625 0.125 0.125
