1 0.36328125 0.21875 0.125 0.125
4 0.98046875 0.3984375 0.125 0.125
3 0.58984375 0.1640625 0.125 0.125
3 0.7734375 0.27734375 0.125 0.125
3 0.8359375 0.15625 0.125 0.125
3 0.84375 0.30078125 0.125 0.125
3 0.88671875 0.1171875 0.125 0.125
3 0.90625 0.29296875 0.125 0.125
3 0.92578125 0.47265625 0.125 0.125
3 0.96484375 0.28515625 0.125 0.125
3 0.53515625 0.04296875 0.125 0.125
3 0.5390625 0.26953125 0.125 0.125
1 0.53515625 0.17578125 0.125 0.125
1 0.796875 0.015625 0.125 0.125
1 0.19921875 0.6015625 0.125 0.125
3 0.6171875 0.53125 0.125 0.125
3 0.69140625 0.875 0.125 0.125
3 0.9140625 0.67578125 0.125 0.125
3 0.53515625 0.99609375 0.125 0.125
2 0.5625 0.76171875 0.125 0.125
2 0.578125 0.65625 0.125 0.125
2 0.7109375 0.66796875 0.125 0.125
1 0.546875 0.875 0.125 0.125
1 0.6171875 0.93359375 0.125 0.125
1 0.76953125 0.93359375 0.125 0.125
1 0.89453125 0.53515625 0.125 0.125
1 0.98828125 0.640625 0.125 0.125
