3 0.55078125 0.38671875 0.125 0.125
4 0.0078125 0.86328125 0.125 0.125
3 0.3359375 0.5625 0.125 0.125
3 0.34765625 0.9296875 0.125 0.125
3 0.49609375 0.578125 0.125 0.125
3 0.16796875 0.5625 0.125 0.125
2 0.15625 0.8671875 0.125 0.125
1 0.01953125 0.56640625 0.125 0.125
1 0.06640625 0.890625 0.125 0.125
1 0.09375 0.56640625 0.125 0.125
1 0.2421875 0.55859375 0.125 0.125
1 0.41796875 0.92578125 0.125 0.125
3 0.58203125 0.953125 0.125 0.125
3 0.6640625 0.9453125 0.125 0.125
1 0.5 0.94921875 0.125 0.125
