4 0.546875 0.09375 0.125 0.125
4 0.90625 0.23046875 0.125 0.125
4 0.90625 0.36328125 0.125 0.125
3 0.53125 0.44921875 0.125 0.125
3 0.53515625 0.01953125 0.125 0.125
3 0.54296875 0.2265625 0.125 0.125
3 0.90234375 0.0859375 0.125 0.125
3 0.90625 0.30859375 0.125 0.125
3 0.91015625 0.15625 0.125 0.125
2 0.53125 0.30078125 0.125 0.125
1 0.53125 0.37109375 0.125 0.125
1 0.546875 0.16015625 0.125 0.125
1 0.8984375 0.015625 0.125 0.125
4 0.52734375 0.87890625 0.125 0.125
3 0.53125 0.58984375 0.125 0.125
3 0.71484375 0.86328125 0.125 0.125
3 0.88671875 0.8046875 0.125 0.125
3 0.89453125 0.66015625 0.125 0.125
2 0.51953125 0.8046875 0.125 0.125
1 0.52734375 0.66796875 0.125 0.125
1 0.52734375 0.73828125 0.125 0.125
1 0.5390625 0.515625 0.125 0.125
1 0.8828125 0.7265625 0.125 0.125
1 0.88671875 0.59375 0.125 0.125
1 0.88671875 0.87890625 0.125 0.125
