3 0.1171875 0.484375 0.125 0.125
3 0.34765625 0.03515625 0.125 0.125
1 0.05078125 0.47265625 0.125 0.125
3 0.63671875 0.46875 0.125 0.125
3 0.78515625 0.4765625 0.125 0.125
3 0.85546875 0.47265625 0.125 0.125
3 0.9140625 0.47265625 0.125 0.125
1 0.7109375 0.47265625 0.125 0.125
1 0.95703125 0.1796875 0.125 0.125
1 0.98828125 0.47265625 0.125 0.125
3 0.08984375 0.84765625 0.125 0.125
3 0.10546875 0.7734375 0.125 0.125
2 0.25 0.99609375 0.125 0.125
1 0.08984375 0.92578125 0.125 0.125
1 0.09765625 0.99609375 0.125 0.125
1 0.23046875 0.859375 0.125 0.125
1 0.234375 0.7890625 0.125 0.125
1 0.234375 0.91796875 0.125 0.125
3 0.64453125 0.9375 0.125 0.125
3 0.65625 0.8671875 0.125 0.125
3 0.93359375 0.87109375 0.125 0.125
3 0.94140625 0.72265625 0.125 0.125
3 0.94140625 0.80078125 0.125 0.125
3 0.51171875 0.92578125 0.125 0.125
1 0.51171875 0.99609375 0.125 0.125
1 0.515625 0.78125 0.125 0.125
1 0.51953125 0.86328125 0.125 0.125
1 0.640625 0.99609375 0.125 0.125
1 0.671875 0.80078125 0.125 0.125
1 0.9453125 0.93359375 0.125 0.125
