3 0.25390625 0.31640625 0.125 0.125
3 0.49609375 0.43359375 0.125 0.125
1 0.25390625 0.3984375 0.125 0.125
1 0.4921875 0.2734375 0.125 0.125
1 0.49609375 0.3515625 0.125 0.125
3 0.79296875 0.1640625 0.125 0.125
3 0.84765625 0.17578125 0.125 0.125
3 0.93359375 0.16015625 0.125 0.125
1 0.64453125 0.1640625 0.125 0.125
1 0.71875 0.16796875 0.125 0.125
1 0.90625 0.453125 0.125 0.125
3 0.33203125 0.7265625 0.125 0.125
3 0.48046875 0.91796875 0.125 0.125
1 0.47265625 0.78125 0.125 0.125
1 0.484375 0.69921875 0.125 0.125
1 0.484375 0.8515625 0.125 0.125
3 0.875 0.87890625 0.125 0.125
3 0.88671875 0.80859375 0.125 0.125
3 0.8984375 0.94921875 0.125 0.125
2 0.88671875 0.66015625 0.125 0.125
1 0.88671875 0.58984375 0.125 0.125
1 0.890625 0.72265625 0.125 0.125
1 0.8984375 0.515625 0.125 0.125
