3 0.05859375 0.1328125 0.125 0.125
3 0.05859375 0.1953125 0.125 0.125
3 0.06640625 0.34375 0.125 0.125
3 0.19140625 0.046875 0.125 0.125
3 0.20703125 0.1171875 0.125 0.125
3 0.2109375 0.41015625 0.125 0.125
3 0.21875 0.18359375 0.125 0.125
1 0.05078125 0.046875 0.125 0.125
1 0.05078125 0.46875 0.125 0.125
1 0.49609375 0.4609375 0.125 0.125
4 0.5390625 0.3203125 0.125 0.125
3 0.640625 0.03515625 0.125 0.125
3 0.64453125 0.40625 0.125 0.125
3 0.6484375 0.19140625 0.125 0.125
3 0.6640625 0.2578125 0.125 0.125
3 0.9765625 0.10546875 0.125 0.125
3 0.9765625 0.2578125 0.125 0.125
3 0.98046875 0.47265625 0.125 0.125
3 0.515625 0.015625 0.125 0.125
3 0.515625 0.2421875 0.125 0.125
3 0.51953125 0.17578125 0.125 0.125
1 0.51171875 0.09375 0.125 0.125
1 0.51171875 0.38671875 0.125 0.125
1 0.64453125 0.48046875 0.125 0.125
1 0.65234375 0.109375 0.125 0.125
1 0.97265625 0.1796875 0.125 0.125
1 0.9921875 0.40625 0.125 0.125
3 0.18359375 0.62109375 0.125 0.125
3 0.97265625 0.53515625 0.125 0.125
2 0.65625 0.53125 0.125 0.125
1 0.640625 0.625 0.125 0.125
1 0.97265625 0.7578125 0.125 0.125
