3 0.3125 0.33984375 0.125 0.125
1 0.0234375 0.33984375 0.125 0.125
1 0.17578125 0.34765625 0.125 0.125
1 0.24609375 0.3671875 0.125 0.125
1 0.48828125 0.078125 0.125 0.125
1 0.89453125 0.390625 0.125 0.125
1 0.97265625 0.390625 0.125 0.125
3 0.0703125 0.671875 0.125 0.125
3 0.24609375 0.80078125 0.125 0.125
3 0.31640625 0.8046875 0.125 0.125
1 0.0 0.67578125 0.125 0.125
1 0.03125 0.8046875 0.125 0.125
1 0.1015625 0.8203125 0.125 0.125
1 0.1328125 0.6875 0.125 0.125
1 0.16015625 0.80859375 0.125 0.125
1 0.28125 0.6640625 0.125 0.125
3 0.87890625 0.921875 0.125 0.125
3 0.72265625 0.91015625 0.125 0.125
