3 0.21875 0.375 0.125 0.125
1 0.2265625 0.234375 0.125 0.125
1 0.2265625 0.30078125 0.125 0.125
1 0.2265625 0.4453125 0.125 0.125
1 0.24609375 0.171875 0.125 0.125
3 0.58203125 0.08203125 0.125 0.125
3 0.58984375 0.15234375 0.125 0.125
3 0.59375 0.23046875 0.125 0.125
3 0.59765625 0.01953125 0.125 0.125
3 0.59765625 0.30078125 0.125 0.125
3 0.6015625 0.3671875 0.125 0.125
3 0.81640625 0.3359375 0.125 0.125
2 0.80078125 0.4140625 0.125 0.125
2 0.8046875 0.05859375 0.125 0.125
2 0.83203125 0.2109375 0.125 0.125
1 0.59375 0.44921875 0.125 0.125
3 0.23828125 0.58984375 0.125 0.125
3 0.2421875 0.65625 0.125 0.125
3 0.796875 0.7578125 0.125 0.125
3 0.80859375 0.90234375 0.125 0.125
3 0.82421875 0.98046875 0.125 0.125
2 0.80078125 0.6953125 0.125 0.125
2 0.81640625 0.5390625 0.125 0.125
1 0.60546875 0.51953125 0.125 0.125
1 0.80859375 0.625 0.125 0.125
1 0.80859375 0.828125 0.125 0.125
