3 0.3359375 0.32421875 0.125 0.125
3 0.3359375 0.46875 0.125 0.125
3 0.48046875 0.47265625 0.125 0.125
1 0.33203125 0.18359375 0.125 0.125
3 0.734375 0.12890625 0.125 0.125
3 0.76171875 0.2265625 0.125 0.125
1 0.71484375 0.06640625 0.125 0.125
1 0.9609375 0.41015625 0.125 0.125
3 0.3125 0.53515625 0.125 0.125
3 0.3125 0.828125 0.125 0.125
3 0.4765625 0.921875 0.125 0.125
3 0.48046875 0.99609375 0.125 0.125
3 0.48828125 0.57421875 0.125 0.125
3 0.48828125 0.703125 0.125 0.125
1 0.3203125 0.76171875 0.125 0.125
1 0.328125 0.96875 0.125 0.125
1 0.48828125 0.84765625 0.125 0.125
3 0.82421875 0.87890625 0.125 0.125
3 0.89453125 0.7421875 0.125 0.125
3 0.8984375 0.875 0.125 0.125
3 0.96875 0.75390625 0.125 0.125
3 0.96875 0.87109375 0.125 0.125
