4 0.453125 0.4140625 0.125 0.125
2 0.7890625 0.4609375 0.125 0.125
2 0.8828125 0.25390625 0.125 0.125
2 0.94921875 0.37109375 0.125 0.125
1 0.71875 0.48046875 0.125 0.125
1 0.84375 0.43359375 0.125 0.125
1 0.89453125 0.421875 0.125 0.125
1 0.9296875 0.234375 0.125 0.125
4 0.27734375 0.546875 0.125 0.125
3 0.03125 0.953125 0.125 0.125
3 0.06640625 0.83203125 0.125 0.125
3 0.0859375 0.94921875 0.125 0.125
3 0.12890625 0.9453125 0.125 0.125
3 0.1328125 0.6953125 0.125 0.125
3 0.13671875 0.82421875 0.125 0.125
3 0.18359375 0.6796875 0.125 0.125
3 0.19140625 0.9453125 0.125 0.125
3 0.1953125 0.8203125 0.125 0.125
3 0.23828125 0.6796875 0.125 0.125
3 0.23828125 0.9453125 0.125 0.125
3 0.2578125 0.81640625 0.125 0.125
3 0.30078125 0.67578125 0.125 0.125
3 0.3046875 0.9296875 0.125 0.125
3 0.31640625 0.8046875 0.125 0.125
3 0.35546875 0.65625 0.125 0.125
3 0.36328125 0.9453125 0.125 0.125
3 0.375 0.515625 0.125 0.125
3 0.375 0.80859375 0.125 0.125
3 0.421875 0.65625 0.125 0.125
3 0.42578125 0.9453125 0.125 0.125
3 0.4296875 0.51171875 0.125 0.125
2 0.89453125 0.82421875 0.125 0.125
1 0.83984375 0.58984375 0.125 0.125
1 0.8828125 0.55859375 0.125 0.125
1 0.890625 0.99609375 0.125 0.125
1 0.94140625 0.52734375 0.125 0.125
1 0.94921875 0.796875 0.125 0.125
1 0.94921875 0.94921875 0.125 0.125
1 0.96875 0.6640625 0.125 0.125
1 0.99609375 0.51171875 0.125 0.125
