4 0.375 0.296875 0.125 0.125
3 0.0234375 0.23828125 0.125 0.125
3 0.0234375 0.3125 0.125 0.125
3 0.03125 0.38671875 0.125 0.125
3 0.05078125 0.0234375 0.125 0.125
3 0.05078125 0.45703125 0.125 0.125
1 0.04296875 0.08984375 0.125 0.125
1 0.04296875 0.16796875 0.125 0.125
1 0.37890625 0.109375 0.125 0.125
1 0.390625 0.203125 0.125 0.125
1 0.39453125 0.37890625 0.125 0.125
1 0.3984375 0.00390625 0.125 0.125
3 0.7265625 0.43359375 0.125 0.125
3 0.88671875 0.0625 0.125 0.125
3 0.5078125 0.4453125 0.125 0.125
3 0.5390625 0.203125 0.125 0.125
3 0.55078125 0.05078125 0.125 0.125
3 0.58984375 0.4453125 0.125 0.125
1 0.53125 0.1171875 0.125 0.125
4 0.3046875 0.76953125 0.125 0.125
3 0.08984375 0.76171875 0.125 0.125
4 0.66796875 0.7734375 0.125 0.125
3 0.5234375 0.7734375 0.125 0.125
3 0.58984375 0.78125 0.125 0.125
