3 0.01171875 0.3984375 0.125 0.125
3 0.015625 0.33984375 0.125 0.125
3 0.01953125 0.12890625 0.125 0.125
3 0.0234375 0.2109375 0.125 0.125
3 0.03125 0.27734375 0.125 0.125
3 0.28125 0.47265625 0.125 0.125
3 0.30078125 0.328125 0.125 0.125
3 0.40625 0.4140625 0.125 0.125
3 0.4140625 0.14453125 0.125 0.125
3 0.4296875 0.34375 0.125 0.125
1 0.0234375 0.0703125 0.125 0.125
1 0.296875 0.015625 0.125 0.125
1 0.30078125 0.078125 0.125 0.125
1 0.30078125 0.14453125 0.125 0.125
1 0.30078125 0.2109375 0.125 0.125
1 0.30078125 0.26953125 0.125 0.125
1 0.43359375 0.078125 0.125 0.125
1 0.43359375 0.2109375 0.125 0.125
4 0.6953125 0.01171875 0.125 0.125
3 0.6953125 0.0859375 0.125 0.125
3 0.7109375 0.2421875 0.125 0.125
2 0.97265625 0.046875 0.125 0.125
4 0.00390625 0.85546875 0.125 0.125
3 0.015625 0.99609375 0.125 0.125
3 0.0234375 0.921875 0.125 0.125
3 0.03125 0.734375 0.125 0.125
3 0.2734375 0.671875 0.125 0.125
3 0.2734375 0.796875 0.125 0.125
3 0.41015625 0.79296875 0.125 0.125
2 0.40625 0.87890625 0.125 0.125
1 0.0078125 0.60546875 0.125 0.125
1 0.265625 0.734375 0.125 0.125
1 0.29296875 0.609375 0.125 0.125
1 0.3046875 0.54296875 0.125 0.125
1 0.40234375 0.66796875 0.125 0.125
1 0.421875 0.609375 0.125 0.125
2 0.8203125 0.9296875 0.125 0.125
