1 0.046875 0.375 0.125 0.125
1 0.05078125 0.15625 0.125 0.125
1 0.0546875 0.00390625 0.125 0.125
1 0.08984375 0.49609375 0.125 0.125
1 0.109375 0.33984375 0.125 0.125
1 0.11328125 0.1171875 0.125 0.125
1 0.15234375 0.4765625 0.125 0.125
1 0.17578125 0.3125 0.125 0.125
1 0.1796875 0.09765625 0.125 0.125
1 0.21875 0.4375 0.125 0.125
1 0.23828125 0.28125 0.125 0.125
1 0.24609375 0.06640625 0.125 0.125
1 0.27734375 0.41796875 0.125 0.125
1 0.30859375 0.02734375 0.125 0.125
1 0.30859375 0.25 0.125 0.125
1 0.3515625 0.37890625 0.125 0.125
1 0.37109375 0.00390625 0.125 0.125
1 0.37109375 0.21875 0.125 0.125
1 0.41015625 0.34765625 0.125 0.125
1 0.4453125 0.1875 0.125 0.125
1 0.48828125 0.328125 0.125 0.125
4 0.80078125 0.2734375 0.125 0.125
4 0.86328125 0.2421875 0.125 0.125
3 0.98046875 0.1875 0.125 0.125
3 0.99609375 0.0390625 0.125 0.125
3 0.84375 0.4609375 0.125 0.125
3 0.87890625 0.08203125 0.125 0.125
3 0.90625 0.42578125 0.125 0.125
3 0.92578125 0.21484375 0.125 0.125
3 0.94140625 0.0625 0.125 0.125
3 0.96875 0.3984375 0.125 0.125
1 0.75 0.1328125 0.125 0.125
1 0.8125 0.10546875 0.125 0.125
4 0.33984375 0.94140625 0.125 0.125
3 0.16015625 0.6875 0.125 0.125
3 0.20703125 0.80078125 0.125 0.125
3 0.21484375 0.99609375 0.125 0.125
3 0.2265625 0.66015625 0.125 0.125
3 0.265625 0.77734375 0.125 0.125
3 0.28125 0.97265625 0.125 0.125
3 0.32421875 0.74609375 0.125 0.125
3 0.3828125 0.71875 0.125 0.125
3 0.4140625 0.92578125 0.125 0.125
3 0.45703125 0.5625 0.125 0.125
3 0.47265625 0.90625 0.125 0.125
1 0.02734375 0.87890625 0.125 0.125
1 0.03515625 0.5234375 0.125 0.125
1 0.03515625 0.73046875 0.125 0.125
1 0.08203125 0.8515625 0.125 0.125
1 0.09765625 0.71484375 0.125 0.125
1 0.1484375 0.82421875 0.125 0.125
1 0.28515625 0.63671875 0.125 0.125
1 0.34375 0.609375 0.125 0.125
1 0.40234375 0.58984375 0.125 0.125
1 0.4453125 0.6953125 0.125 0.125
4 0.50390625 0.671875 0.125 0.125
4 0.6015625 0.8515625 0.125 0.125
3 0.99609375 0.7421875 0.125 0.125
3 0.5234375 0.5390625 0.125 0.125
3 0.53125 0.87109375 0.125 0.125
3 0.56640625 0.640625 0.125 0.125
3 0.58203125 0.5078125 0.125 0.125
3 0.5859375 0.984375 0.125 0.125
3 0.62890625 0.62109375 0.125 0.125
3 0.66015625 0.9609375 0.125 0.125
3 0.66796875 0.82421875 0.125 0.125
3 0.70703125 0.93359375 0.125 0.125
3 0.91015625 0.5625 0.125 0.125
3 0.97265625 0.52734375 0.125 0.125
