4 0.390625 0.48046875 0.125 0.125
4 0.40625 0.31640625 0.125 0.125
3 0.19140625 0.06640625 0.125 0.125
3 0.23828125 0.03125 0.125 0.125
3 0.2578125 0.18359375 0.125 0.125
3 0.3203125 0.14453125 0.125 0.125
3 0.37890625 0.11328125 0.125 0.125
3 0.4296875 0.078125 0.125 0.125
3 0.4453125 0.44921875 0.125 0.125
3 0.484375 0.0390625 0.125 0.125
3 0.49609375 0.4140625 0.125 0.125
1 0.03515625 0.46875 0.125 0.125
1 0.46875 0.27734375 0.125 0.125
4 0.93359375 0.12890625 0.125 0.125
4 0.984375 0.3359375 0.125 0.125
3 0.52734375 0.23828125 0.125 0.125
3 0.5625 0.3828125 0.125 0.125
3 0.57421875 0.19921875 0.125 0.125
3 0.640625 0.16015625 0.125 0.125
3 0.6640625 0.3125 0.125 0.125
3 0.69921875 0.125 0.125 0.125
3 0.71875 0.26953125 0.125 0.125
3 0.76953125 0.46875 0.125 0.125
3 0.7734375 0.23828125 0.125 0.125
3 0.82421875 0.4375 0.125 0.125
3 0.83203125 0.203125 0.125 0.125
3 0.859375 0.015625 0.125 0.125
3 0.87890625 0.1640625 0.125 0.125
3 0.87890625 0.40234375 0.125 0.125
3 0.9296875 0.37109375 0.125 0.125
3 0.9921875 0.08984375 0.125 0.125
1 0.53125 0.0 0.125 0.125
1 0.609375 0.34765625 0.125 0.125
1 0.75 0.07421875 0.125 0.125
1 0.80078125 0.04296875 0.125 0.125
1 0.015625 0.69921875 0.125 0.125
1 0.05078125 0.8671875 0.125 0.125
1 0.06640625 0.66015625 0.125 0.125
1 0.1015625 0.8359375 0.125 0.125
1 0.1328125 0.62890625 0.125 0.125
1 0.16015625 0.80078125 0.125 0.125
1 0.21484375 0.7734375 0.125 0.125
1 0.2578125 0.97265625 0.125 0.125
1 0.32421875 0.9296875 0.125 0.125
4 0.8828125 0.96875 0.125 0.125
4 0.94921875 0.94140625 0.125 0.125
3 0.546875 0.61328125 0.125 0.125
3 0.58203125 0.76171875 0.125 0.125
3 0.59765625 0.5859375 0.125 0.125
3 0.65625 0.5546875 0.125 0.125
3 0.66796875 0.94140625 0.125 0.125
3 0.70703125 0.69921875 0.125 0.125
3 0.7109375 0.515625 0.125 0.125
3 0.7265625 0.921875 0.125 0.125
3 0.76953125 0.66796875 0.125 0.125
1 0.7890625 0.890625 0.125 0.125
1 0.82421875 0.65234375 0.125 0.125
1 0.8515625 0.859375 0.125 0.125
1 0.8828125 0.63671875 0.125 0.125
1 0.91796875 0.8359375 0.125 0.125
1 0.93359375 0.5859375 0.125 0.125
1 0.97265625 0.8046875 0.125 0.125
1 0.99609375 0.56640625 0.125 0.125
