1 0.54296875 0.10546875 0.125 0.125
1 0.59765625 0.06640625 0.125 0.125
1 0.65234375 0.02734375 0.125 0.125
1 0.69140625 0.19140625 0.125 0.125
1 0.75 0.15234375 0.125 0.125
1 0.7890625 0.34765625 0.125 0.125
1 0.8125 0.1171875 0.125 0.125
1 0.84375 0.30859375 0.125 0.125
1 0.86328125 0.078125 0.125 0.125
1 0.8671875 0.46875 0.125 0.125
1 0.90234375 0.26953125 0.125 0.125
1 0.9140625 0.04296875 0.125 0.125
1 0.93359375 0.43359375 0.125 0.125
1 0.95703125 0.23828125 0.125 0.125
1 0.96875 0.00390625 0.125 0.125
1 0.98828125 0.3984375 0.125 0.125
2 0.95703125 0.640625 0.125 0.125
