1 0.328125 0.15234375 0.125 0.125
3 0.7421875 0.2890625 0.125 0.125
3 0.8125 0.27734375 0.125 0.125
2 0.953125 0.28515625 0.125 0.125
1 0.59375 0.29296875 0.125 0.125
1 0.8828125 0.2890625 0.125 0.125
4 0.4921875 0.546875 0.125 0.125
3 0.0625 0.99609375 0.125 0.125
3 0.3359375 0.99609375 0.125 0.125
2 0.296875 0.546875 0.125 0.125
1 0.22265625 0.8515625 0.125 0.125
1 0.36328125 0.8359375 0.125 0.125
1 0.484375 0.8515625 0.125 0.125
1 0.4921875 0.99609375 0.125 0.125
1 0.078125 0.55078125 0.125 0.125
4 0.88671875 0.54296875 0.125 0.125
3 0.67578125 0.546875 0.125 0.125
3 0.734375 0.84765625 0.125 0.125
2 0.98828125 0.84765625 0.125 0.125
1 0.625 0.8359375 0.125 0.125
1 0.6328125 0.98046875 0.125 0.125
1 0.70703125 0.9765625 0.125 0.125
1 0.84375 0.9921875 0.125 0.125
1 0.86328125 0.84375 0.125 0.125
1 0.91796875 0.98828125 0.125 0.125
