3 0.30078125 0.41015625 0.125 0.125
3 0.328125 0.4921875 0.125 0.125
3 0.47265625 0.1875 0.125 0.125
3 0.4765625 0.12890625 0.125 0.125
3 0.4765625 0.265625 0.125 0.125
3 0.48828125 0.484375 0.125 0.125
1 0.31640625 0.265625 0.125 0.125
1 0.32421875 0.12109375 0.125 0.125
1 0.32421875 0.34375 0.125 0.125
1 0.328125 0.046875 0.125 0.125
1 0.48046875 0.05078125 0.125 0.125
1 0.48046875 0.41015625 0.125 0.125
4 0.81640625 0.48828125 0.125 0.125
4 0.98828125 0.125 0.125 0.125
3 0.80859375 0.05078125 0.125 0.125
3 0.80859375 0.20703125 0.125 0.125
3 0.828125 0.41796875 0.125 0.125
3 0.8359375 0.12890625 0.125 0.125
3 0.95703125 0.33984375 0.125 0.125
3 0.95703125 0.48828125 0.125 0.125
3 0.9609375 0.20703125 0.125 0.125
3 0.96484375 0.41796875 0.125 0.125
1 0.80859375 0.33984375 0.125 0.125
1 0.9609375 0.2734375 0.125 0.125
3 0.31640625 0.83203125 0.125 0.125
3 0.3203125 0.76171875 0.125 0.125
3 0.32421875 0.6953125 0.125 0.125
3 0.328125 0.6171875 0.125 0.125
3 0.3359375 0.55078125 0.125 0.125
3 0.4609375 0.6953125 0.125 0.125
3 0.47265625 0.7578125 0.125 0.125
3 0.484375 0.5546875 0.125 0.125
4 0.8125 0.83984375 0.125 0.125
3 0.80078125 0.62890625 0.125 0.125
3 0.8046875 0.69140625 0.125 0.125
3 0.82421875 0.5546875 0.125 0.125
3 0.828125 0.76953125 0.125 0.125
3 0.9375 0.6953125 0.125 0.125
3 0.94921875 0.91796875 0.125 0.125
3 0.94921875 0.984375 0.125 0.125
3 0.9609375 0.5546875 0.125 0.125
1 0.95703125 0.625 0.125 0.125
1 0.9609375 0.7734375 0.125 0.125
