3 0.3046875 0.4765625 0.125 0.125
1 0.30859375 0.1328125 0.125 0.125
1 0.33203125 0.06640625 0.125 0.125
3 0.5859375 0.13671875 0.125 0.125
2 0.58984375 0.2734375 0.125 0.125
2 0.72265625 0.28125 0.125 0.125
2 0.73046875 0.40234375 0.125 0.125
2 0.734375 0.20703125 0.125 0.125
1 0.73046875 0.078125 0.125 0.125
1 0.98046875 0.2734375 0.125 0.125
1 0.9921875 0.14453125 0.125 0.125
2 0.01171875 0.93359375 0.125 0.125
2 0.1484375 0.9453125 0.125 0.125
2 0.328125 0.67578125 0.125 0.125
2 0.4921875 0.921875 0.125 0.125
2 0.75 0.94921875 0.125 0.125
2 0.890625 0.94140625 0.125 0.125
2 0.9609375 0.9609375 0.125 0.125
2 0.99609375 0.69921875 0.125 0.125
2 0.5859375 0.69140625 0.125 0.125
1 0.55859375 0.9296875 0.125 0.125
1 0.69921875 0.54296875 0.125 0.125
1 0.8203125 0.9609375 0.125 0.125
