3 0.1328125 0.32421875 0.125 0.125
3 0.13671875 0.05859375 0.125 0.125
3 0.13671875 0.12109375 0.125 0.125
3 0.140625 0.45703125 0.125 0.125
3 0.15234375 0.19140625 0.125 0.125
1 0.1328125 0.2578125 0.125 0.125
1 0.48828125 0.15234375 0.125 0.125
3 0.5 0.21875 0.125 0.125
3 0.5 0.296875 0.125 0.125
1 0.5 0.359375 0.125 0.125
1 0.5 0.42578125 0.125 0.125
1 0.5 0.484375 0.125 0.125
1 0.9375 0.37890625 0.125 0.125
3 0.125 0.5859375 0.125 0.125
3 0.12890625 0.73046875 0.125 0.125
3 0.1328125 0.86328125 0.125 0.125
3 0.4921875 0.89453125 0.125 0.125
2 0.49609375 0.9765625 0.125 0.125
1 0.1171875 0.796875 0.125 0.125
1 0.12890625 0.66796875 0.125 0.125
1 0.1328125 0.9296875 0.125 0.125
1 0.13671875 0.515625 0.125 0.125
1 0.49609375 0.83984375 0.125 0.125
4 0.50390625 0.70703125 0.125 0.125
4 0.51953125 0.62890625 0.125 0.125
3 0.5 0.5546875 0.125 0.125
3 0.86328125 0.9921875 0.125 0.125
3 0.9375 0.67578125 0.125 0.125
3 0.94140625 0.53125 0.125 0.125
1 0.515625 0.765625 0.125 0.125
1 0.90234375 0.83203125 0.125 0.125
