3 0.41015625 0.375 0.125 0.125
3 0.61328125 0.3671875 0.125 0.125
1 0.80859375 0.3671875 0.125 0.125
3 0.25390625 0.85546875 0.125 0.125
3 0.34375 0.75 0.125 0.125
3 0.453125 0.859375 0.125 0.125
2 0.05078125 0.75 0.125 0.125
1 0.1015625 0.85546875 0.125 0.125
1 0.109375 0.5625 0.125 0.125
1 0.30078125 0.65625 0.125 0.125
4 0.5078125 0.66796875 0.125 0.125
3 0.625 0.8671875 0.125 0.125
3 0.796875 0.87890625 0.125 0.125
3 0.984375 0.87109375 0.125 0.125
2 0.984375 0.66796875 0.125 0.125
1 0.77734375 0.66796875 0.125 0.125
