4 0.91015625 0.12109375 0.125 0.125
3 0.82421875 0.1171875 0.125 0.125
1 0.7421875 0.12890625 0.125 0.125
3 0.03125 0.57421875 0.125 0.125
3 0.2109375 0.58203125 0.125 0.125
3 0.2890625 0.90234375 0.125 0.125
3 0.47265625 0.59375 0.125 0.125
1 0.12109375 0.58203125 0.125 0.125
1 0.3125 0.57421875 0.125 0.125
1 0.39453125 0.5859375 0.125 0.125
3 0.5859375 0.578125 0.125 0.125
3 0.66796875 0.5859375 0.125 0.125
3 0.875 0.8828125 0.125 0.125
1 0.76953125 0.58203125 0.125 0.125
1 0.85546875 0.58203125 0.125 0.125
1 0.9453125 0.91796875 0.125 0.125
