3 0.45703125 0.37890625 0.125 0.125
1 0.08984375 0.16015625 0.125 0.125
1 0.28125 0.38671875 0.125 0.125
1 0.421875 0.08984375 0.125 0.125
3 0.796875 0.38671875 0.125 0.125
3 0.96484375 0.27734375 0.125 0.125
3 0.97265625 0.39453125 0.125 0.125
1 0.5234375 0.1796875 0.125 0.125
1 0.6171875 0.3828125 0.125 0.125
2 0.22265625 0.734375 0.125 0.125
2 0.3046875 0.73828125 0.125 0.125
1 0.39453125 0.7421875 0.125 0.125
1 0.48828125 0.7421875 0.125 0.125
1 0.921875 0.75 0.125 0.125
1 0.56640625 0.7421875 0.125 0.125
1 0.66015625 0.73828125 0.125 0.125
1 0.74609375 0.7421875 0.125 0.125
1 0.83984375 0.7421875 0.125 0.125
