3 0.2109375 0.11328125 0.125 0.125
3 0.29296875 0.109375 0.125 0.125
3 0.36328125 0.30078125 0.125 0.125
3 0.37109375 0.1171875 0.125 0.125
1 0.05859375 0.09765625 0.125 0.125
1 0.14453125 0.11328125 0.125 0.125
1 0.36328125 0.359375 0.125 0.125
1 0.3671875 0.43359375 0.125 0.125
1 0.37109375 0.234375 0.125 0.125
3 0.609375 0.359375 0.125 0.125
3 0.61328125 0.2109375 0.125 0.125
3 0.6796875 0.20703125 0.125 0.125
3 0.68359375 0.3671875 0.125 0.125
3 0.75390625 0.20703125 0.125 0.125
3 0.82421875 0.34375 0.125 0.125
3 0.890625 0.359375 0.125 0.125
1 0.7578125 0.34765625 0.125 0.125
1 0.828125 0.2109375 0.125 0.125
1 0.91015625 0.21875 0.125 0.125
1 0.96484375 0.3515625 0.125 0.125
4 0.36328125 0.65625 0.125 0.125
3 0.48828125 0.75390625 0.125 0.125
1 0.36328125 0.5859375 0.125 0.125
1 0.671875 0.73046875 0.125 0.125
