4 0.16796875 0.94140625 0.125 0.125
3 0.32421875 0.62109375 0.125 0.125
3 0.328125 0.859375 0.125 0.125
3 0.39453125 0.61328125 0.125 0.125
3 0.45703125 0.61328125 0.125 0.125
2 0.3125 0.9453125 0.125 0.125
1 0.16796875 0.8671875 0.125 0.125
1 0.18359375 0.61328125 0.125 0.125
1 0.2578125 0.609375 0.125 0.125
3 0.6484375 0.875 0.125 0.125
3 0.78515625 0.62890625 0.125 0.125
3 0.796875 0.87109375 0.125 0.125
3 0.8046875 0.9375 0.125 0.125
3 0.59375 0.61328125 0.125 0.125
1 0.53515625 0.6171875 0.125 0.125
1 0.65234375 0.9453125 0.125 0.125
1 0.66015625 0.6328125 0.125 0.125
1 0.8671875 0.625 0.125 0.125
