3 0.3671875 0.26171875 0.125 0.125
3 0.453125 0.26171875 0.125 0.125
3 0.1328125 0.03515625 0.125 0.125
3 0.1484375 0.26953125 0.125 0.125
2 0.23046875 0.27734375 0.125 0.125
2 0.30078125 0.2578125 0.125 0.125
1 0.47265625 0.0390625 0.125 0.125
1 0.07421875 0.26953125 0.125 0.125
1 0.18359375 0.03125 0.125 0.125
1 0.2578125 0.03125 0.125 0.125
1 0.33203125 0.04296875 0.125 0.125
1 0.40234375 0.0390625 0.125 0.125
3 0.51953125 0.26953125 0.125 0.125
3 0.58984375 0.0390625 0.125 0.125
3 0.59765625 0.2734375 0.125 0.125
3 0.73046875 0.0390625 0.125 0.125
1 0.5234375 0.03515625 0.125 0.125
1 0.66015625 0.04296875 0.125 0.125
1 0.6640625 0.2734375 0.125 0.125
3 0.1953125 0.64453125 0.125 0.125
3 0.34375 0.62109375 0.125 0.125
3 0.42578125 0.625 0.125 0.125
3 0.1015625 0.734375 0.125 0.125
1 0.4921875 0.62890625 0.125 0.125
1 0.28125 0.62890625 0.125 0.125
1 0.55859375 0.62890625 0.125 0.125
