4 0.05078125 0.46875 0.125 0.125
4 0.0625 0.02734375 0.125 0.125
4 0.0625 0.24609375 0.125 0.125
4 0.06640625 0.3984375 0.125 0.125
2 0.0625 0.31640625 0.125 0.125
1 0.0625 0.18359375 0.125 0.125
1 0.06640625 0.1015625 0.125 0.125
4 0.80859375 0.2578125 0.125 0.125
4 0.81640625 0.3203125 0.125 0.125
3 0.8203125 0.46484375 0.125 0.125
1 0.80859375 0.09765625 0.125 0.125
4 0.04296875 0.5234375 0.125 0.125
4 0.04296875 0.88671875 0.125 0.125
3 0.04296875 0.82421875 0.125 0.125
3 0.046875 0.67578125 0.125 0.125
3 0.046875 0.74609375 0.125 0.125
3 0.06640625 0.95703125 0.125 0.125
4 0.8203125 0.51953125 0.125 0.125
4 0.8203125 0.73828125 0.125 0.125
4 0.828125 0.88671875 0.125 0.125
3 0.8125 0.609375 0.125 0.125
3 0.8125 0.68359375 0.125 0.125
3 0.82421875 0.953125 0.125 0.125
