4 0.203125 0.0703125 0.125 0.125
3 0.18359375 0.3671875 0.125 0.125
3 0.18359375 0.43359375 0.125 0.125
3 0.19140625 0.2890625 0.125 0.125
3 0.49609375 0.44140625 0.125 0.125
1 0.19140625 0.14453125 0.125 0.125
1 0.1953125 0.22265625 0.125 0.125
1 0.2109375 0.00390625 0.125 0.125
3 0.50390625 0.375 0.125 0.125
3 0.51171875 0.15625 0.125 0.125
3 0.52734375 0.09765625 0.125 0.125
3 0.6484375 0.23828125 0.125 0.125
3 0.65625 0.296875 0.125 0.125
3 0.66015625 0.09375 0.125 0.125
1 0.50390625 0.3046875 0.125 0.125
3 0.171875 0.5 0.125 0.125
3 0.49609375 0.5859375 0.125 0.125
1 0.00390625 0.54296875 0.125 0.125
3 0.984375 0.69921875 0.125 0.125
3 0.5 0.65625 0.125 0.125
1 0.5078125 0.5234375 0.125 0.125
1 0.9921875 0.90625 0.125 0.125
