3 0.01171875 0.4921875 0.125 0.125
3 0.296875 0.33203125 0.125 0.125
1 0.2890625 0.4921875 0.125 0.125
3 0.60546875 0.01171875 0.125 0.125
1 0.5859375 0.43359375 0.125 0.125
1 0.59765625 0.35546875 0.125 0.125
1 0.60546875 0.12890625 0.125 0.125
1 0.61328125 0.22265625 0.125 0.125
3 0.07421875 0.8125 0.125 0.125
3 0.14453125 0.8046875 0.125 0.125
3 0.1640625 0.5 0.125 0.125
3 0.29296875 0.796875 0.125 0.125
1 0.21875 0.796875 0.125 0.125
1 0.0078125 0.8046875 0.125 0.125
4 0.6171875 0.91796875 0.125 0.125
3 0.625 0.83984375 0.125 0.125
