3 0.1328125 0.40234375 0.125 0.125
3 0.234375 0.41015625 0.125 0.125
3 0.40234375 0.4140625 0.125 0.125
1 0.1328125 0.21484375 0.125 0.125
1 0.30859375 0.40234375 0.125 0.125
1 0.328125 0.078125 0.125 0.125
3 0.1484375 0.8671875 0.125 0.125
1 0.0625 0.8671875 0.125 0.125
1 0.22265625 0.87109375 0.125 0.125
1 0.2421875 0.7109375 0.125 0.125
1 0.29296875 0.8671875 0.125 0.125
1 0.35546875 0.8671875 0.125 0.125
1 0.43359375 0.87109375 0.125 0.125
1 0.49609375 0.70703125 0.125 0.125
3 0.51171875 0.87890625 0.125 0.125
3 0.57421875 0.70703125 0.125 0.125
3 0.74609375 0.58984375 0.125 0.125
3 0.93359375 0.5703125 0.125 0.125
1 0.83984375 0.57421875 0.125 0.125
1 0.578125 0.875 0.125 0.125
