3 0.4140625 0.37890625 0.125 0.125
3 0.421875 0.0 0.125 0.125
3 0.0 0.16796875 0.125 0.125
3 0.0078125 0.09765625 0.125 0.125
3 0.0078125 0.2421875 0.125 0.125
2 0.2890625 0.4375 0.125 0.125
1 0.0 0.02734375 0.125 0.125
1 0.0 0.3125 0.125 0.125
1 0.4140625 0.45703125 0.125 0.125
3 0.84765625 0.42578125 0.125 0.125
3 0.9921875 0.13671875 0.125 0.125
1 0.75 0.11328125 0.125 0.125
1 0.7578125 0.42578125 0.125 0.125
3 0.28125 0.67578125 0.125 0.125
3 0.2890625 0.75 0.125 0.125
1 0.265625 0.84375 0.125 0.125
1 0.2890625 0.51953125 0.125 0.125
1 0.2890625 0.6015625 0.125 0.125
1 0.41796875 0.5390625 0.125 0.125
1 0.421875 0.859375 0.125 0.125
3 0.98046875 0.69140625 0.125 0.125
1 0.8515625 0.70703125 0.125 0.125
