3 0.24609375 0.17578125 0.125 0.125
3 0.2578125 0.1015625 0.125 0.125
1 0.2578125 0.01171875 0.125 0.125
3 0.859375 0.45703125 0.125 0.125
3 0.59375 0.47265625 0.125 0.125
3 0.65234375 0.19140625 0.125 0.125
1 0.51953125 0.078125 0.125 0.125
1 0.51953125 0.1796875 0.125 0.125
1 0.640625 0.12109375 0.125 0.125
1 0.87890625 0.1328125 0.125 0.125
1 0.8828125 0.0546875 0.125 0.125
1 0.88671875 0.203125 0.125 0.125
3 0.03125 0.81640625 0.125 0.125
3 0.0625 0.7578125 0.125 0.125
3 0.13671875 0.6328125 0.125 0.125
3 0.4375 0.80078125 0.125 0.125
3 0.44140625 0.875 0.125 0.125
3 0.453125 0.53515625 0.125 0.125
2 0.16796875 0.72265625 0.125 0.125
1 0.19140625 0.79296875 0.125 0.125
3 0.84765625 0.80859375 0.125 0.125
3 0.859375 0.6015625 0.125 0.125
3 0.5625 0.875 0.125 0.125
3 0.56640625 0.75 0.125 0.125
3 0.57421875 0.81640625 0.125 0.125
3 0.58203125 0.66796875 0.125 0.125
3 0.5859375 0.6015625 0.125 0.125
3 0.58984375 0.5390625 0.125 0.125
1 0.83984375 0.66796875 0.125 0.125
1 0.83984375 0.73046875 0.125 0.125
1 0.84765625 0.875 0.125 0.125
1 0.86328125 0.53515625 0.125 0.125
