4 0.45703125 0.46875 0.125 0.125
3 0.3671875 0.109375 0.125 0.125
2 0.1875 0.203125 0.125 0.125
1 0.015625 0.29296875 0.125 0.125
1 0.07421875 0.26171875 0.125 0.125
1 0.078125 0.07421875 0.125 0.125
1 0.078125 0.4609375 0.125 0.125
1 0.12890625 0.23046875 0.125 0.125
1 0.140625 0.03515625 0.125 0.125
1 0.140625 0.43359375 0.125 0.125
1 0.1953125 0.0078125 0.125 0.125
1 0.203125 0.40234375 0.125 0.125
1 0.26171875 0.37109375 0.125 0.125
1 0.296875 0.14453125 0.125 0.125
1 0.32421875 0.34765625 0.125 0.125
1 0.32421875 0.48828125 0.125 0.125
1 0.3828125 0.3203125 0.125 0.125
1 0.39453125 0.48046875 0.125 0.125
1 0.4296875 0.27734375 0.125 0.125
1 0.4921875 0.25 0.125 0.125
1 0.01171875 0.1015625 0.125 0.125
3 0.6953125 0.046875 0.125 0.125
3 0.765625 0.01953125 0.125 0.125
3 0.7890625 0.25 0.125 0.125
3 0.8203125 0.0 0.125 0.125
3 0.82421875 0.375 0.125 0.125
3 0.84375 0.22265625 0.125 0.125
3 0.8828125 0.3359375 0.125 0.125
3 0.90234375 0.1875 0.125 0.125
3 0.9375 0.31640625 0.125 0.125
3 0.96875 0.1640625 0.125 0.125
1 0.515625 0.43359375 0.125 0.125
1 0.5625 0.39453125 0.125 0.125
2 0.0078125 0.875 0.125 0.125
1 0.078125 0.61328125 0.125 0.125
1 0.09375 0.81640625 0.125 0.125
1 0.14453125 0.5859375 0.125 0.125
1 0.1484375 0.953125 0.125 0.125
1 0.15234375 0.79296875 0.125 0.125
1 0.20703125 0.9296875 0.125 0.125
1 0.2109375 0.56640625 0.125 0.125
1 0.21484375 0.765625 0.125 0.125
1 0.265625 0.52734375 0.125 0.125
1 0.27734375 0.734375 0.125 0.125
1 0.27734375 0.90625 0.125 0.125
1 0.33203125 0.875 0.125 0.125
1 0.33984375 0.70703125 0.125 0.125
1 0.39453125 0.8515625 0.125 0.125
1 0.3984375 0.6796875 0.125 0.125
1 0.45703125 0.81640625 0.125 0.125
1 0.4609375 0.65234375 0.125 0.125
3 0.90234375 0.546875 0.125 0.125
3 0.96875 0.52734375 0.125 0.125
3 0.9921875 0.66796875 0.125 0.125
1 0.5234375 0.8046875 0.125 0.125
1 0.52734375 0.62109375 0.125 0.125
1 0.57421875 0.765625 0.125 0.125
1 0.59375 0.6015625 0.125 0.125
1 0.62109375 0.96875 0.125 0.125
1 0.62890625 0.7265625 0.125 0.125
1 0.65234375 0.56640625 0.125 0.125
1 0.6875 0.94140625 0.125 0.125
1 0.69921875 0.70703125 0.125 0.125
1 0.75 0.91015625 0.125 0.125
1 0.81640625 0.8828125 0.125 0.125
