3 0.01953125 0.03125 0.125 0.125
3 0.02734375 0.23046875 0.125 0.125
3 0.1640625 0.01953125 0.125 0.125
3 0.171875 0.25 0.125 0.125
3 0.23828125 0.03125 0.125 0.125
3 0.3125 0.23828125 0.125 0.125
3 0.32421875 0.02734375 0.125 0.125
3 0.390625 0.03515625 0.125 0.125
3 0.45703125 0.03515625 0.125 0.125
1 0.08203125 0.02734375 0.125 0.125
1 0.08203125 0.23046875 0.125 0.125
1 0.23828125 0.2421875 0.125 0.125
1 0.3828125 0.23046875 0.125 0.125
1 0.45703125 0.25 0.125 0.125
3 0.609375 0.0390625 0.125 0.125
3 0.6796875 0.03515625 0.125 0.125
3 0.73828125 0.03515625 0.125 0.125
3 0.8125 0.02734375 0.125 0.125
3 0.87890625 0.0390625 0.125 0.125
2 0.6640625 0.2421875 0.125 0.125
1 0.5234375 0.25 0.125 0.125
1 0.53515625 0.03515625 0.125 0.125
1 0.59375 0.23828125 0.125 0.125
