4 0.55859375 0.265625 0.125 0.125
3 0.77734375 0.46484375 0.125 0.125
3 0.83984375 0.06640625 0.125 0.125
3 0.84375 0.21484375 0.125 0.125
3 0.9609375 0.01171875 0.125 0.125
3 0.97265625 0.0703125 0.125 0.125
3 0.5703125 0.3359375 0.125 0.125
2 0.5625 0.40625 0.125 0.125
2 0.5703125 0.20703125 0.125 0.125
2 0.6640625 0.36328125 0.125 0.125
1 0.54296875 0.03125 0.125 0.125
1 0.55078125 0.1484375 0.125 0.125
1 0.5625 0.09765625 0.125 0.125
1 0.56640625 0.46875 0.125 0.125
1 0.859375 0.26953125 0.125 0.125
1 0.97265625 0.20703125 0.125 0.125
1 0.97265625 0.28125 0.125 0.125
1 0.97265625 0.44140625 0.125 0.125
1 0.98046875 0.15625 0.125 0.125
1 0.37890625 0.625 0.125 0.125
3 0.546875 0.59375 0.125 0.125
1 0.90234375 0.80859375 0.125 0.125
1 0.91796875 0.67578125 0.125 0.125
