4 0.34375 0.046875 0.125 0.125
3 0.125 0.3828125 0.125 0.125
3 0.19921875 0.41015625 0.125 0.125
3 0.20703125 0.0546875 0.125 0.125
3 0.26171875 0.40234375 0.125 0.125
3 0.26953125 0.0625 0.125 0.125
3 0.3359375 0.3984375 0.125 0.125
3 0.41015625 0.04296875 0.125 0.125
2 0.47265625 0.390625 0.125 0.125
1 0.41796875 0.40234375 0.125 0.125
1 0.49609375 0.0546875 0.125 0.125
1 0.1328125 0.0625 0.125 0.125
3 0.92578125 0.40234375 0.125 0.125
2 0.8359375 0.37109375 0.125 0.125
1 0.5546875 0.3984375 0.125 0.125
1 0.5703125 0.0625 0.125 0.125
1 0.984375 0.0546875 0.125 0.125
3 0.3359375 0.5546875 0.125 0.125
3 0.47265625 0.859375 0.125 0.125
2 0.33203125 0.83984375 0.125 0.125
1 0.40234375 0.859375 0.125 0.125
1 0.41015625 0.55078125 0.125 0.125
1 0.46875 0.54296875 0.125 0.125
1 0.0390625 0.5078125 0.125 0.125
1 0.12109375 0.52734375 0.125 0.125
1 0.26171875 0.5234375 0.125 0.125
3 0.5546875 0.53125 0.125 0.125
3 0.92578125 0.546875 0.125 0.125
1 0.83984375 0.515625 0.125 0.125
