4 0.3203125 0.1328125 0.125 0.125
3 0.30078125 0.42578125 0.125 0.125
3 0.3203125 0.046875 0.125 0.125
3 0.46875 0.3828125 0.125 0.125
3 0.49609375 0.06640625 0.125 0.125
1 0.48828125 0.46875 0.125 0.125
1 0.83203125 0.07421875 0.125 0.125
1 0.83203125 0.4609375 0.125 0.125
1 0.84375 0.00390625 0.125 0.125
3 0.30078125 0.50390625 0.125 0.125
3 0.47265625 0.94921875 0.125 0.125
3 0.48828125 0.59765625 0.125 0.125
2 0.80859375 0.6796875 0.125 0.125
1 0.8125 0.87109375 0.125 0.125
1 0.83203125 0.55078125 0.125 0.125
