3 0.08984375 0.390625 0.125 0.125
3 0.42578125 0.11328125 0.125 0.125
3 0.4296875 0.0390625 0.125 0.125
3 0.4296875 0.328125 0.125 0.125
3 0.43359375 0.1796875 0.125 0.125
2 0.421875 0.26171875 0.125 0.125
1 0.078125 0.46484375 0.125 0.125
1 0.0859375 0.02734375 0.125 0.125
1 0.08984375 0.25 0.125 0.125
1 0.09375 0.1015625 0.125 0.125
1 0.09765625 0.17578125 0.125 0.125
1 0.109375 0.3203125 0.125 0.125
1 0.421875 0.390625 0.125 0.125
1 0.5703125 0.10546875 0.125 0.125
1 0.5703125 0.40234375 0.125 0.125
1 0.6015625 0.40234375 0.125 0.125
1 0.89453125 0.05078125 0.125 0.125
1 0.89453125 0.1171875 0.125 0.125
1 0.8984375 0.41015625 0.125 0.125
4 0.4140625 0.671875 0.125 0.125
3 0.0859375 0.5390625 0.125 0.125
3 0.0859375 0.60546875 0.125 0.125
3 0.1015625 0.68359375 0.125 0.125
3 0.42578125 0.5390625 0.125 0.125
3 0.4375 0.59765625 0.125 0.125
1 0.4140625 0.96875 0.125 0.125
4 0.88671875 0.5390625 0.125 0.125
3 0.55859375 0.53125 0.125 0.125
3 0.56640625 0.96875 0.125 0.125
3 0.89453125 0.62109375 0.125 0.125
3 0.89453125 0.69140625 0.125 0.125
2 0.875 0.98046875 0.125 0.125
2 0.87890625 0.7734375 0.125 0.125
1 0.58203125 0.65625 0.125 0.125
1 0.88671875 0.8359375 0.125 0.125
