3 0.265625 0.375 0.125 0.125
3 0.33984375 0.3671875 0.125 0.125
3 0.57421875 0.1171875 0.125 0.125
3 0.58203125 0.19921875 0.125 0.125
3 0.74609375 0.36328125 0.125 0.125
3 0.84375 0.36328125 0.125 0.125
2 0.58984375 0.3046875 0.125 0.125
1 0.546875 0.375 0.125 0.125
1 0.578125 0.0546875 0.125 0.125
1 0.9765625 0.38671875 0.125 0.125
4 0.3046875 0.73828125 0.125 0.125
3 0.2890625 0.875 0.125 0.125
3 0.2890625 0.9921875 0.125 0.125
3 0.296875 0.80859375 0.125 0.125
3 0.3046875 0.93359375 0.125 0.125
1 0.2890625 0.62109375 0.125 0.125
1 0.2890625 0.6796875 0.125 0.125
1 0.29296875 0.55859375 0.125 0.125
4 0.9453125 0.5859375 0.125 0.125
3 0.65625 0.50390625 0.125 0.125
3 0.65625 0.93359375 0.125 0.125
3 0.8125 0.96484375 0.125 0.125
3 0.8203125 0.6015625 0.125 0.125
3 0.8671875 0.96875 0.125 0.125
3 0.88671875 0.59765625 0.125 0.125
2 0.93359375 0.97265625 0.125 0.125
1 0.625 0.65625 0.125 0.125
1 0.64453125 0.57421875 0.125 0.125
1 0.66796875 0.85546875 0.125 0.125
1 0.75 0.6171875 0.125 0.125
1 0.75390625 0.97265625 0.125 0.125
