4 0.0625 0.08984375 0.125 0.125
4 0.06640625 0.38671875 0.125 0.125
3 0.28125 0.26171875 0.125 0.125
3 0.046875 0.17578125 0.125 0.125
3 0.0625 0.49609375 0.125 0.125
3 0.06640625 0.0 0.125 0.125
1 0.05859375 0.2734375 0.125 0.125
3 0.73046875 0.41015625 0.125 0.125
3 0.80859375 0.3984375 0.125 0.125
1 0.75 0.26171875 0.125 0.125
1 0.8984375 0.40234375 0.125 0.125
1 0.92578125 0.26171875 0.125 0.125
3 0.27734375 0.6875 0.125 0.125
3 0.05078125 0.5859375 0.125 0.125
3 0.0625 0.796875 0.125 0.125
1 0.05859375 0.67578125 0.125 0.125
4 0.76953125 0.76953125 0.125 0.125
1 0.765625 0.671875 0.125 0.125
1 0.84765625 0.78125 0.125 0.125
1 0.9375 0.76953125 0.125 0.125
