3 0.03515625 0.8515625 0.125 0.125
3 0.28125 0.859375 0.125 0.125
3 0.43359375 0.72265625 0.125 0.125
2 0.43359375 0.83984375 0.125 0.125
1 0.1015625 0.89453125 0.125 0.125
1 0.19140625 0.859375 0.125 0.125
1 0.34765625 0.71875 0.125 0.125
1 0.3515625 0.90234375 0.125 0.125
3 0.51171875 0.71484375 0.125 0.125
3 0.57421875 0.7734375 0.125 0.125
3 0.75 0.796875 0.125 0.125
3 0.890625 0.67578125 0.125 0.125
3 0.90234375 0.9765625 0.125 0.125
3 0.90625 0.765625 0.125 0.125
4 0.65625 0.73046875 0.125 0.125
4 0.75 0.71484375 0.125 0.125
2 0.609375 0.87890625 0.125 0.125
1 0.890625 0.83984375 0.125 0.125
