4 0.55859375 0.11328125 0.125 0.125
3 0.78125 0.4296875 0.125 0.125
3 0.80859375 0.2890625 0.125 0.125
3 0.86328125 0.4140625 0.125 0.125
3 0.53125 0.171875 0.125 0.125
3 0.55078125 0.31640625 0.125 0.125
3 0.56640625 0.23046875 0.125 0.125
2 0.5859375 0.44921875 0.125 0.125
2 0.80859375 0.0234375 0.125 0.125
1 0.55859375 0.0625 0.125 0.125
1 0.6875 0.4296875 0.125 0.125
1 0.69140625 0.18359375 0.125 0.125
1 0.6953125 0.33984375 0.125 0.125
1 0.8671875 0.265625 0.125 0.125
4 0.6796875 0.74609375 0.125 0.125
4 0.671875 0.62890625 0.125 0.125
3 0.6875 0.69140625 0.125 0.125
3 0.53515625 0.5859375 0.125 0.125
3 0.54296875 0.5078125 0.125 0.125
2 0.83203125 0.98828125 0.125 0.125
1 0.546875 0.72265625 0.125 0.125
1 0.55078125 0.97265625 0.125 0.125
1 0.6640625 0.88671875 0.125 0.125
1 0.75 0.91015625 0.125 0.125
1 0.77734375 0.859375 0.125 0.125
1 0.80078125 0.66015625 0.125 0.125
1 0.8359375 0.578125 0.125 0.125
1 0.859375 0.76953125 0.125 0.125
1 0.92578125 0.53125 0.125 0.125
1 0.9609375 0.8671875 0.125 0.125
1 0.96875 0.73828125 0.125 0.125
1 0.96875 0.93359375 0.125 0.125
1 0.98046875 0.80859375 0.125 0.125
