3 0.08984375 0.49609375 0.125 0.125
3 0.09375 0.41796875 0.125 0.125
3 0.10546875 0.14453125 0.125 0.125
3 0.4453125 0.39453125 0.125 0.125
1 0.08203125 0.34375 0.125 0.125
1 0.35546875 0.390625 0.125 0.125
4 0.5859375 0.0078125 0.125 0.125
3 0.515625 0.00390625 0.125 0.125
3 0.5859375 0.3984375 0.125 0.125
3 0.65234375 0.37890625 0.125 0.125
3 0.65625 0.01171875 0.125 0.125
3 0.7265625 0.39453125 0.125 0.125
3 0.875 0.03125 0.125 0.125
3 0.95703125 0.0234375 0.125 0.125
1 0.515625 0.39453125 0.125 0.125
1 0.7265625 0.015625 0.125 0.125
1 0.796875 0.4140625 0.125 0.125
1 0.8046875 0.0078125 0.125 0.125
1 0.875 0.41015625 0.125 0.125
1 0.93359375 0.40625 0.125 0.125
4 0.0703125 0.68359375 0.125 0.125
3 0.09375 0.62109375 0.125 0.125
3 0.28125 0.91015625 0.125 0.125
3 0.359375 0.53125 0.125 0.125
3 0.359375 0.91015625 0.125 0.125
3 0.4296875 0.8984375 0.125 0.125
1 0.09375 0.5546875 0.125 0.125
1 0.44140625 0.52734375 0.125 0.125
4 0.58203125 0.90234375 0.125 0.125
3 0.65234375 0.53125 0.125 0.125
3 0.65234375 0.90234375 0.125 0.125
3 0.78515625 0.5234375 0.125 0.125
3 0.94140625 0.921875 0.125 0.125
3 0.5 0.53125 0.125 0.125
1 0.50390625 0.89453125 0.125 0.125
1 0.58203125 0.515625 0.125 0.125
1 0.71875 0.5390625 0.125 0.125
1 0.79296875 0.90234375 0.125 0.125
1 0.86328125 0.921875 0.125 0.125
1 0.87109375 0.5546875 0.125 0.125
1 0.94140625 0.5390625 0.125 0.125
