4 0.38671875 0.16796875 0.125 0.125
3 0.09375 0.16015625 0.125 0.125
3 0.16015625 0.16015625 0.125 0.125
2 0.03125 0.15234375 0.125 0.125
2 0.32421875 0.16796875 0.125 0.125
1 0.2421875 0.171875 0.125 0.125
1 0.46484375 0.17578125 0.125 0.125
3 0.59765625 0.359375 0.125 0.125
3 0.59765625 0.43359375 0.125 0.125
1 0.6171875 0.28515625 0.125 0.125
3 0.00390625 0.5625 0.125 0.125
3 0.01953125 0.6796875 0.125 0.125
3 0.08203125 0.69140625 0.125 0.125
3 0.15234375 0.54296875 0.125 0.125
3 0.15234375 0.67578125 0.125 0.125
3 0.23046875 0.6796875 0.125 0.125
1 0.08203125 0.515625 0.125 0.125
1 0.2265625 0.52734375 0.125 0.125
1 0.29296875 0.66796875 0.125 0.125
1 0.30078125 0.52734375 0.125 0.125
4 0.59765625 0.65234375 0.125 0.125
4 0.59765625 0.859375 0.125 0.125
3 0.58203125 0.79296875 0.125 0.125
3 0.58203125 0.94140625 0.125 0.125
1 0.59375 0.71875 0.125 0.125
1 0.59765625 0.5078125 0.125 0.125
1 0.6015625 0.578125 0.125 0.125
