3 0.4921875 0.4375 0.125 0.125
4 0.33203125 0.265625 0.125 0.125
2 0.4765625 0.35546875 0.125 0.125
3 0.46875 0.109375 0.125 0.125
1 0.33203125 0.4296875 0.125 0.125
1 0.34375 0.359375 0.125 0.125
3 0.87890625 0.12109375 0.125 0.125
3 0.87890625 0.20703125 0.125 0.125
2 0.3125 0.8203125 0.125 0.125
2 0.45703125 0.7421875 0.125 0.125
3 0.28515625 0.97265625 0.125 0.125
3 0.30859375 0.50390625 0.125 0.125
3 0.31640625 0.74609375 0.125 0.125
3 0.32421875 0.58984375 0.125 0.125
3 0.46484375 0.82421875 0.125 0.125
3 0.4765625 0.5078125 0.125 0.125
1 0.45703125 0.9765625 0.125 0.125
1 0.4609375 0.57421875 0.125 0.125
3 0.87109375 0.921875 0.125 0.125
3 0.87890625 0.84765625 0.125 0.125
1 0.859375 0.6875 0.125 0.125
1 0.87890625 0.76171875 0.125 0.125
