3 0.515625 0.2109375 0.125 0.125
3 0.58984375 0.19140625 0.125 0.125
3 0.640625 0.33203125 0.125 0.125
3 0.6484375 0.1640625 0.125 0.125
3 0.6953125 0.03125 0.125 0.125
3 0.6953125 0.31640625 0.125 0.125
3 0.71484375 0.15625 0.125 0.125
3 0.734375 0.30859375 0.125 0.125
3 0.73828125 0.44140625 0.125 0.125
3 0.765625 0.01171875 0.125 0.125
3 0.78515625 0.16796875 0.125 0.125
3 0.8046875 0.30078125 0.125 0.125
3 0.83984375 0.12890625 0.125 0.125
3 0.90625 0.01171875 0.125 0.125
2 0.98828125 0.265625 0.125 0.125
1 0.52734375 0.359375 0.125 0.125
1 0.875 0.28125 0.125 0.125
4 0.8046875 0.6171875 0.125 0.125
4 0.87890625 0.50390625 0.125 0.125
4 0.91796875 0.640625 0.125 0.125
3 0.74609375 0.6171875 0.125 0.125
