2 0.359375 0.4921875 0.125 0.125
1 0.1640625 0.421875 0.125 0.125
1 0.17578125 0.3515625 0.125 0.125
3 0.76171875 0.0625 0.125 0.125
3 0.76953125 0.0 0.125 0.125
1 0.9296875 0.0625 0.125 0.125
3 0.1640625 0.8515625 0.125 0.125
3 0.19140625 0.57421875 0.125 0.125
3 0.3203125 0.859375 0.125 0.125
2 0.1640625 0.70703125 0.125 0.125
1 0.34765625 0.7109375 0.125 0.125
1 0.359375 0.79296875 0.125 0.125
2 0.92578125 0.73046875 0.125 0.125
1 0.765625 0.6484375 0.125 0.125
1 0.90234375 0.9375 0.125 0.125
