3 0.20703125 0.43359375 0.125 0.125
3 0.359375 0.4453125 0.125 0.125
3 0.39453125 0.09375 0.125 0.125
3 0.42578125 0.44140625 0.125 0.125
3 0.46875 0.09765625 0.125 0.125
2 0.11328125 0.02734375 0.125 0.125
2 0.18359375 0.04296875 0.125 0.125
1 0.12890625 0.44140625 0.125 0.125
1 0.28125 0.4375 0.125 0.125
1 0.484375 0.44140625 0.125 0.125
1 0.04296875 0.03125 0.125 0.125
1 0.0546875 0.43359375 0.125 0.125
4 0.63671875 0.42578125 0.125 0.125
3 0.54296875 0.109375 0.125 0.125
3 0.6796875 0.1171875 0.125 0.125
3 0.703125 0.4375 0.125 0.125
1 0.5625 0.4296875 0.125 0.125
1 0.6171875 0.109375 0.125 0.125
3 0.359375 0.9140625 0.125 0.125
4 0.703125 0.62109375 0.125 0.125
3 0.99609375 0.5 0.125 0.125
3 0.63671875 0.9140625 0.125 0.125
2 0.71875 0.9140625 0.125 0.125
1 0.63671875 0.59375 0.125 0.125
