3 0.10546875 0.48828125 0.125 0.125
2 0.0625 0.203125 0.125 0.125
2 0.41796875 0.28515625 0.125 0.125
1 0.4140625 0.19140625 0.125 0.125
3 0.57421875 0.4921875 0.125 0.125
3 0.91796875 0.28125 0.125 0.125
2 0.92578125 0.00390625 0.125 0.125
1 0.55859375 0.19140625 0.125 0.125
1 0.578125 0.27734375 0.125 0.125
1 0.921875 0.21484375 0.125 0.125
2 0.08203125 0.62890625 0.125 0.125
3 0.8984375 0.71875 0.125 0.125
3 0.91015625 0.9921875 0.125 0.125
1 0.55859375 0.9296875 0.125 0.125
1 0.57421875 0.78125 0.125 0.125
1 0.90234375 0.640625 0.125 0.125
