3 0.08984375 0.34765625 0.125 0.125
3 0.10546875 0.2734375 0.125 0.125
2 0.25 0.49609375 0.125 0.125
1 0.08984375 0.42578125 0.125 0.125
1 0.09765625 0.49609375 0.125 0.125
1 0.23046875 0.359375 0.125 0.125
1 0.234375 0.2890625 0.125 0.125
1 0.234375 0.41796875 0.125 0.125
3 0.64453125 0.4375 0.125 0.125
3 0.65625 0.3671875 0.125 0.125
3 0.93359375 0.37109375 0.125 0.125
3 0.94140625 0.22265625 0.125 0.125
3 0.94140625 0.30078125 0.125 0.125
3 0.51171875 0.42578125 0.125 0.125
1 0.51171875 0.49609375 0.125 0.125
1 0.515625 0.28125 0.125 0.125
1 0.51953125 0.36328125 0.125 0.125
1 0.640625 0.49609375 0.125 0.125
1 0.671875 0.30078125 0.125 0.125
1 0.9453125 0.43359375 0.125 0.125
3 0.08984375 0.5546875 0.125 0.125
3 0.22265625 0.62890625 0.125 0.125
2 0.2421875 0.55859375 0.125 0.125
2 0.48828125 0.89453125 0.125 0.125
2 0.06640625 0.89453125 0.125 0.125
1 0.1953125 0.95703125 0.125 0.125
1 0.21484375 0.765625 0.125 0.125
1 0.22265625 0.828125 0.125 0.125
4 0.93359375 0.6953125 0.125 0.125
3 0.6484375 0.63671875 0.125 0.125
3 0.9140625 0.7734375 0.125 0.125
3 0.94140625 0.5703125 0.125 0.125
3 0.94140625 0.63671875 0.125 0.125
3 0.94921875 0.51171875 0.125 0.125
3 0.5 0.625 0.125 0.125
2 0.6328125 0.56640625 0.125 0.125
2 0.65625 0.97265625 0.125 0.125
2 0.9296875 0.9140625 0.125 0.125
1 0.64453125 0.76953125 0.125 0.125
1 0.65234375 0.83984375 0.125 0.125
1 0.65625 0.703125 0.125 0.125
