4 0.4921875 0.08203125 0.125 0.125
3 0.0 0.0859375 0.125 0.125
3 0.15625 0.07421875 0.125 0.125
3 0.3359375 0.08203125 0.125 0.125
1 0.23828125 0.08984375 0.125 0.125
1 0.3984375 0.06640625 0.125 0.125
3 0.55078125 0.484375 0.125 0.125
3 0.578125 0.0859375 0.125 0.125
3 0.90625 0.421875 0.125 0.125
1 0.5546875 0.33203125 0.125 0.125
3 0.1328125 0.77734375 0.125 0.125
3 0.53125 0.78515625 0.125 0.125
3 0.5625 0.546875 0.125 0.125
3 0.5703125 0.69921875 0.125 0.125
1 0.55859375 0.62890625 0.125 0.125
1 0.9296875 0.5546875 0.125 0.125
