3 0.29296875 0.36328125 0.125 0.125
3 0.29296875 0.4453125 0.125 0.125
3 0.32421875 0.02734375 0.125 0.125
3 0.41015625 0.02734375 0.125 0.125
3 0.47265625 0.02734375 0.125 0.125
1 0.046875 0.015625 0.125 0.125
1 0.1171875 0.02734375 0.125 0.125
1 0.19140625 0.02734375 0.125 0.125
1 0.2578125 0.03515625 0.125 0.125
4 0.87890625 0.0546875 0.125 0.125
3 0.60546875 0.0546875 0.125 0.125
3 0.80859375 0.06640625 0.125 0.125
1 0.6875 0.0625 0.125 0.125
1 0.94921875 0.03125 0.125 0.125
3 0.2890625 0.5078125 0.125 0.125
3 0.29296875 0.828125 0.125 0.125
3 0.30078125 0.58203125 0.125 0.125
1 0.296875 0.765625 0.125 0.125
