1 0.12109375 0.19921875 0.125 0.125
1 0.4921875 0.09765625 0.125 0.125
1 0.49609375 0.3828125 0.125 0.125
3 0.51171875 0.45703125 0.125 0.125
3 0.65234375 0.296875 0.125 0.125
2 0.64453125 0.375 0.125 0.125
2 0.65234375 0.1640625 0.125 0.125
1 0.5078125 0.234375 0.125 0.125
3 0.125 0.578125 0.125 0.125
3 0.48046875 0.60546875 0.125 0.125
3 0.4921875 0.66796875 0.125 0.125
2 0.10546875 0.78515625 0.125 0.125
1 0.4765625 0.73828125 0.125 0.125
1 0.48046875 0.8203125 0.125 0.125
3 0.5 0.5234375 0.125 0.125
3 0.62890625 0.59765625 0.125 0.125
3 0.640625 0.81640625 0.125 0.125
3 0.65234375 0.66796875 0.125 0.125
1 0.99609375 0.88671875 0.125 0.125
1 0.99609375 0.95703125 0.125 0.125
1 0.62890625 0.5234375 0.125 0.125
1 0.640625 0.7421875 0.125 0.125
