2 0.1171875 0.25390625 0.125 0.125
2 0.28515625 0.03515625 0.125 0.125
2 0.2890625 0.375 0.125 0.125
1 0.2890625 0.1875 0.125 0.125
3 0.61328125 0.38671875 0.125 0.125
3 0.96875 0.0234375 0.125 0.125
3 0.98828125 0.09375 0.125 0.125
3 0.99609375 0.1640625 0.125 0.125
3 0.99609375 0.23046875 0.125 0.125
2 0.6015625 0.44921875 0.125 0.125
2 0.61328125 0.02734375 0.125 0.125
2 0.62109375 0.3125 0.125 0.125
1 0.6015625 0.234375 0.125 0.125
1 0.6171875 0.09765625 0.125 0.125
1 0.625 0.16015625 0.125 0.125
3 0.28125 0.8046875 0.125 0.125
3 0.28515625 0.95703125 0.125 0.125
1 0.015625 0.546875 0.125 0.125
4 0.60546875 0.67578125 0.125 0.125
3 0.62109375 0.60546875 0.125 0.125
3 0.625 0.95703125 0.125 0.125
3 0.98828125 0.8984375 0.125 0.125
3 0.99609375 0.63671875 0.125 0.125
3 0.99609375 0.83203125 0.125 0.125
1 0.60546875 0.74609375 0.125 0.125
1 0.61328125 0.89453125 0.125 0.125
1 0.62109375 0.8125 0.125 0.125
