4 0.04296875 0.14453125 0.125 0.125
3 0.0390625 0.3671875 0.125 0.125
3 0.09765625 0.34375 0.125 0.125
3 0.1015625 0.09765625 0.125 0.125
3 0.15625 0.48046875 0.125 0.125
3 0.1640625 0.3203125 0.125 0.125
3 0.16796875 0.07421875 0.125 0.125
3 0.22265625 0.44921875 0.125 0.125
3 0.23046875 0.05078125 0.125 0.125
3 0.2421875 0.28125 0.125 0.125
3 0.2890625 0.42578125 0.125 0.125
3 0.29296875 0.00390625 0.125 0.125
3 0.30078125 0.26171875 0.125 0.125
3 0.3515625 0.39453125 0.125 0.125
3 0.3671875 0.22265625 0.125 0.125
3 0.421875 0.36328125 0.125 0.125
3 0.44921875 0.19140625 0.125 0.125
3 0.49609375 0.34375 0.125 0.125
3 0.51171875 0.1640625 0.125 0.125
3 0.546875 0.30078125 0.125 0.125
3 0.0234375 0.5390625 0.125 0.125
3 0.078125 0.5 0.125 0.125
