3 0.25 0.06640625 0.125 0.125
3 0.25 0.3203125 0.125 0.125
3 0.2578125 0.26953125 0.125 0.125
3 0.3828125 0.109375 0.125 0.125
3 0.390625 0.3046875 0.125 0.125
3 0.3984375 0.05078125 0.125 0.125
2 0.28125 0.21484375 0.125 0.125
2 0.3984375 0.18359375 0.125 0.125
1 0.2421875 0.1328125 0.125 0.125
4 0.76953125 0.09375 0.125 0.125
4 0.95703125 0.13671875 0.125 0.125
3 0.5234375 0.39453125 0.125 0.125
3 0.8203125 0.0546875 0.125 0.125
3 0.91015625 0.0 0.125 0.125
3 0.98046875 0.3125 0.125 0.125
2 0.8828125 0.03125 0.125 0.125
