4 0.49609375 0.15625 0.125 0.125
3 0.29296875 0.15234375 0.125 0.125
3 0.35546875 0.14453125 0.125 0.125
1 0.2265625 0.14453125 0.125 0.125
1 0.43359375 0.15625 0.125 0.125
3 0.96875 0.14453125 0.125 0.125
3 0.70703125 0.328125 0.125 0.125
3 0.83203125 0.140625 0.125 0.125
1 0.55859375 0.140625 0.125 0.125
1 0.75390625 0.15234375 0.125 0.125
1 0.89453125 0.1484375 0.125 0.125
4 0.09765625 0.7265625 0.125 0.125
4 0.1484375 0.71484375 0.125 0.125
3 0.0234375 0.73046875 0.125 0.125
3 0.55078125 0.7109375 0.125 0.125
2 0.828125 0.71875 0.125 0.125
1 0.62109375 0.71875 0.125 0.125
