4 0.09375 0.12109375 0.125 0.125
3 0.07421875 0.3984375 0.125 0.125
3 0.38671875 0.0625 0.125 0.125
2 0.08203125 0.26171875 0.125 0.125
2 0.2109375 0.2890625 0.125 0.125
2 0.21484375 0.203125 0.125 0.125
1 0.10546875 0.0546875 0.125 0.125
1 0.15234375 0.34765625 0.125 0.125
4 0.51171875 0.2109375 0.125 0.125
4 0.69921875 0.0703125 0.125 0.125
4 0.8671875 0.02734375 0.125 0.125
4 0.99609375 0.37109375 0.125 0.125
3 0.64453125 0.140625 0.125 0.125
3 0.9921875 0.06640625 0.125 0.125
3 0.9921875 0.203125 0.125 0.125
1 0.8125 0.03125 0.125 0.125
4 0.21484375 0.89453125 0.125 0.125
3 0.2109375 0.8359375 0.125 0.125
3 0.22265625 0.7734375 0.125 0.125
3 0.375 0.5390625 0.125 0.125
3 0.46875 0.515625 0.125 0.125
3 0.48828125 0.5703125 0.125 0.125
2 0.078125 0.94921875 0.125 0.125
3 0.90234375 0.58203125 0.125 0.125
