4 0.16015625 0.453125 0.125 0.125
4 0.234375 0.42578125 0.125 0.125
4 0.37109375 0.3671875 0.125 0.125
3 0.03515625 0.12890625 0.125 0.125
3 0.1015625 0.1015625 0.125 0.125
3 0.1171875 0.32421875 0.125 0.125
3 0.16015625 0.078125 0.125 0.125
3 0.1875 0.296875 0.125 0.125
3 0.22265625 0.05078125 0.125 0.125
3 0.2421875 0.265625 0.125 0.125
3 0.28515625 0.01953125 0.125 0.125
3 0.30078125 0.40625 0.125 0.125
3 0.4296875 0.3359375 0.125 0.125
2 0.015625 0.4140625 0.125 0.125
1 0.36328125 0.2109375 0.125 0.125
1 0.43359375 0.18359375 0.125 0.125
4 0.5 0.30859375 0.125 0.125
4 0.63671875 0.24609375 0.125 0.125
4 0.66015625 0.46484375 0.125 0.125
4 0.6953125 0.23046875 0.125 0.125
3 0.5 0.14453125 0.125 0.125
3 0.5625 0.12109375 0.125 0.125
3 0.56640625 0.2734375 0.125 0.125
3 0.62890625 0.08984375 0.125 0.125
3 0.76171875 0.1953125 0.125 0.125
3 0.79296875 0.421875 0.125 0.125
3 0.859375 0.39453125 0.125 0.125
1 0.734375 0.4375 0.125 0.125
4 0.32421875 0.625 0.125 0.125
4 0.37890625 0.7578125 0.125 0.125
4 0.38671875 0.59765625 0.125 0.125
4 0.453125 0.546875 0.125 0.125
3 0.25390625 0.65625 0.125 0.125
3 0.3125 0.796875 0.125 0.125
3 0.43359375 0.734375 0.125 0.125
2 0.015625 0.58984375 0.125 0.125
2 0.0234375 0.78515625 0.125 0.125
2 0.0703125 0.7421875 0.125 0.125
2 0.140625 0.7109375 0.125 0.125
2 0.375 0.96875 0.125 0.125
1 0.01171875 0.89453125 0.125 0.125
1 0.07421875 0.875 0.125 0.125
1 0.1328125 0.86328125 0.125 0.125
1 0.19921875 0.83984375 0.125 0.125
1 0.25 0.98046875 0.125 0.125
4 0.59375 0.5 0.125 0.125
4 0.7109375 0.828125 0.125 0.125
4 0.8359375 0.93359375 0.125 0.125
3 0.51171875 0.69921875 0.125 0.125
3 0.5234375 0.53125 0.125 0.125
3 0.57421875 0.6640625 0.125 0.125
3 0.58203125 0.8828125 0.125 0.125
3 0.6484375 0.6328125 0.125 0.125
3 0.6484375 0.85546875 0.125 0.125
3 0.70703125 0.609375 0.125 0.125
3 0.7578125 0.953125 0.125 0.125
3 0.78125 0.5703125 0.125 0.125
3 0.84765625 0.54296875 0.125 0.125
3 0.8984375 0.9140625 0.125 0.125
3 0.96484375 0.88671875 0.125 0.125
