3 0.25390625 0.3671875 0.125 0.125
3 0.328125 0.37109375 0.125 0.125
3 0.40234375 0.375 0.125 0.125
1 0.1875 0.375 0.125 0.125
1 0.4765625 0.375 0.125 0.125
1 0.09375 0.3671875 0.125 0.125
3 0.609375 0.0 0.125 0.125
3 0.62109375 0.37109375 0.125 0.125
3 0.69140625 0.3828125 0.125 0.125
3 0.7578125 0.375 0.125 0.125
3 0.8359375 0.38671875 0.125 0.125
3 0.91015625 0.38671875 0.125 0.125
3 0.97265625 0.375 0.125 0.125
1 0.546875 0.3828125 0.125 0.125
1 0.765625 0.0 0.125 0.125
3 0.09375 0.9453125 0.125 0.125
3 0.1796875 0.9453125 0.125 0.125
3 0.24609375 0.9453125 0.125 0.125
3 0.32421875 0.59765625 0.125 0.125
3 0.328125 0.9609375 0.125 0.125
3 0.39453125 0.60546875 0.125 0.125
3 0.39453125 0.94140625 0.125 0.125
3 0.45703125 0.953125 0.125 0.125
2 0.25 0.58203125 0.125 0.125
2 0.47265625 0.59765625 0.125 0.125
1 0.18359375 0.58203125 0.125 0.125
1 0.10546875 0.5859375 0.125 0.125
4 0.89453125 0.59765625 0.125 0.125
3 0.53515625 0.59765625 0.125 0.125
3 0.53515625 0.95703125 0.125 0.125
3 0.6015625 0.953125 0.125 0.125
3 0.671875 0.953125 0.125 0.125
3 0.6796875 0.58984375 0.125 0.125
3 0.73828125 0.9609375 0.125 0.125
3 0.75 0.5859375 0.125 0.125
3 0.8125 0.59765625 0.125 0.125
3 0.88671875 0.953125 0.125 0.125
3 0.96875 0.60546875 0.125 0.125
1 0.60546875 0.59375 0.125 0.125
1 0.81640625 0.96875 0.125 0.125
1 0.9609375 0.9609375 0.125 0.125
