3 0.03515625 0.046875 0.125 0.125
1 0.296875 0.375 0.125 0.125
3 0.98046875 0.4609375 0.125 0.125
3 0.98828125 0.390625 0.125 0.125
1 0.54296875 0.08203125 0.125 0.125
1 0.61328125 0.45703125 0.125 0.125
1 0.6171875 0.3828125 0.125 0.125
1 0.9765625 0.03515625 0.125 0.125
1 0.99609375 0.3203125 0.125 0.125
2 0.1171875 0.75390625 0.125 0.125
2 0.28515625 0.53515625 0.125 0.125
2 0.2890625 0.875 0.125 0.125
1 0.2890625 0.6875 0.125 0.125
3 0.61328125 0.88671875 0.125 0.125
3 0.96875 0.5234375 0.125 0.125
3 0.98828125 0.59375 0.125 0.125
3 0.99609375 0.6640625 0.125 0.125
3 0.99609375 0.73046875 0.125 0.125
2 0.6015625 0.94921875 0.125 0.125
2 0.61328125 0.52734375 0.125 0.125
2 0.62109375 0.8125 0.125 0.125
1 0.6015625 0.734375 0.125 0.125
1 0.6171875 0.59765625 0.125 0.125
1 0.625 0.66015625 0.125 0.125
