3 0.28125 0.1953125 0.125 0.125
3 0.34765625 0.34765625 0.125 0.125
3 0.42578125 0.19140625 0.125 0.125
3 0.42578125 0.33203125 0.125 0.125
3 0.0625 0.3203125 0.125 0.125
3 0.0703125 0.19140625 0.125 0.125
3 0.13671875 0.3203125 0.125 0.125
3 0.14453125 0.18359375 0.125 0.125
3 0.20703125 0.1875 0.125 0.125
3 0.21875 0.3203125 0.125 0.125
2 0.28125 0.32421875 0.125 0.125
1 0.34375 0.2109375 0.125 0.125
1 0.48828125 0.19140625 0.125 0.125
1 0.49609375 0.34765625 0.125 0.125
1 0.00390625 0.328125 0.125 0.125
3 0.56640625 0.3359375 0.125 0.125
3 0.6171875 0.33984375 0.125 0.125
3 0.62890625 0.203125 0.125 0.125
3 0.70703125 0.3515625 0.125 0.125
3 0.7734375 0.34765625 0.125 0.125
1 0.55859375 0.2109375 0.125 0.125
1 0.76953125 0.21875 0.125 0.125
3 0.3125 0.90625 0.125 0.125
3 0.3203125 0.84375 0.125 0.125
2 0.3515625 0.70703125 0.125 0.125
1 0.3125 0.98828125 0.125 0.125
1 0.328125 0.76953125 0.125 0.125
2 0.58203125 0.75390625 0.125 0.125
1 0.56640625 0.90234375 0.125 0.125
