3 0.390625 0.4609375 0.125 0.125
3 0.4609375 0.203125 0.125 0.125
3 0.48046875 0.0703125 0.125 0.125
3 0.48046875 0.1328125 0.125 0.125
4 0.0 0.02734375 0.125 0.125
4 0.03125 0.3515625 0.125 0.125
2 0.18359375 0.0625 0.125 0.125
3 0.0234375 0.15625 0.125 0.125
1 0.14453125 0.296875 0.125 0.125
1 0.16796875 0.17578125 0.125 0.125
1 0.171875 0.43359375 0.125 0.125
1 0.17578125 0.36328125 0.125 0.125
3 0.609375 0.01171875 0.125 0.125
3 0.96875 0.31640625 0.125 0.125
2 0.6171875 0.1640625 0.125 0.125
2 0.9140625 0.01171875 0.125 0.125
2 0.9375 0.109375 0.125 0.125
1 0.609375 0.08203125 0.125 0.125
1 0.828125 0.10546875 0.125 0.125
1 0.8671875 0.34765625 0.125 0.125
1 0.98828125 0.19140625 0.125 0.125
3 0.40234375 0.5390625 0.125 0.125
4 0.0390625 0.76171875 0.125 0.125
4 0.2890625 0.8671875 0.125 0.125
3 0.26171875 0.51953125 0.125 0.125
3 0.29296875 0.94140625 0.125 0.125
1 0.01953125 0.94140625 0.125 0.125
1 0.1171875 0.7890625 0.125 0.125
1 0.14453125 0.875 0.125 0.125
1 0.51171875 0.921875 0.125 0.125
