4 0.31640625 0.30078125 0.125 0.125
3 0.32421875 0.10546875 0.125 0.125
3 0.32421875 0.44140625 0.125 0.125
1 0.31640625 0.03515625 0.125 0.125
1 0.31640625 0.234375 0.125 0.125
1 0.32421875 0.16796875 0.125 0.125
1 0.32421875 0.375 0.125 0.125
3 0.69921875 0.19140625 0.125 0.125
3 0.703125 0.26171875 0.125 0.125
3 0.703125 0.3984375 0.125 0.125
1 0.6953125 0.4609375 0.125 0.125
1 0.3203125 0.52734375 0.125 0.125
3 0.86328125 0.54296875 0.125 0.125
3 0.8984375 0.67578125 0.125 0.125
3 0.9375 0.95703125 0.125 0.125
3 0.94921875 0.73046875 0.125 0.125
1 0.6953125 0.53125 0.125 0.125
