3 0.125 0.26171875 0.125 0.125
3 0.1953125 0.2734375 0.125 0.125
3 0.40625 0.28125 0.125 0.125
3 0.484375 0.28515625 0.125 0.125
1 0.26953125 0.28125 0.125 0.125
3 0.765625 0.2734375 0.125 0.125
3 0.83984375 0.2734375 0.125 0.125
3 0.90234375 0.28515625 0.125 0.125
1 0.9765625 0.2890625 0.125 0.125
3 0.1875 0.81640625 0.125 0.125
3 0.4765625 0.80859375 0.125 0.125
3 0.48046875 0.64453125 0.125 0.125
2 0.18359375 0.6484375 0.125 0.125
1 0.3359375 0.6171875 0.125 0.125
1 0.40234375 0.61328125 0.125 0.125
3 0.546875 0.80078125 0.125 0.125
3 0.61328125 0.7890625 0.125 0.125
3 0.69140625 0.79296875 0.125 0.125
3 0.69921875 0.64453125 0.125 0.125
3 0.765625 0.625 0.125 0.125
3 0.82421875 0.8125 0.125 0.125
1 0.90234375 0.6484375 0.125 0.125
1 0.90625 0.78515625 0.125 0.125
1 0.96875 0.63671875 0.125 0.125
1 0.55078125 0.6328125 0.125 0.125
1 0.62109375 0.625 0.125 0.125
