4 0.48046875 0.16796875 0.125 0.125
3 0.48046875 0.46484375 0.125 0.125
1 0.14453125 0.21875 0.125 0.125
3 0.64453125 0.17578125 0.125 0.125
2 0.65234375 0.45703125 0.125 0.125
3 0.4609375 0.953125 0.125 0.125
3 0.46875 0.80859375 0.125 0.125
3 0.47265625 0.52734375 0.125 0.125
3 0.47265625 0.60546875 0.125 0.125
2 0.125 0.85546875 0.125 0.125
1 0.47265625 0.73828125 0.125 0.125
3 0.63671875 0.81640625 0.125 0.125
3 0.640625 0.73828125 0.125 0.125
2 0.65234375 0.66015625 0.125 0.125
2 0.99609375 0.671875 0.125 0.125
1 0.640625 0.87890625 0.125 0.125
1 0.6484375 0.9609375 0.125 0.125
1 0.9921875 0.8203125 0.125 0.125
