3 0.0703125 0.2421875 0.125 0.125
3 0.07421875 0.4140625 0.125 0.125
3 0.14453125 0.2421875 0.125 0.125
3 0.28125 0.3828125 0.125 0.125
3 0.359375 0.265625 0.125 0.125
3 0.3671875 0.40625 0.125 0.125
3 0.4375 0.40625 0.125 0.125
1 0.140625 0.39453125 0.125 0.125
1 0.20703125 0.3984375 0.125 0.125
1 0.21875 0.25390625 0.125 0.125
1 0.29296875 0.2421875 0.125 0.125
1 0.42578125 0.25390625 0.125 0.125
4 0.8203125 0.41015625 0.125 0.125
1 0.83203125 0.2578125 0.125 0.125
1 0.83984375 0.1796875 0.125 0.125
3 0.21484375 0.91015625 0.125 0.125
3 0.29296875 0.7734375 0.125 0.125
2 0.28125 0.90234375 0.125 0.125
1 0.05859375 0.74609375 0.125 0.125
1 0.0703125 0.890625 0.125 0.125
1 0.140625 0.765625 0.125 0.125
1 0.140625 0.90234375 0.125 0.125
1 0.21484375 0.765625 0.125 0.125
4 0.703125 0.96484375 0.125 0.125
2 0.703125 0.65625 0.125 0.125
1 0.703125 0.734375 0.125 0.125
1 0.703125 0.8828125 0.125 0.125
