4 0.0 0.30859375 0.125 0.125
4 0.13671875 0.24609375 0.125 0.125
4 0.16015625 0.46484375 0.125 0.125
4 0.1953125 0.23046875 0.125 0.125
3 0.0 0.14453125 0.125 0.125
3 0.0625 0.12109375 0.125 0.125
3 0.06640625 0.2734375 0.125 0.125
3 0.12890625 0.08984375 0.125 0.125
3 0.26171875 0.1953125 0.125 0.125
3 0.29296875 0.421875 0.125 0.125
3 0.359375 0.39453125 0.125 0.125
1 0.234375 0.4375 0.125 0.125
4 0.63671875 0.0703125 0.125 0.125
4 0.6953125 0.2578125 0.125 0.125
3 0.56640625 0.09765625 0.125 0.125
3 0.6953125 0.03515625 0.125 0.125
3 0.7265625 0.3828125 0.125 0.125
3 0.75390625 0.01953125 0.125 0.125
3 0.76171875 0.2265625 0.125 0.125
3 0.78515625 0.359375 0.125 0.125
3 0.8203125 0.19140625 0.125 0.125
3 0.8515625 0.3359375 0.125 0.125
3 0.87890625 0.16796875 0.125 0.125
3 0.9140625 0.30859375 0.125 0.125
3 0.94140625 0.13671875 0.125 0.125
3 0.984375 0.28125 0.125 0.125
4 0.09375 0.5 0.125 0.125
4 0.2109375 0.828125 0.125 0.125
4 0.3359375 0.93359375 0.125 0.125
3 0.01171875 0.69921875 0.125 0.125
3 0.0234375 0.53125 0.125 0.125
3 0.07421875 0.6640625 0.125 0.125
3 0.08203125 0.8828125 0.125 0.125
3 0.1484375 0.6328125 0.125 0.125
3 0.1484375 0.85546875 0.125 0.125
3 0.20703125 0.609375 0.125 0.125
3 0.2578125 0.953125 0.125 0.125
3 0.28125 0.5703125 0.125 0.125
3 0.34765625 0.54296875 0.125 0.125
3 0.3984375 0.9140625 0.125 0.125
3 0.46484375 0.88671875 0.125 0.125
4 0.78125 0.5859375 0.125 0.125
4 0.8359375 0.71484375 0.125 0.125
4 0.9140625 0.6953125 0.125 0.125
4 0.97265625 0.6640625 0.125 0.125
3 0.84765625 0.5625 0.125 0.125
3 0.89453125 0.92578125 0.125 0.125
3 0.91796875 0.53125 0.125 0.125
3 0.96875 0.89453125 0.125 0.125
3 0.984375 0.50390625 0.125 0.125
1 0.53515625 0.86328125 0.125 0.125
