4 0.046875 0.16015625 0.125 0.125
4 0.10546875 0.3359375 0.125 0.125
4 0.28125 0.2421875 0.125 0.125
3 0.015625 0.4921875 0.125 0.125
3 0.03515625 0.05078125 0.125 0.125
3 0.0390625 0.34375 0.125 0.125
3 0.078125 0.4921875 0.125 0.125
3 0.125 0.17578125 0.125 0.125
3 0.17578125 0.03125 0.125 0.125
3 0.28125 0.3203125 0.125 0.125
3 0.2890625 0.41015625 0.125 0.125
1 0.1015625 0.04296875 0.125 0.125
4 0.0390625 0.8984375 0.125 0.125
4 0.1640625 0.75390625 0.125 0.125
4 0.28125 0.66015625 0.125 0.125
3 0.01171875 0.625 0.125 0.125
3 0.0390625 0.76953125 0.125 0.125
3 0.10546875 0.890625 0.125 0.125
3 0.16796875 0.62890625 0.125 0.125
3 0.203125 0.87890625 0.125 0.125
3 0.28125 0.734375 0.125 0.125
3 0.296875 0.56640625 0.125 0.125
1 0.29296875 0.87109375 0.125 0.125
