3 0.3046875 0.19921875 0.125 0.125
3 0.4453125 0.4296875 0.125 0.125
2 0.29296875 0.40234375 0.125 0.125
1 0.375 0.19140625 0.125 0.125
1 0.37890625 0.42578125 0.125 0.125
1 0.45703125 0.19921875 0.125 0.125
3 0.9453125 0.43359375 0.125 0.125
3 0.58984375 0.43359375 0.125 0.125
3 0.59765625 0.20703125 0.125 0.125
3 0.734375 0.43359375 0.125 0.125
3 0.73828125 0.203125 0.125 0.125
3 0.80078125 0.43359375 0.125 0.125
3 0.80859375 0.21484375 0.125 0.125
3 0.890625 0.22265625 0.125 0.125
2 0.671875 0.21875 0.125 0.125
1 0.5234375 0.20703125 0.125 0.125
1 0.52734375 0.43359375 0.125 0.125
1 0.65625 0.4296875 0.125 0.125
1 0.87109375 0.43359375 0.125 0.125
1 0.953125 0.2109375 0.125 0.125
3 0.37109375 0.81640625 0.125 0.125
1 0.30078125 0.81640625 0.125 0.125
1 0.44921875 0.8203125 0.125 0.125
3 0.58984375 0.8203125 0.125 0.125
3 0.66015625 0.8203125 0.125 0.125
3 0.80859375 0.83203125 0.125 0.125
1 0.51171875 0.828125 0.125 0.125
1 0.73046875 0.83203125 0.125 0.125
1 0.9453125 0.83203125 0.125 0.125
