3 0.0390625 0.25 0.125 0.125
3 0.11328125 0.25390625 0.125 0.125
3 0.11328125 0.3984375 0.125 0.125
3 0.1796875 0.24609375 0.125 0.125
3 0.18359375 0.39453125 0.125 0.125
3 0.2578125 0.3984375 0.125 0.125
3 0.328125 0.25390625 0.125 0.125
3 0.328125 0.390625 0.125 0.125
3 0.40234375 0.40234375 0.125 0.125
1 0.484375 0.26171875 0.125 0.125
1 0.4921875 0.390625 0.125 0.125
1 0.03515625 0.3984375 0.125 0.125
1 0.25390625 0.2734375 0.125 0.125
1 0.3984375 0.23828125 0.125 0.125
3 0.04296875 0.734375 0.125 0.125
3 0.23828125 0.859375 0.125 0.125
3 0.32421875 0.8828125 0.125 0.125
3 0.3984375 0.734375 0.125 0.125
3 0.4765625 0.734375 0.125 0.125
2 0.32421875 0.71875 0.125 0.125
1 0.03125 0.875 0.125 0.125
1 0.10546875 0.7265625 0.125 0.125
1 0.10546875 0.8671875 0.125 0.125
1 0.171875 0.8671875 0.125 0.125
1 0.18359375 0.7265625 0.125 0.125
1 0.24609375 0.71875 0.125 0.125
1 0.39453125 0.8671875 0.125 0.125
1 0.46484375 0.8828125 0.125 0.125
3 0.6171875 0.8515625 0.125 0.125
1 0.546875 0.86328125 0.125 0.125
