4 0.046875 0.40625 0.125 0.125
3 0.0859375 0.0625 0.125 0.125
3 0.08984375 0.3984375 0.125 0.125
3 0.16015625 0.3984375 0.125 0.125
3 0.22265625 0.46875 0.125 0.125
3 0.29296875 0.453125 0.125 0.125
3 0.4296875 0.36328125 0.125 0.125
3 0.4921875 0.359375 0.125 0.125
2 0.046875 0.26171875 0.125 0.125
2 0.25 0.1640625 0.125 0.125
2 0.3515625 0.30078125 0.125 0.125
1 0.140625 0.1328125 0.125 0.125
1 0.28515625 0.3203125 0.125 0.125
4 0.71875 0.38671875 0.125 0.125
3 0.59765625 0.3359375 0.125 0.125
3 0.6015625 0.46484375 0.125 0.125
3 0.65625 0.24609375 0.125 0.125
3 0.66015625 0.4453125 0.125 0.125
3 0.71484375 0.17578125 0.125 0.125
3 0.53515625 0.48046875 0.125 0.125
4 0.08203125 0.6953125 0.125 0.125
4 0.140625 0.6875 0.125 0.125
4 0.19140625 0.6875 0.125 0.125
4 0.3125 0.6015625 0.125 0.125
3 0.05859375 0.56640625 0.125 0.125
3 0.25 0.60546875 0.125 0.125
3 0.27734375 0.76171875 0.125 0.125
3 0.3359375 0.7265625 0.125 0.125
3 0.36328125 0.55859375 0.125 0.125
3 0.3828125 0.67578125 0.125 0.125
3 0.4140625 0.51171875 0.125 0.125
3 0.44921875 0.66015625 0.125 0.125
3 0.48046875 0.50390625 0.125 0.125
2 0.1171875 0.5625 0.125 0.125
2 0.1796875 0.55078125 0.125 0.125
4 0.6171875 0.62890625 0.125 0.125
4 0.74609375 0.53125 0.125 0.125
3 0.6640625 0.5859375 0.125 0.125
3 0.80859375 0.53125 0.125 0.125
3 0.5078125 0.64453125 0.125 0.125
3 0.5625 0.61328125 0.125 0.125
