3 0.25390625 0.44140625 0.125 0.125
3 0.39453125 0.44140625 0.125 0.125
3 0.234375 0.3671875 0.125 0.125
2 0.41796875 0.015625 0.125 0.125
1 0.24609375 0.0234375 0.125 0.125
1 0.24609375 0.22265625 0.125 0.125
1 0.25390625 0.07421875 0.125 0.125
1 0.26953125 0.16015625 0.125 0.125
1 0.3828125 0.37890625 0.125 0.125
1 0.39453125 0.09375 0.125 0.125
1 0.40625 0.1640625 0.125 0.125
3 0.65234375 0.33203125 0.125 0.125
3 0.66015625 0.1875 0.125 0.125
3 0.73046875 0.3203125 0.125 0.125
3 0.73828125 0.1875 0.125 0.125
3 0.8046875 0.3203125 0.125 0.125
3 0.88671875 0.3203125 0.125 0.125
2 0.87890625 0.17578125 0.125 0.125
2 0.94921875 0.1796875 0.125 0.125
1 0.8125 0.1953125 0.125 0.125
1 0.953125 0.32421875 0.125 0.125
3 0.25 0.66015625 0.125 0.125
3 0.38671875 0.5859375 0.125 0.125
3 0.390625 0.65625 0.125 0.125
2 0.39453125 0.7265625 0.125 0.125
1 0.2421875 0.5078125 0.125 0.125
1 0.24609375 0.734375 0.125 0.125
1 0.25390625 0.5859375 0.125 0.125
1 0.3828125 0.87890625 0.125 0.125
3 0.7421875 0.9453125 0.125 0.125
3 0.74609375 0.65234375 0.125 0.125
3 0.74609375 0.8671875 0.125 0.125
3 0.75 0.796875 0.125 0.125
3 0.75390625 0.72265625 0.125 0.125
3 0.90234375 0.9375 0.125 0.125
3 0.90625 0.73828125 0.125 0.125
3 0.90625 0.80078125 0.125 0.125
1 0.90625 0.875 0.125 0.125
