4 0.3515625 0.15625 0.125 0.125
4 0.4375 0.203125 0.125 0.125
4 0.4453125 0.3046875 0.125 0.125
4 0.484375 0.46875 0.125 0.125
4 0.49609375 0.35546875 0.125 0.125
3 0.05859375 0.45703125 0.125 0.125
3 0.11328125 0.14453125 0.125 0.125
3 0.12890625 0.19140625 0.125 0.125
3 0.29296875 0.1640625 0.125 0.125
2 0.11328125 0.35546875 0.125 0.125
1 0.0234375 0.08984375 0.125 0.125
1 0.12109375 0.25 0.125 0.125
1 0.1328125 0.47265625 0.125 0.125
1 0.35546875 0.45703125 0.125 0.125
1 0.421875 0.453125 0.125 0.125
4 0.54296875 0.4765625 0.125 0.125
3 0.60546875 0.4765625 0.125 0.125
3 0.671875 0.27734375 0.125 0.125
3 0.703125 0.453125 0.125 0.125
3 0.7578125 0.44921875 0.125 0.125
3 0.82421875 0.4296875 0.125 0.125
3 0.55078125 0.3203125 0.125 0.125
4 0.23828125 0.90625 0.125 0.125
4 0.35546875 0.96875 0.125 0.125
4 0.48046875 0.8359375 0.125 0.125
4 0.4921875 0.609375 0.125 0.125
3 0.0078125 0.76171875 0.125 0.125
3 0.03125 0.9609375 0.125 0.125
3 0.0390625 0.8125 0.125 0.125
3 0.125 0.828125 0.125 0.125
3 0.19140625 0.8515625 0.125 0.125
3 0.25 0.5625 0.125 0.125
3 0.30078125 0.75390625 0.125 0.125
3 0.30859375 0.9375 0.125 0.125
3 0.36328125 0.78125 0.125 0.125
3 0.4453125 0.578125 0.125 0.125
1 0.19140625 0.703125 0.125 0.125
1 0.41796875 0.80859375 0.125 0.125
4 0.5078125 0.734375 0.125 0.125
4 0.578125 0.8984375 0.125 0.125
4 0.625 0.921875 0.125 0.125
4 0.6796875 0.80859375 0.125 0.125
4 0.71875 0.96875 0.125 0.125
4 0.77734375 0.7109375 0.125 0.125
3 0.60546875 0.61328125 0.125 0.125
3 0.65625 0.68359375 0.125 0.125
3 0.70703125 0.578125 0.125 0.125
3 0.71484375 0.703125 0.125 0.125
3 0.765625 0.58203125 0.125 0.125
3 0.8203125 0.58203125 0.125 0.125
3 0.83203125 0.7109375 0.125 0.125
3 0.5546875 0.61328125 0.125 0.125
1 0.51953125 0.8671875 0.125 0.125
1 0.7734375 0.9765625 0.125 0.125
