3 0.046875 0.2890625 0.125 0.125
3 0.10546875 0.15625 0.125 0.125
3 0.1171875 0.23046875 0.125 0.125
3 0.3515625 0.1484375 0.125 0.125
3 0.4140625 0.10546875 0.125 0.125
4 0.44921875 0.4140625 0.125 0.125
2 0.34765625 0.43359375 0.125 0.125
1 0.32421875 0.3515625 0.125 0.125
1 0.3359375 0.0 0.125 0.125
3 0.515625 0.1015625 0.125 0.125
3 0.60546875 0.02734375 0.125 0.125
3 0.609375 0.09765625 0.125 0.125
3 0.625 0.35546875 0.125 0.125
3 0.6484375 0.26953125 0.125 0.125
3 0.796875 0.42578125 0.125 0.125
2 0.77734375 0.4921875 0.125 0.125
1 0.5859375 0.16796875 0.125 0.125
1 0.63671875 0.48046875 0.125 0.125
1 0.7890625 0.359375 0.125 0.125
1 0.80859375 0.2421875 0.125 0.125
1 0.80859375 0.296875 0.125 0.125
3 0.02734375 0.71875 0.125 0.125
3 0.203125 0.73828125 0.125 0.125
3 0.38671875 0.95703125 0.125 0.125
2 0.04296875 0.56640625 0.125 0.125
2 0.40625 0.80859375 0.125 0.125
2 0.4140625 0.89453125 0.125 0.125
2 0.41796875 0.7109375 0.125 0.125
1 0.42578125 0.640625 0.125 0.125
3 0.51171875 0.98046875 0.125 0.125
3 0.52734375 0.85546875 0.125 0.125
3 0.6328125 0.77734375 0.125 0.125
3 0.640625 0.890625 0.125 0.125
3 0.66015625 0.546875 0.125 0.125
3 0.66796875 0.6328125 0.125 0.125
3 0.765625 0.71875 0.125 0.125
3 0.7890625 0.58203125 0.125 0.125
2 0.73828125 0.8046875 0.125 0.125
1 0.7578125 0.94921875 0.125 0.125
