4 0.3828125 0.0859375 0.125 0.125
3 0.02734375 0.12109375 0.125 0.125
3 0.03515625 0.046875 0.125 0.125
3 0.37890625 0.0078125 0.125 0.125
3 0.37890625 0.1484375 0.125 0.125
3 0.01953125 0.1953125 0.125 0.125
2 0.3828125 0.359375 0.125 0.125
1 0.37109375 0.296875 0.125 0.125
3 0.5 0.21875 0.125 0.125
3 0.52734375 0.07421875 0.125 0.125
3 0.90625 0.15234375 0.125 0.125
3 0.96875 0.3359375 0.125 0.125
2 0.82421875 0.29296875 0.125 0.125
2 0.97265625 0.15234375 0.125 0.125
1 0.82421875 0.1484375 0.125 0.125
1 0.89453125 0.3125 0.125 0.125
1 0.51171875 0.375 0.125 0.125
1 0.515625 0.16015625 0.125 0.125
1 0.52734375 0.296875 0.125 0.125
3 0.3203125 0.5546875 0.125 0.125
2 0.0 0.5625 0.125 0.125
1 0.16796875 0.5625 0.125 0.125
3 0.828125 0.6484375 0.125 0.125
2 0.75 0.640625 0.125 0.125
1 0.8984375 0.640625 0.125 0.125
