3 0.41796875 0.3203125 0.125 0.125
3 0.484375 0.33203125 0.125 0.125
3 0.07421875 0.19140625 0.125 0.125
3 0.140625 0.30859375 0.125 0.125
3 0.1640625 0.1953125 0.125 0.125
3 0.20703125 0.328125 0.125 0.125
3 0.27734375 0.33203125 0.125 0.125
3 0.33203125 0.19140625 0.125 0.125
3 0.34765625 0.33984375 0.125 0.125
1 0.00390625 0.31640625 0.125 0.125
1 0.2578125 0.1953125 0.125 0.125
4 0.8828125 0.2109375 0.125 0.125
3 0.73046875 0.14453125 0.125 0.125
3 0.7421875 0.00390625 0.125 0.125
3 0.75 0.078125 0.125 0.125
3 0.76953125 0.33984375 0.125 0.125
3 0.828125 0.33203125 0.125 0.125
3 0.875 0.01171875 0.125 0.125
3 0.875 0.15234375 0.125 0.125
3 0.890625 0.33203125 0.125 0.125
1 0.7109375 0.21484375 0.125 0.125
1 0.87890625 0.08203125 0.125 0.125
3 0.46875 0.64453125 0.125 0.125
3 0.20703125 0.828125 0.125 0.125
3 0.33203125 0.640625 0.125 0.125
1 0.05859375 0.640625 0.125 0.125
1 0.25390625 0.65234375 0.125 0.125
1 0.39453125 0.6484375 0.125 0.125
4 0.671875 0.6484375 0.125 0.125
3 0.53125 0.65234375 0.125 0.125
3 0.8046875 0.6328125 0.125 0.125
3 0.953125 0.640625 0.125 0.125
2 0.75 0.63671875 0.125 0.125
1 0.609375 0.64453125 0.125 0.125
1 0.88671875 0.65234375 0.125 0.125
