3 0.48046875 0.21484375 0.125 0.125
1 0.2421875 0.21484375 0.125 0.125
1 0.328125 0.20703125 0.125 0.125
1 0.37890625 0.07421875 0.125 0.125
3 0.796875 0.078125 0.125 0.125
2 0.5546875 0.19921875 0.125 0.125
1 0.51953125 0.0703125 0.125 0.125
1 0.58984375 0.0703125 0.125 0.125
1 0.62890625 0.19921875 0.125 0.125
1 0.66796875 0.078125 0.125 0.125
1 0.73046875 0.20703125 0.125 0.125
1 0.73828125 0.0859375 0.125 0.125
1 0.8828125 0.1015625 0.125 0.125
1 0.953125 0.078125 0.125 0.125
4 0.67578125 0.55859375 0.125 0.125
1 0.5078125 0.56640625 0.125 0.125
1 0.82421875 0.546875 0.125 0.125
