3 0.09375 0.37109375 0.125 0.125
3 0.16796875 0.3671875 0.125 0.125
3 0.296875 0.36328125 0.125 0.125
3 0.37890625 0.37109375 0.125 0.125
3 0.44921875 0.375 0.125 0.125
1 0.02734375 0.38671875 0.125 0.125
1 0.234375 0.359375 0.125 0.125
2 0.59375 0.375 0.125 0.125
3 0.87890625 0.37109375 0.125 0.125
1 0.5234375 0.36328125 0.125 0.125
1 0.66796875 0.36328125 0.125 0.125
1 0.734375 0.3671875 0.125 0.125
1 0.8125 0.4140625 0.125 0.125
1 0.94921875 0.36328125 0.125 0.125
2 0.015625 0.73046875 0.125 0.125
2 0.37109375 0.73828125 0.125 0.125
3 0.16015625 0.7265625 0.125 0.125
3 0.234375 0.7265625 0.125 0.125
3 0.4453125 0.7265625 0.125 0.125
1 0.09375 0.73828125 0.125 0.125
1 0.3046875 0.734375 0.125 0.125
3 0.79296875 0.73828125 0.125 0.125
3 0.94921875 0.7421875 0.125 0.125
1 0.72265625 0.72265625 0.125 0.125
1 0.87109375 0.73828125 0.125 0.125
