4 0.328125 0.3125 0.125 0.125
3 0.03125 0.3125 0.125 0.125
3 0.1015625 0.3125 0.125 0.125
3 0.1796875 0.30078125 0.125 0.125
3 0.359375 0.16796875 0.125 0.125
2 0.41796875 0.17578125 0.125 0.125
1 0.14453125 0.18359375 0.125 0.125
1 0.25 0.3125 0.125 0.125
1 0.29296875 0.16015625 0.125 0.125
1 0.38671875 0.30078125 0.125 0.125
1 0.453125 0.30078125 0.125 0.125
3 0.5703125 0.171875 0.125 0.125
3 0.74609375 0.30078125 0.125 0.125
3 0.81640625 0.3046875 0.125 0.125
1 0.5 0.17578125 0.125 0.125
1 0.53125 0.3046875 0.125 0.125
1 0.6015625 0.3203125 0.125 0.125
1 0.6328125 0.1875 0.125 0.125
1 0.66015625 0.30859375 0.125 0.125
1 0.78125 0.1640625 0.125 0.125
