3 0.03515625 0.06640625 0.125 0.125
3 0.06640625 0.44921875 0.125 0.125
3 0.0859375 0.05859375 0.125 0.125
3 0.12109375 0.4609375 0.125 0.125
3 0.15625 0.046875 0.125 0.125
3 0.2109375 0.0234375 0.125 0.125
1 0.0078125 0.4921875 0.125 0.125
3 0.6015625 0.08984375 0.125 0.125
3 0.66796875 0.078125 0.125 0.125
3 0.6796875 0.22265625 0.125 0.125
3 0.71875 0.19140625 0.125 0.125
3 0.7265625 0.05078125 0.125 0.125
3 0.7734375 0.17578125 0.125 0.125
3 0.77734375 0.03125 0.125 0.125
3 0.82421875 0.15625 0.125 0.125
3 0.8359375 0.01171875 0.125 0.125
3 0.8671875 0.140625 0.125 0.125
3 0.921875 0.12890625 0.125 0.125
3 0.97265625 0.1171875 0.125 0.125
2 0.81640625 0.33984375 0.125 0.125
2 0.86328125 0.484375 0.125 0.125
2 0.92578125 0.46484375 0.125 0.125
2 0.9296875 0.28125 0.125 0.125
1 0.74609375 0.359375 0.125 0.125
1 0.8046875 0.4921875 0.125 0.125
1 0.87890625 0.328125 0.125 0.125
4 0.19921875 0.58203125 0.125 0.125
3 0.015625 0.6484375 0.125 0.125
3 0.0703125 0.6171875 0.125 0.125
3 0.125 0.61328125 0.125 0.125
3 0.14453125 0.73828125 0.125 0.125
3 0.203125 0.71875 0.125 0.125
3 0.26953125 0.7109375 0.125 0.125
3 0.328125 0.6796875 0.125 0.125
3 0.33984375 0.828125 0.125 0.125
3 0.47265625 0.89453125 0.125 0.125
