3 0.4609375 0.046875 0.125 0.125
3 0.84375 0.4765625 0.125 0.125
3 0.92578125 0.48046875 0.125 0.125
2 0.8671875 0.03125 0.125 0.125
1 0.6484375 0.49609375 0.125 0.125
3 0.40234375 0.91015625 0.125 0.125
3 0.48046875 0.79296875 0.125 0.125
3 0.5625 0.91796875 0.125 0.125
3 0.625 0.78125 0.125 0.125
3 0.625 0.91796875 0.125 0.125
3 0.91015625 0.91015625 0.125 0.125
3 0.91796875 0.77734375 0.125 0.125
3 0.98046875 0.796875 0.125 0.125
2 0.69140625 0.78515625 0.125 0.125
2 0.7734375 0.50390625 0.125 0.125
1 0.6953125 0.9140625 0.125 0.125
1 0.765625 0.7734375 0.125 0.125
1 0.83984375 0.90234375 0.125 0.125
