3 0.05859375 0.375 0.125 0.125
3 0.0625 0.3046875 0.125 0.125
3 0.1015625 0.1328125 0.125 0.125
3 0.40234375 0.38671875 0.125 0.125
1 0.01171875 0.11328125 0.125 0.125
1 0.0625 0.23046875 0.125 0.125
1 0.06640625 0.4453125 0.125 0.125
1 0.3984375 0.296875 0.125 0.125
1 0.40625 0.23828125 0.125 0.125
1 0.40625 0.4453125 0.125 0.125
3 0.8671875 0.3359375 0.125 0.125
4 0.06640625 0.51953125 0.125 0.125
4 0.3984375 0.94921875 0.125 0.125
3 0.03125 0.8046875 0.125 0.125
3 0.046875 0.73046875 0.125 0.125
3 0.05859375 0.65625 0.125 0.125
3 0.390625 0.7421875 0.125 0.125
3 0.40234375 0.67578125 0.125 0.125
3 0.40234375 0.80859375 0.125 0.125
1 0.0390625 0.87109375 0.125 0.125
1 0.0390625 0.94921875 0.125 0.125
1 0.06640625 0.5859375 0.125 0.125
1 0.3828125 0.5859375 0.125 0.125
1 0.39453125 0.51171875 0.125 0.125
1 0.40625 0.8828125 0.125 0.125
3 0.9296875 0.8359375 0.125 0.125
