4 0.2265625 0.0546875 0.125 0.125
3 0.01953125 0.0546875 0.125 0.125
3 0.08203125 0.0625 0.125 0.125
3 0.30078125 0.0703125 0.125 0.125
3 0.375 0.078125 0.125 0.125
1 0.1484375 0.05859375 0.125 0.125
1 0.43359375 0.07421875 0.125 0.125
3 0.51171875 0.06640625 0.125 0.125
3 0.58203125 0.07421875 0.125 0.125
3 0.65234375 0.07421875 0.125 0.125
3 0.7890625 0.046875 0.125 0.125
3 0.93359375 0.078125 0.125 0.125
1 0.73046875 0.0625 0.125 0.125
1 0.86328125 0.0859375 0.125 0.125
4 0.38671875 0.66796875 0.125 0.125
3 0.09375 0.66015625 0.125 0.125
3 0.16015625 0.66015625 0.125 0.125
2 0.03125 0.65234375 0.125 0.125
2 0.32421875 0.66796875 0.125 0.125
1 0.2421875 0.671875 0.125 0.125
1 0.46484375 0.67578125 0.125 0.125
3 0.59765625 0.859375 0.125 0.125
3 0.59765625 0.93359375 0.125 0.125
1 0.6171875 0.78515625 0.125 0.125
