4 0.35546875 0.34375 0.125 0.125
3 0.28125 0.04296875 0.125 0.125
3 0.32421875 0.19140625 0.125 0.125
3 0.33984375 0.04296875 0.125 0.125
3 0.375 0.1875 0.125 0.125
3 0.38671875 0.01953125 0.125 0.125
3 0.39453125 0.47265625 0.125 0.125
3 0.41015625 0.328125 0.125 0.125
3 0.4296875 0.1796875 0.125 0.125
3 0.4375 0.01953125 0.125 0.125
3 0.453125 0.30859375 0.125 0.125
3 0.46484375 0.453125 0.125 0.125
3 0.4765625 0.1640625 0.125 0.125
3 0.48828125 0.01171875 0.125 0.125
3 0.5078125 0.29296875 0.125 0.125
3 0.515625 0.43359375 0.125 0.125
3 0.53125 0.1328125 0.125 0.125
3 0.5625 0.2890625 0.125 0.125
3 0.578125 0.421875 0.125 0.125
3 0.61328125 0.265625 0.125 0.125
3 0.6328125 0.109375 0.125 0.125
3 0.6328125 0.41015625 0.125 0.125
3 0.671875 0.25390625 0.125 0.125
3 0.68359375 0.09375 0.125 0.125
3 0.703125 0.3828125 0.125 0.125
3 0.73046875 0.234375 0.125 0.125
3 0.73828125 0.08203125 0.125 0.125
3 0.78515625 0.07421875 0.125 0.125
3 0.78515625 0.21484375 0.125 0.125
3 0.78515625 0.359375 0.125 0.125
3 0.83984375 0.05078125 0.125 0.125
3 0.84375 0.1953125 0.125 0.125
3 0.8515625 0.33984375 0.125 0.125
3 0.86328125 0.484375 0.125 0.125
3 0.90234375 0.0390625 0.125 0.125
3 0.91015625 0.31640625 0.125 0.125
3 0.91015625 0.46484375 0.125 0.125
3 0.9140625 0.171875 0.125 0.125
3 0.94921875 0.296875 0.125 0.125
3 0.96875 0.03125 0.125 0.125
3 0.96875 0.44921875 0.125 0.125
3 0.97265625 0.15625 0.125 0.125
1 0.58203125 0.12109375 0.125 0.125
3 0.4609375 0.6171875 0.125 0.125
3 0.48828125 0.75 0.125 0.125
3 0.48828125 0.8828125 0.125 0.125
3 0.5234375 0.59375 0.125 0.125
3 0.53125 0.71875 0.125 0.125
3 0.55859375 0.86328125 0.125 0.125
3 0.5859375 0.5625 0.125 0.125
3 0.5859375 0.703125 0.125 0.125
3 0.58984375 0.9921875 0.125 0.125
3 0.6171875 0.83984375 0.125 0.125
3 0.63671875 0.55859375 0.125 0.125
3 0.64453125 0.6875 0.125 0.125
3 0.6484375 0.98046875 0.125 0.125
3 0.68359375 0.53125 0.125 0.125
3 0.6875 0.8203125 0.125 0.125
3 0.6953125 0.9609375 0.125 0.125
3 0.69921875 0.67578125 0.125 0.125
3 0.74609375 0.94140625 0.125 0.125
3 0.75 0.5234375 0.125 0.125
3 0.7578125 0.6484375 0.125 0.125
3 0.796875 0.6328125 0.125 0.125
3 0.80859375 0.5 0.125 0.125
3 0.86328125 0.625 0.125 0.125
3 0.9140625 0.609375 0.125 0.125
3 0.96875 0.5859375 0.125 0.125
