1 0.01171875 0.421875 0.125 0.125
3 0.52734375 0.21875 0.125 0.125
3 0.703125 0.23828125 0.125 0.125
3 0.88671875 0.45703125 0.125 0.125
2 0.54296875 0.06640625 0.125 0.125
2 0.90625 0.30859375 0.125 0.125
2 0.9140625 0.39453125 0.125 0.125
2 0.91796875 0.2109375 0.125 0.125
1 0.92578125 0.140625 0.125 0.125
3 0.09765625 0.97265625 0.125 0.125
3 0.359375 0.9921875 0.125 0.125
3 0.4609375 0.9765625 0.125 0.125
2 0.40234375 0.80859375 0.125 0.125
3 0.59375 0.9140625 0.125 0.125
3 0.6953125 0.91015625 0.125 0.125
3 0.86328125 0.64453125 0.125 0.125
3 0.92578125 0.63671875 0.125 0.125
3 0.93359375 0.75390625 0.125 0.125
2 0.5 0.73828125 0.125 0.125
2 0.62109375 0.828125 0.125 0.125
1 0.76171875 0.9765625 0.125 0.125
1 0.9921875 0.6484375 0.125 0.125
1 0.99609375 0.77734375 0.125 0.125
