3 0.05078125 0.35546875 0.125 0.125
4 0.77734375 0.08984375 0.125 0.125
3 0.67578125 0.30078125 0.125 0.125
3 0.6875 0.23046875 0.125 0.125
3 0.6875 0.36328125 0.125 0.125
3 0.69140625 0.09765625 0.125 0.125
3 0.8203125 0.421875 0.125 0.125
3 0.828125 0.35546875 0.125 0.125
2 0.68359375 0.49609375 0.125 0.125
1 0.71484375 0.42578125 0.125 0.125
1 0.828125 0.46875 0.125 0.125
3 0.66796875 0.6171875 0.125 0.125
2 0.8125 0.69921875 0.125 0.125
1 0.6484375 0.7421875 0.125 0.125
1 0.671875 0.6796875 0.125 0.125
1 0.6796875 0.55859375 0.125 0.125
1 0.78515625 0.76171875 0.125 0.125
1 0.8125 0.625 0.125 0.125
1 0.83203125 0.55859375 0.125 0.125
