3 0.32421875 0.3359375 0.125 0.125
3 0.33203125 0.40625 0.125 0.125
3 0.33984375 0.12109375 0.125 0.125
3 0.34375 0.19921875 0.125 0.125
3 0.4921875 0.2109375 0.125 0.125
3 0.49609375 0.421875 0.125 0.125
1 0.328125 0.4765625 0.125 0.125
1 0.3359375 0.0625 0.125 0.125
1 0.33984375 0.26953125 0.125 0.125
1 0.49609375 0.1328125 0.125 0.125
3 0.8203125 0.140625 0.125 0.125
2 0.8203125 0.06640625 0.125 0.125
2 0.83984375 0.4375 0.125 0.125
1 0.5 0.35546875 0.125 0.125
1 0.5078125 0.27734375 0.125 0.125
1 0.82421875 0.22265625 0.125 0.125
1 0.8359375 0.36328125 0.125 0.125
1 0.84375 0.2890625 0.125 0.125
4 0.3203125 0.6328125 0.125 0.125
3 0.30078125 0.92578125 0.125 0.125
3 0.3203125 0.546875 0.125 0.125
3 0.46875 0.8828125 0.125 0.125
3 0.49609375 0.56640625 0.125 0.125
1 0.48828125 0.96875 0.125 0.125
1 0.83203125 0.57421875 0.125 0.125
1 0.83203125 0.9609375 0.125 0.125
1 0.84375 0.50390625 0.125 0.125
