2 0.4296875 0.0234375 0.125 0.125
2 0.73046875 0.03125 0.125 0.125
2 0.9765625 0.40234375 0.125 0.125
3 0.546875 0.40234375 0.125 0.125
3 0.6171875 0.41015625 0.125 0.125
3 0.65625 0.046875 0.125 0.125
3 0.6875 0.3828125 0.125 0.125
3 0.79296875 0.0390625 0.125 0.125
3 0.90234375 0.41015625 0.125 0.125
1 0.51171875 0.04296875 0.125 0.125
1 0.58203125 0.04296875 0.125 0.125
1 0.7578125 0.39453125 0.125 0.125
1 0.828125 0.39453125 0.125 0.125
1 0.8671875 0.03515625 0.125 0.125
1 0.93359375 0.0546875 0.125 0.125
2 0.48828125 0.92578125 0.125 0.125
3 0.0625 0.90625 0.125 0.125
3 0.12890625 0.5234375 0.125 0.125
3 0.19921875 0.515625 0.125 0.125
3 0.3359375 0.8984375 0.125 0.125
1 0.1953125 0.8984375 0.125 0.125
1 0.265625 0.89453125 0.125 0.125
1 0.28515625 0.52734375 0.125 0.125
1 0.41015625 0.8984375 0.125 0.125
2 0.98046875 0.8984375 0.125 0.125
3 0.546875 0.91015625 0.125 0.125
3 0.62109375 0.90625 0.125 0.125
3 0.6875 0.55078125 0.125 0.125
3 0.75390625 0.55078125 0.125 0.125
3 0.8203125 0.5390625 0.125 0.125
3 0.83203125 0.8984375 0.125 0.125
1 0.52734375 0.53515625 0.125 0.125
1 0.609375 0.5625 0.125 0.125
1 0.6875 0.890625 0.125 0.125
1 0.7578125 0.8984375 0.125 0.125
1 0.90234375 0.5390625 0.125 0.125
1 0.9765625 0.5703125 0.125 0.125
