4 0.046875 0.2421875 0.125 0.125
3 0.0703125 0.3671875 0.125 0.125
3 0.08203125 0.42578125 0.125 0.125
3 0.0859375 0.3125 0.125 0.125
3 0.0859375 0.48046875 0.125 0.125
3 0.1796875 0.2890625 0.125 0.125
3 0.7109375 0.484375 0.125 0.125
3 0.26171875 0.8359375 0.125 0.125
1 0.12890625 0.8359375 0.125 0.125
3 0.63671875 0.7734375 0.125 0.125
3 0.6640625 0.90625 0.125 0.125
3 0.6953125 0.76171875 0.125 0.125
3 0.71875 0.89453125 0.125 0.125
3 0.7734375 0.8828125 0.125 0.125
3 0.5703125 0.53515625 0.125 0.125
1 0.6484375 0.5078125 0.125 0.125
1 0.66796875 0.63671875 0.125 0.125
1 0.75390625 0.74609375 0.125 0.125
