3 0.24609375 0.12109375 0.125 0.125
3 0.25 0.25 0.125 0.125
3 0.30859375 0.234375 0.125 0.125
3 0.328125 0.109375 0.125 0.125
3 0.40234375 0.23828125 0.125 0.125
3 0.4921875 0.125 0.125 0.125
3 0.8203125 0.140625 0.125 0.125
3 0.875 0.24609375 0.125 0.125
3 0.8828125 0.1171875 0.125 0.125
3 0.94921875 0.09765625 0.125 0.125
3 0.96484375 0.24609375 0.125 0.125
2 0.63671875 0.10546875 0.125 0.125
1 0.5546875 0.09375 0.125 0.125
1 0.5625 0.23046875 0.125 0.125
1 0.6328125 0.203125 0.125 0.125
1 0.72265625 0.234375 0.125 0.125
1 0.80078125 0.2421875 0.125 0.125
3 0.39453125 0.64453125 0.125 0.125
3 0.6171875 0.94140625 0.125 0.125
3 0.921875 0.93359375 0.125 0.125
2 0.56640625 0.51953125 0.125 0.125
2 0.96484375 0.5 0.125 0.125
1 0.5625 0.6640625 0.125 0.125
1 0.65625 0.515625 0.125 0.125
1 0.7265625 0.52734375 0.125 0.125
1 0.80078125 0.515625 0.125 0.125
1 0.87890625 0.515625 0.125 0.125
1 0.953125 0.64453125 0.125 0.125
