3 0.1640625 0.3515625 0.125 0.125
3 0.18359375 0.078125 0.125 0.125
3 0.25 0.2890625 0.125 0.125
3 0.3671875 0.09375 0.125 0.125
3 0.3671875 0.30859375 0.125 0.125
4 0.32421875 0.16796875 0.125 0.125
2 0.109375 0.265625 0.125 0.125
3 0.56640625 0.31640625 0.125 0.125
3 0.69921875 0.41796875 0.125 0.125
3 0.84375 0.19921875 0.125 0.125
4 0.9296875 0.171875 0.125 0.125
2 0.76953125 0.09375 0.125 0.125
2 0.9921875 0.109375 0.125 0.125
1 0.51953125 0.4375 0.125 0.125
1 0.859375 0.29296875 0.125 0.125
3 0.24609375 0.5078125 0.125 0.125
3 0.76171875 0.6328125 0.125 0.125
1 0.62890625 0.50390625 0.125 0.125
1 0.66796875 0.89453125 0.125 0.125
1 0.71875 0.765625 0.125 0.125
1 0.796875 0.7421875 0.125 0.125
1 0.90625 0.734375 0.125 0.125
