3 0.0859375 0.01953125 0.125 0.125
3 0.23828125 0.02734375 0.125 0.125
3 0.23828125 0.24609375 0.125 0.125
3 0.3125 0.23046875 0.125 0.125
3 0.390625 0.02734375 0.125 0.125
3 0.453125 0.234375 0.125 0.125
2 0.171875 0.02734375 0.125 0.125
1 0.16796875 0.23828125 0.125 0.125
1 0.30859375 0.03125 0.125 0.125
1 0.390625 0.21875 0.125 0.125
1 0.453125 0.0390625 0.125 0.125
1 0.09375 0.2421875 0.125 0.125
3 0.58984375 0.23828125 0.125 0.125
3 0.60546875 0.015625 0.125 0.125
3 0.67578125 0.0234375 0.125 0.125
3 0.80859375 0.03125 0.125 0.125
3 0.81640625 0.23828125 0.125 0.125
3 0.87890625 0.01953125 0.125 0.125
3 0.9609375 0.2421875 0.125 0.125
1 0.52734375 0.03125 0.125 0.125
1 0.52734375 0.234375 0.125 0.125
1 0.66796875 0.23828125 0.125 0.125
1 0.7421875 0.0234375 0.125 0.125
1 0.7421875 0.2265625 0.125 0.125
1 0.87890625 0.234375 0.125 0.125
