3 0.0078125 0.48828125 0.125 0.125
3 0.125 0.29296875 0.125 0.125
3 0.125 0.46484375 0.125 0.125
3 0.15625 0.35546875 0.125 0.125
3 0.1640625 0.15234375 0.125 0.125
3 0.3671875 0.2578125 0.125 0.125
3 0.46875 0.40625 0.125 0.125
3 0.47265625 0.06640625 0.125 0.125
2 0.02734375 0.32421875 0.125 0.125
1 0.0078125 0.07421875 0.125 0.125
1 0.0703125 0.1796875 0.125 0.125
1 0.171875 0.23046875 0.125 0.125
1 0.40234375 0.13671875 0.125 0.125
3 0.51171875 0.30859375 0.125 0.125
3 0.515625 0.01171875 0.125 0.125
3 0.52734375 0.4609375 0.125 0.125
3 0.046875 0.7890625 0.125 0.125
3 0.10546875 0.65625 0.125 0.125
3 0.1171875 0.73046875 0.125 0.125
3 0.3515625 0.6484375 0.125 0.125
3 0.4140625 0.60546875 0.125 0.125
4 0.44921875 0.9140625 0.125 0.125
2 0.34765625 0.93359375 0.125 0.125
1 0.32421875 0.8515625 0.125 0.125
1 0.3359375 0.5 0.125 0.125
3 0.515625 0.6015625 0.125 0.125
3 0.60546875 0.52734375 0.125 0.125
3 0.609375 0.59765625 0.125 0.125
3 0.625 0.85546875 0.125 0.125
3 0.6484375 0.76953125 0.125 0.125
3 0.796875 0.92578125 0.125 0.125
2 0.77734375 0.9921875 0.125 0.125
1 0.5859375 0.66796875 0.125 0.125
1 0.63671875 0.98046875 0.125 0.125
1 0.7890625 0.859375 0.125 0.125
1 0.80859375 0.7421875 0.125 0.125
1 0.80859375 0.796875 0.125 0.125
