3 0.2578125 0.484375 0.125 0.125
3 0.4375 0.0390625 0.125 0.125
1 0.12109375 0.02734375 0.125 0.125
1 0.33203125 0.44140625 0.125 0.125
1 0.46875 0.17578125 0.125 0.125
1 0.4765625 0.48828125 0.125 0.125
4 0.9140625 0.171875 0.125 0.125
3 0.5859375 0.0390625 0.125 0.125
3 0.5859375 0.10546875 0.125 0.125
3 0.6015625 0.18359375 0.125 0.125
3 0.92578125 0.0390625 0.125 0.125
3 0.9375 0.09765625 0.125 0.125
1 0.9140625 0.46875 0.125 0.125
3 0.40234375 0.5 0.125 0.125
3 0.5859375 0.8125 0.125 0.125
3 0.58984375 0.9453125 0.125 0.125
3 0.90625 0.87890625 0.125 0.125
3 0.91015625 0.94921875 0.125 0.125
3 0.921875 0.53515625 0.125 0.125
3 0.921875 0.80859375 0.125 0.125
1 0.91796875 0.68359375 0.125 0.125
1 0.9296875 0.7421875 0.125 0.125
