4 0.23046875 0.296875 0.125 0.125
3 0.4609375 0.4921875 0.125 0.125
1 0.45703125 0.3671875 0.125 0.125
3 0.7421875 0.42578125 0.125 0.125
3 0.6328125 0.08984375 0.125 0.125
1 0.6328125 0.3828125 0.125 0.125
3 0.2265625 0.9609375 0.125 0.125
3 0.23046875 0.55078125 0.125 0.125
3 0.44921875 0.59765625 0.125 0.125
3 0.4609375 0.69140625 0.125 0.125
3 0.46484375 0.7890625 0.125 0.125
2 0.46875 0.89453125 0.125 0.125
3 0.7421875 0.55078125 0.125 0.125
3 0.7421875 0.7109375 0.125 0.125
3 0.62890625 0.8359375 0.125 0.125
