4 0.32421875 0.1953125 0.125 0.125
3 0.23828125 0.3671875 0.125 0.125
3 0.25 0.29296875 0.125 0.125
1 0.4921875 0.18359375 0.125 0.125
3 0.234375 0.7890625 0.125 0.125
3 0.24609375 0.66015625 0.125 0.125
3 0.24609375 0.73046875 0.125 0.125
3 0.2578125 0.59765625 0.125 0.125
1 0.24609375 0.9453125 0.125 0.125
1 0.2578125 0.54296875 0.125 0.125
4 0.6171875 0.921875 0.125 0.125
3 0.77734375 0.59375 0.125 0.125
3 0.6015625 0.99609375 0.125 0.125
3 0.609375 0.52734375 0.125 0.125
3 0.609375 0.859375 0.125 0.125
3 0.62890625 0.65625 0.125 0.125
2 0.76171875 0.8671875 0.125 0.125
2 0.77734375 0.7265625 0.125 0.125
1 0.609375 0.71875 0.125 0.125
1 0.62109375 0.7890625 0.125 0.125
