2 0.30859375 0.15234375 0.125 0.125
2 0.3828125 0.12109375 0.125 0.125
2 0.421875 0.30859375 0.125 0.125
2 0.44140625 0.07421875 0.125 0.125
2 0.48046875 0.2734375 0.125 0.125
1 0.0625 0.359375 0.125 0.125
2 0.515625 0.03515625 0.125 0.125
2 0.53515625 0.23828125 0.125 0.125
2 0.546875 0.453125 0.125 0.125
2 0.60546875 0.20703125 0.125 0.125
2 0.6171875 0.42578125 0.125 0.125
2 0.67578125 0.13671875 0.125 0.125
2 0.67578125 0.38671875 0.125 0.125
2 0.73828125 0.33984375 0.125 0.125
2 0.796875 0.3046875 0.125 0.125
2 0.83984375 0.48828125 0.125 0.125
2 0.85546875 0.2734375 0.125 0.125
2 0.890625 0.453125 0.125 0.125
2 0.9140625 0.21875 0.125 0.125
1 0.73828125 0.09375 0.125 0.125
1 0.80859375 0.046875 0.125 0.125
1 0.8515625 0.01171875 0.125 0.125
1 0.9609375 0.41015625 0.125 0.125
1 0.97265625 0.18359375 0.125 0.125
4 0.00390625 0.78125 0.125 0.125
4 0.06640625 0.75390625 0.125 0.125
1 0.03125 0.58984375 0.125 0.125
1 0.0703125 0.9609375 0.125 0.125
1 0.08984375 0.55078125 0.125 0.125
1 0.11328125 0.69921875 0.125 0.125
1 0.125 0.93359375 0.125 0.125
1 0.140625 0.51171875 0.125 0.125
1 0.171875 0.66015625 0.125 0.125
1 0.18359375 0.89453125 0.125 0.125
1 0.22265625 0.625 0.125 0.125
1 0.23828125 0.859375 0.125 0.125
1 0.29296875 0.8203125 0.125 0.125
1 0.328125 0.9765625 0.125 0.125
1 0.35546875 0.78125 0.125 0.125
1 0.3828125 0.9296875 0.125 0.125
1 0.40234375 0.74609375 0.125 0.125
1 0.44921875 0.90625 0.125 0.125
2 0.640625 0.62890625 0.125 0.125
2 0.7109375 0.58203125 0.125 0.125
2 0.76953125 0.53515625 0.125 0.125
2 0.828125 0.7421875 0.125 0.125
2 0.8828125 0.70703125 0.125 0.125
2 0.9453125 0.88671875 0.125 0.125
2 0.94921875 0.6640625 0.125 0.125
1 0.76171875 0.78125 0.125 0.125
1 0.89453125 0.9453125 0.125 0.125
