4 0.12890625 0.47265625 0.125 0.125
3 0.48046875 0.20703125 0.125 0.125
3 0.48828125 0.41015625 0.125 0.125
3 0.00390625 0.0 0.125 0.125
3 0.1171875 0.20703125 0.125 0.125
3 0.1484375 0.390625 0.125 0.125
4 0.0 0.53515625 0.125 0.125
4 0.49609375 0.609375 0.125 0.125
3 0.1484375 0.734375 0.125 0.125
3 0.484375 0.74609375 0.125 0.125
3 0.48828125 0.80859375 0.125 0.125
3 0.4921875 0.6875 0.125 0.125
3 0.1171875 0.80859375 0.125 0.125
3 0.1328125 0.609375 0.125 0.125
3 0.140625 0.9453125 0.125 0.125
3 0.14453125 0.67578125 0.125 0.125
1 0.1328125 0.87890625 0.125 0.125
1 0.13671875 0.54296875 0.125 0.125
1 0.45703125 0.9453125 0.125 0.125
1 0.484375 0.8828125 0.125 0.125
3 0.9765625 0.88671875 0.125 0.125
2 0.6015625 0.62109375 0.125 0.125
1 0.59375 0.953125 0.125 0.125
1 0.62109375 0.8828125 0.125 0.125
1 0.62890625 0.74609375 0.125 0.125
1 0.98828125 0.76171875 0.125 0.125
