3 0.0 0.08203125 0.125 0.125
3 0.39453125 0.07421875 0.125 0.125
4 0.7578125 0.484375 0.125 0.125
3 0.61328125 0.46875 0.125 0.125
3 0.625 0.3359375 0.125 0.125
3 0.70703125 0.0546875 0.125 0.125
3 0.7109375 0.44921875 0.125 0.125
3 0.86328125 0.4765625 0.125 0.125
2 0.78515625 0.06640625 0.125 0.125
2 0.84765625 0.359375 0.125 0.125
2 0.9453125 0.06640625 0.125 0.125
1 0.52734375 0.046875 0.125 0.125
1 0.63671875 0.078125 0.125 0.125
1 0.77734375 0.3359375 0.125 0.125
1 0.86328125 0.06640625 0.125 0.125
1 0.93359375 0.34765625 0.125 0.125
1 0.921875 0.50390625 0.125 0.125
1 0.9375 0.875 0.125 0.125
1 0.9921875 0.515625 0.125 0.125
