2 0.828125 0.44140625 0.125 0.125
1 0.984375 0.46875 0.125 0.125
4 0.390625 0.70703125 0.125 0.125
3 0.37890625 0.77734375 0.125 0.125
2 0.38671875 0.62890625 0.125 0.125
1 0.37109375 0.92578125 0.125 0.125
4 0.68359375 0.84765625 0.125 0.125
3 0.8125 0.71484375 0.125 0.125
3 0.82421875 0.9921875 0.125 0.125
3 0.67578125 0.78125 0.125 0.125
3 0.6796875 0.9921875 0.125 0.125
2 0.69140625 0.71875 0.125 0.125
1 0.796875 0.78125 0.125 0.125
1 0.8046875 0.921875 0.125 0.125
1 0.8125 0.859375 0.125 0.125
