3 0.02734375 0.19921875 0.125 0.125
3 0.02734375 0.3359375 0.125 0.125
3 0.0390625 0.125 0.125 0.125
1 0.02734375 0.05859375 0.125 0.125
1 0.02734375 0.46875 0.125 0.125
1 0.03515625 0.27734375 0.125 0.125
1 0.0390625 0.38671875 0.125 0.125
4 0.01953125 0.859375 0.125 0.125
3 0.015625 0.65625 0.125 0.125
3 0.02734375 0.73046875 0.125 0.125
2 0.02734375 0.9296875 0.125 0.125
1 0.0234375 0.5390625 0.125 0.125
1 0.02734375 0.796875 0.125 0.125
1 0.03125 0.60546875 0.125 0.125
1 0.25 0.89453125 0.125 0.125
1 0.265625 0.75390625 0.125 0.125
1 0.2734375 0.81640625 0.125 0.125
