3 0.37890625 0.38671875 0.125 0.125
1 0.37109375 0.33203125 0.125 0.125
1 0.37890625 0.453125 0.125 0.125
3 0.8125 0.28515625 0.125 0.125
3 0.97265625 0.28515625 0.125 0.125
1 0.8203125 0.0546875 0.125 0.125
1 0.89453125 0.28515625 0.125 0.125
3 0.37109375 0.6796875 0.125 0.125
3 0.38671875 0.96875 0.125 0.125
3 0.390625 0.53515625 0.125 0.125
1 0.3671875 0.60546875 0.125 0.125
1 0.37109375 0.75390625 0.125 0.125
1 0.37890625 0.8203125 0.125 0.125
1 0.37890625 0.90234375 0.125 0.125
3 0.80078125 0.8359375 0.125 0.125
3 0.88671875 0.6328125 0.125 0.125
3 0.9453125 0.83984375 0.125 0.125
3 0.953125 0.64453125 0.125 0.125
1 0.80859375 0.64453125 0.125 0.125
1 0.8828125 0.8359375 0.125 0.125
