3 0.46875 0.14453125 0.125 0.125
3 0.20703125 0.328125 0.125 0.125
3 0.33203125 0.140625 0.125 0.125
1 0.05859375 0.140625 0.125 0.125
1 0.25390625 0.15234375 0.125 0.125
1 0.39453125 0.1484375 0.125 0.125
4 0.671875 0.1484375 0.125 0.125
3 0.53125 0.15234375 0.125 0.125
3 0.8046875 0.1328125 0.125 0.125
3 0.953125 0.140625 0.125 0.125
2 0.75 0.13671875 0.125 0.125
1 0.609375 0.14453125 0.125 0.125
1 0.88671875 0.15234375 0.125 0.125
3 0.05078125 0.7109375 0.125 0.125
2 0.328125 0.71875 0.125 0.125
1 0.12109375 0.71875 0.125 0.125
1 0.71875 0.66796875 0.125 0.125
