4 0.56640625 0.01953125 0.125 0.125
4 0.8984375 0.44921875 0.125 0.125
3 0.53125 0.3046875 0.125 0.125
3 0.546875 0.23046875 0.125 0.125
3 0.55859375 0.15625 0.125 0.125
3 0.890625 0.2421875 0.125 0.125
3 0.90234375 0.17578125 0.125 0.125
3 0.90234375 0.30859375 0.125 0.125
1 0.5390625 0.37109375 0.125 0.125
1 0.5390625 0.44921875 0.125 0.125
1 0.56640625 0.0859375 0.125 0.125
1 0.8828125 0.0859375 0.125 0.125
1 0.89453125 0.01171875 0.125 0.125
1 0.90625 0.3828125 0.125 0.125
4 0.546875 0.59375 0.125 0.125
4 0.90625 0.73046875 0.125 0.125
4 0.90625 0.86328125 0.125 0.125
3 0.53125 0.94921875 0.125 0.125
3 0.53515625 0.51953125 0.125 0.125
3 0.54296875 0.7265625 0.125 0.125
3 0.90234375 0.5859375 0.125 0.125
3 0.90625 0.80859375 0.125 0.125
3 0.91015625 0.65625 0.125 0.125
2 0.53125 0.80078125 0.125 0.125
1 0.53125 0.87109375 0.125 0.125
1 0.546875 0.66015625 0.125 0.125
1 0.8984375 0.515625 0.125 0.125
