3 0.01953125 0.38671875 0.125 0.125
3 0.08203125 0.37890625 0.125 0.125
3 0.1484375 0.37109375 0.125 0.125
3 0.3671875 0.34765625 0.125 0.125
2 0.4453125 0.34375 0.125 0.125
3 0.58203125 0.30078125 0.125 0.125
3 0.65234375 0.2890625 0.125 0.125
1 0.51953125 0.3359375 0.125 0.125
1 0.9609375 0.453125 0.125 0.125
1 0.96875 0.3828125 0.125 0.125
4 0.29296875 0.74609375 0.125 0.125
3 0.140625 0.734375 0.125 0.125
3 0.14453125 0.88671875 0.125 0.125
3 0.2109375 0.890625 0.125 0.125
3 0.27734375 0.875 0.125 0.125
3 0.3984375 0.72265625 0.125 0.125
3 0.4453125 0.84765625 0.125 0.125
2 0.203125 0.7421875 0.125 0.125
1 0.0546875 0.8671875 0.125 0.125
1 0.0703125 0.734375 0.125 0.125
1 0.37890625 0.88671875 0.125 0.125
1 0.453125 0.6875 0.125 0.125
4 0.52734375 0.66015625 0.125 0.125
4 0.60546875 0.66015625 0.125 0.125
1 0.65234375 0.62109375 0.125 0.125
1 0.98046875 0.6640625 0.125 0.125
