4 0.265625 0.296875 0.125 0.125
3 0.00390625 0.26953125 0.125 0.125
3 0.140625 0.03515625 0.125 0.125
3 0.16015625 0.390625 0.125 0.125
3 0.171875 0.296875 0.125 0.125
3 0.24609375 0.3984375 0.125 0.125
3 0.2578125 0.0703125 0.125 0.125
2 0.40234375 0.3671875 0.125 0.125
1 0.0703125 0.26171875 0.125 0.125
1 0.078125 0.390625 0.125 0.125
1 0.3515625 0.42578125 0.125 0.125
4 0.31640625 0.75390625 0.125 0.125
4 0.4765625 0.76953125 0.125 0.125
3 0.140625 0.640625 0.125 0.125
3 0.23046875 0.6328125 0.125 0.125
3 0.30859375 0.6328125 0.125 0.125
3 0.38671875 0.6328125 0.125 0.125
3 0.4765625 0.6328125 0.125 0.125
1 0.0546875 0.6484375 0.125 0.125
1 0.06640625 0.74609375 0.125 0.125
1 0.14453125 0.76171875 0.125 0.125
1 0.21875 0.765625 0.125 0.125
1 0.39453125 0.76953125 0.125 0.125
3 0.62890625 0.6328125 0.125 0.125
3 0.6796875 0.73046875 0.125 0.125
3 0.78515625 0.734375 0.125 0.125
3 0.54296875 0.640625 0.125 0.125
3 0.578125 0.75390625 0.125 0.125
2 0.74609375 0.99609375 0.125 0.125
