3 0.0859375 0.3125 0.125 0.125
3 0.08984375 0.4453125 0.125 0.125
3 0.40625 0.37890625 0.125 0.125
3 0.41015625 0.44921875 0.125 0.125
3 0.421875 0.03515625 0.125 0.125
3 0.421875 0.30859375 0.125 0.125
1 0.41796875 0.18359375 0.125 0.125
1 0.4296875 0.2421875 0.125 0.125
3 0.55078125 0.11328125 0.125 0.125
3 0.55859375 0.03515625 0.125 0.125
3 0.55859375 0.18359375 0.125 0.125
3 0.5625 0.45703125 0.125 0.125
3 0.875 0.26171875 0.125 0.125
2 0.8671875 0.390625 0.125 0.125
1 0.87890625 0.1171875 0.125 0.125
1 0.5546875 0.3828125 0.125 0.125
3 0.0703125 0.51953125 0.125 0.125
3 0.0859375 0.79296875 0.125 0.125
3 0.08984375 0.8671875 0.125 0.125
3 0.40625 0.58984375 0.125 0.125
3 0.4140625 0.7265625 0.125 0.125
3 0.4140625 0.80078125 0.125 0.125
3 0.41796875 0.5234375 0.125 0.125
1 0.078125 0.65625 0.125 0.125
1 0.0859375 0.734375 0.125 0.125
1 0.41015625 0.66015625 0.125 0.125
3 0.53125 0.86328125 0.125 0.125
3 0.5546875 0.66015625 0.125 0.125
3 0.5703125 0.79296875 0.125 0.125
3 0.859375 0.52734375 0.125 0.125
3 0.87890625 0.66796875 0.125 0.125
1 0.85546875 0.8046875 0.125 0.125
1 0.87109375 0.8828125 0.125 0.125
1 0.875 0.609375 0.125 0.125
1 0.5390625 0.73046875 0.125 0.125
1 0.55078125 0.58984375 0.125 0.125
