3 0.4453125 0.28515625 0.125 0.125
2 0.2890625 0.44140625 0.125 0.125
4 0.61328125 0.140625 0.125 0.125
2 0.6640625 0.25390625 0.125 0.125
1 0.5625 0.27734375 0.125 0.125
1 0.8671875 0.46875 0.125 0.125
1 0.9296875 0.46875 0.125 0.125
4 0.44921875 0.52734375 0.125 0.125
3 0.40234375 0.69140625 0.125 0.125
3 0.4765625 0.68359375 0.125 0.125
1 0.30078125 0.5859375 0.125 0.125
1 0.37109375 0.53125 0.125 0.125
4 0.62109375 0.82421875 0.125 0.125
4 0.6796875 0.796875 0.125 0.125
4 0.765625 0.8046875 0.125 0.125
4 0.8203125 0.94921875 0.125 0.125
3 0.53125 0.82421875 0.125 0.125
3 0.53125 0.9921875 0.125 0.125
3 0.55078125 0.66015625 0.125 0.125
3 0.609375 0.984375 0.125 0.125
3 0.6171875 0.6484375 0.125 0.125
3 0.703125 0.65234375 0.125 0.125
1 0.6953125 0.984375 0.125 0.125
1 0.76171875 0.96875 0.125 0.125
1 0.8515625 0.6328125 0.125 0.125
1 0.91015625 0.78125 0.125 0.125
1 0.92578125 0.609375 0.125 0.125
