3 0.0390625 0.40625 0.125 0.125
3 0.11328125 0.42578125 0.125 0.125
3 0.26171875 0.4296875 0.125 0.125
1 0.15234375 0.046875 0.125 0.125
1 0.1953125 0.421875 0.125 0.125
1 0.34375 0.41796875 0.125 0.125
4 0.6640625 0.359375 0.125 0.125
3 0.66015625 0.4375 0.125 0.125
3 0.6640625 0.29296875 0.125 0.125
3 0.87109375 0.4375 0.125 0.125
3 0.890625 0.015625 0.125 0.125
2 0.6640625 0.1484375 0.125 0.125
2 0.828125 0.01953125 0.125 0.125
2 0.87109375 0.37109375 0.125 0.125
1 0.6953125 0.2265625 0.125 0.125
1 0.875 0.30078125 0.125 0.125
1 0.609375 0.015625 0.125 0.125
1 0.6875 0.015625 0.125 0.125
1 0.046875 0.55859375 0.125 0.125
1 0.2734375 0.5703125 0.125 0.125
3 0.64453125 0.50390625 0.125 0.125
3 0.6484375 0.58203125 0.125 0.125
3 0.65234375 0.64453125 0.125 0.125
1 0.84765625 0.9921875 0.125 0.125
1 0.63671875 0.71484375 0.125 0.125
1 0.64453125 0.8671875 0.125 0.125
1 0.6484375 0.80078125 0.125 0.125
