4 0.08984375 0.44921875 0.125 0.125
3 0.01953125 0.44921875 0.125 0.125
3 0.0234375 0.3046875 0.125 0.125
3 0.1015625 0.30078125 0.125 0.125
3 0.16796875 0.43359375 0.125 0.125
2 0.23046875 0.296875 0.125 0.125
1 0.1640625 0.296875 0.125 0.125
3 0.52734375 0.109375 0.125 0.125
3 0.52734375 0.31640625 0.125 0.125
3 0.52734375 0.38671875 0.125 0.125
3 0.52734375 0.453125 0.125 0.125
3 0.53125 0.0390625 0.125 0.125
2 0.66796875 0.4453125 0.125 0.125
1 0.51953125 0.1796875 0.125 0.125
1 0.52734375 0.25390625 0.125 0.125
1 0.66796875 0.17578125 0.125 0.125
1 0.6796875 0.3125 0.125 0.125
3 0.01171875 0.859375 0.125 0.125
3 0.02734375 0.72265625 0.125 0.125
3 0.171875 0.72265625 0.125 0.125
3 0.23046875 0.87890625 0.125 0.125
1 0.15625 0.8671875 0.125 0.125
4 0.6875 0.515625 0.125 0.125
3 0.52734375 0.5859375 0.125 0.125
3 0.52734375 0.71484375 0.125 0.125
3 0.66796875 0.72265625 0.125 0.125
3 0.6796875 0.65234375 0.125 0.125
2 0.98828125 0.98828125 0.125 0.125
1 0.98046875 0.890625 0.125 0.125
1 0.52734375 0.6484375 0.125 0.125
1 0.53125 0.51953125 0.125 0.125
1 0.67578125 0.8671875 0.125 0.125
