4 0.32421875 0.125 0.125 0.125
4 0.37890625 0.2578125 0.125 0.125
4 0.38671875 0.09765625 0.125 0.125
4 0.453125 0.046875 0.125 0.125
3 0.25390625 0.15625 0.125 0.125
3 0.3125 0.296875 0.125 0.125
3 0.43359375 0.234375 0.125 0.125
2 0.015625 0.08984375 0.125 0.125
2 0.0234375 0.28515625 0.125 0.125
2 0.0703125 0.2421875 0.125 0.125
2 0.140625 0.2109375 0.125 0.125
2 0.375 0.46875 0.125 0.125
1 0.01171875 0.39453125 0.125 0.125
1 0.07421875 0.375 0.125 0.125
1 0.1328125 0.36328125 0.125 0.125
1 0.19921875 0.33984375 0.125 0.125
1 0.25 0.48046875 0.125 0.125
4 0.59375 0.0 0.125 0.125
4 0.7109375 0.328125 0.125 0.125
4 0.8359375 0.43359375 0.125 0.125
3 0.51171875 0.19921875 0.125 0.125
3 0.5234375 0.03125 0.125 0.125
3 0.57421875 0.1640625 0.125 0.125
3 0.58203125 0.3828125 0.125 0.125
3 0.6484375 0.1328125 0.125 0.125
3 0.6484375 0.35546875 0.125 0.125
3 0.70703125 0.109375 0.125 0.125
3 0.7578125 0.453125 0.125 0.125
3 0.78125 0.0703125 0.125 0.125
3 0.84765625 0.04296875 0.125 0.125
3 0.8984375 0.4140625 0.125 0.125
3 0.96484375 0.38671875 0.125 0.125
3 0.43359375 0.60546875 0.125 0.125
1 0.203125 0.51171875 0.125 0.125
4 0.50390625 0.57421875 0.125 0.125
4 0.57421875 0.55859375 0.125 0.125
4 0.6484375 0.5390625 0.125 0.125
