4 0.41796875 0.1171875 0.125 0.125
4 0.44140625 0.0078125 0.125 0.125
4 0.453125 0.484375 0.125 0.125
2 0.125 0.25390625 0.125 0.125
1 0.890625 0.078125 0.125 0.125
1 0.94921875 0.25390625 0.125 0.125
3 0.01171875 0.7265625 0.125 0.125
3 0.01171875 0.78125 0.125 0.125
3 0.01171875 0.84765625 0.125 0.125
3 0.015625 0.90234375 0.125 0.125
3 0.0234375 0.9765625 0.125 0.125
3 0.03125 0.5703125 0.125 0.125
3 0.15625 0.7734375 0.125 0.125
3 0.1640625 0.8359375 0.125 0.125
3 0.1640625 0.89453125 0.125 0.125
3 0.16796875 0.97265625 0.125 0.125
3 0.29296875 0.75390625 0.125 0.125
3 0.3046875 0.82421875 0.125 0.125
3 0.30859375 0.94140625 0.125 0.125
3 0.3125 0.87890625 0.125 0.125
3 0.40625 0.6953125 0.125 0.125
3 0.4296875 0.75390625 0.125 0.125
3 0.4296875 0.8125 0.125 0.125
3 0.4375 0.99609375 0.125 0.125
3 0.44140625 0.94140625 0.125 0.125
3 0.4453125 0.875 0.125 0.125
1 0.1640625 0.65234375 0.125 0.125
1 0.28125 0.64453125 0.125 0.125
1 0.2890625 0.70703125 0.125 0.125
4 0.546875 0.7421875 0.125 0.125
3 0.5703125 0.8671875 0.125 0.125
3 0.58203125 0.92578125 0.125 0.125
3 0.5859375 0.8125 0.125 0.125
3 0.5859375 0.98046875 0.125 0.125
3 0.6796875 0.7890625 0.125 0.125
