4 0.17578125 0.32421875 0.125 0.125
3 0.0234375 0.328125 0.125 0.125
3 0.0234375 0.4609375 0.125 0.125
3 0.1015625 0.328125 0.125 0.125
3 0.1015625 0.45703125 0.125 0.125
3 0.16796875 0.45703125 0.125 0.125
3 0.30859375 0.33984375 0.125 0.125
3 0.30859375 0.46484375 0.125 0.125
2 0.24609375 0.30078125 0.125 0.125
1 0.234375 0.48046875 0.125 0.125
3 0.609375 0.15625 0.125 0.125
3 0.6171875 0.0078125 0.125 0.125
3 0.6171875 0.22265625 0.125 0.125
3 0.01171875 0.9921875 0.125 0.125
3 0.296875 0.83203125 0.125 0.125
1 0.2890625 0.9921875 0.125 0.125
3 0.60546875 0.51171875 0.125 0.125
1 0.5859375 0.93359375 0.125 0.125
1 0.59765625 0.85546875 0.125 0.125
1 0.60546875 0.62890625 0.125 0.125
1 0.61328125 0.72265625 0.125 0.125
