3 0.03125 0.1015625 0.125 0.125
3 0.03515625 0.47265625 0.125 0.125
3 0.1015625 0.09765625 0.125 0.125
3 0.1796875 0.09375 0.125 0.125
3 0.25 0.4609375 0.125 0.125
3 0.3203125 0.47265625 0.125 0.125
3 0.328125 0.09765625 0.125 0.125
3 0.390625 0.48046875 0.125 0.125
3 0.45703125 0.0859375 0.125 0.125
3 0.46484375 0.4609375 0.125 0.125
2 0.10546875 0.47265625 0.125 0.125
1 0.17578125 0.46484375 0.125 0.125
1 0.265625 0.10546875 0.125 0.125
1 0.40234375 0.09375 0.125 0.125
3 0.609375 0.46875 0.125 0.125
3 0.6796875 0.109375 0.125 0.125
3 0.6796875 0.453125 0.125 0.125
3 0.75390625 0.11328125 0.125 0.125
3 0.75390625 0.47265625 0.125 0.125
3 0.82421875 0.4609375 0.125 0.125
3 0.88671875 0.46484375 0.125 0.125
1 0.52734375 0.09375 0.125 0.125
1 0.54296875 0.47265625 0.125 0.125
1 0.6015625 0.0859375 0.125 0.125
1 0.83203125 0.109375 0.125 0.125
1 0.890625 0.1171875 0.125 0.125
4 0.09765625 0.6796875 0.125 0.125
3 0.171875 0.67578125 0.125 0.125
3 0.31640625 0.66796875 0.125 0.125
3 0.3984375 0.68359375 0.125 0.125
1 0.03125 0.6796875 0.125 0.125
1 0.45703125 0.6796875 0.125 0.125
3 0.671875 0.69921875 0.125 0.125
3 0.74609375 0.6796875 0.125 0.125
3 0.8984375 0.69921875 0.125 0.125
1 0.52734375 0.6875 0.125 0.125
1 0.6015625 0.6796875 0.125 0.125
1 0.82421875 0.703125 0.125 0.125
