4 0.14453125 0.41796875 0.125 0.125
3 0.12890625 0.4921875 0.125 0.125
3 0.14453125 0.34375 0.125 0.125
3 0.48046875 0.30859375 0.125 0.125
1 0.12890625 0.21875 0.125 0.125
1 0.1328125 0.08203125 0.125 0.125
1 0.13671875 0.28125 0.125 0.125
1 0.48828125 0.23828125 0.125 0.125
1 0.4921875 0.37890625 0.125 0.125
3 0.5 0.1640625 0.125 0.125
3 0.51953125 0.0234375 0.125 0.125
1 0.5 0.09375 0.125 0.125
3 0.1328125 0.82421875 0.125 0.125
3 0.13671875 0.55859375 0.125 0.125
3 0.13671875 0.62109375 0.125 0.125
3 0.140625 0.95703125 0.125 0.125
3 0.15234375 0.69140625 0.125 0.125
1 0.1328125 0.7578125 0.125 0.125
1 0.48828125 0.65234375 0.125 0.125
3 0.5 0.71875 0.125 0.125
3 0.5 0.796875 0.125 0.125
1 0.5 0.859375 0.125 0.125
1 0.5 0.92578125 0.125 0.125
1 0.5 0.984375 0.125 0.125
1 0.9375 0.87890625 0.125 0.125
