3 0.01171875 0.2265625 0.125 0.125
3 0.01171875 0.28125 0.125 0.125
3 0.01171875 0.34765625 0.125 0.125
3 0.015625 0.40234375 0.125 0.125
3 0.0234375 0.4765625 0.125 0.125
3 0.03125 0.0703125 0.125 0.125
3 0.15625 0.2734375 0.125 0.125
3 0.1640625 0.3359375 0.125 0.125
3 0.1640625 0.39453125 0.125 0.125
3 0.16796875 0.47265625 0.125 0.125
3 0.29296875 0.25390625 0.125 0.125
3 0.3046875 0.32421875 0.125 0.125
3 0.30859375 0.44140625 0.125 0.125
3 0.3125 0.37890625 0.125 0.125
3 0.40625 0.1953125 0.125 0.125
3 0.4296875 0.25390625 0.125 0.125
3 0.4296875 0.3125 0.125 0.125
3 0.4375 0.49609375 0.125 0.125
3 0.44140625 0.44140625 0.125 0.125
3 0.4453125 0.375 0.125 0.125
1 0.1640625 0.15234375 0.125 0.125
1 0.28125 0.14453125 0.125 0.125
1 0.2890625 0.20703125 0.125 0.125
4 0.546875 0.2421875 0.125 0.125
3 0.5703125 0.3671875 0.125 0.125
3 0.58203125 0.42578125 0.125 0.125
3 0.5859375 0.3125 0.125 0.125
3 0.5859375 0.48046875 0.125 0.125
3 0.6796875 0.2890625 0.125 0.125
3 0.0234375 0.53125 0.125 0.125
3 0.05859375 0.89453125 0.125 0.125
3 0.1015625 0.796875 0.125 0.125
3 0.171875 0.5234375 0.125 0.125
3 0.23828125 0.90234375 0.125 0.125
3 0.3046875 0.5078125 0.125 0.125
3 0.4609375 0.734375 0.125 0.125
3 0.48046875 0.78515625 0.125 0.125
3 0.76171875 0.8359375 0.125 0.125
1 0.62890625 0.8359375 0.125 0.125
