1 0.13671875 0.05078125 0.125 0.125
1 0.44140625 0.3125 0.125 0.125
1 0.6640625 0.05078125 0.125 0.125
4 0.10546875 0.8515625 0.125 0.125
3 0.27734375 0.52734375 0.125 0.125
3 0.3203125 0.8515625 0.125 0.125
3 0.35546875 0.5390625 0.125 0.125
3 0.03125 0.84375 0.125 0.125
3 0.17578125 0.8515625 0.125 0.125
1 0.06640625 0.53125 0.125 0.125
1 0.14453125 0.5234375 0.125 0.125
1 0.21484375 0.53125 0.125 0.125
1 0.25 0.8515625 0.125 0.125
4 0.609375 0.5234375 0.125 0.125
3 0.5546875 0.53125 0.125 0.125
3 0.59765625 0.84765625 0.125 0.125
3 0.984375 0.5390625 0.125 0.125
2 0.7421875 0.87109375 0.125 0.125
2 0.96875 0.87109375 0.125 0.125
1 0.66796875 0.84375 0.125 0.125
1 0.69140625 0.515625 0.125 0.125
1 0.76171875 0.53125 0.125 0.125
1 0.81640625 0.8671875 0.125 0.125
1 0.828125 0.55078125 0.125 0.125
1 0.88671875 0.85546875 0.125 0.125
1 0.91796875 0.5234375 0.125 0.125
