3 0.40234375 0.16796875 0.125 0.125
3 0.46875 0.16796875 0.125 0.125
2 0.19140625 0.3125 0.125 0.125
2 0.4765625 0.3203125 0.125 0.125
1 0.10546875 0.30859375 0.125 0.125
1 0.11328125 0.171875 0.125 0.125
1 0.17578125 0.17578125 0.125 0.125
1 0.2578125 0.171875 0.125 0.125
1 0.33203125 0.3359375 0.125 0.125
1 0.33984375 0.1796875 0.125 0.125
1 0.40234375 0.3203125 0.125 0.125
1 0.0390625 0.3203125 0.125 0.125
4 0.91015625 0.1484375 0.125 0.125
3 0.92578125 0.2734375 0.125 0.125
3 0.94140625 0.48046875 0.125 0.125
3 0.94921875 0.41015625 0.125 0.125
3 0.54296875 0.16796875 0.125 0.125
1 0.92578125 0.34375 0.125 0.125
3 0.1171875 0.640625 0.125 0.125
3 0.12109375 0.73828125 0.125 0.125
3 0.18359375 0.62109375 0.125 0.125
3 0.4609375 0.73046875 0.125 0.125
1 0.32421875 0.61328125 0.125 0.125
1 0.41015625 0.62109375 0.125 0.125
1 0.05078125 0.640625 0.125 0.125
3 0.921875 0.70703125 0.125 0.125
3 0.92578125 0.78125 0.125 0.125
3 0.58984375 0.73828125 0.125 0.125
3 0.6796875 0.62890625 0.125 0.125
2 0.92578125 0.6328125 0.125 0.125
2 0.9453125 0.859375 0.125 0.125
1 0.91796875 0.93359375 0.125 0.125
1 0.92578125 0.5625 0.125 0.125
