4 0.28125 0.0859375 0.125 0.125
4 0.3359375 0.21484375 0.125 0.125
4 0.4140625 0.1953125 0.125 0.125
4 0.47265625 0.1640625 0.125 0.125
3 0.34765625 0.0625 0.125 0.125
3 0.39453125 0.42578125 0.125 0.125
3 0.41796875 0.03125 0.125 0.125
3 0.46875 0.39453125 0.125 0.125
3 0.484375 0.00390625 0.125 0.125
1 0.03515625 0.36328125 0.125 0.125
4 0.54296875 0.14453125 0.125 0.125
3 0.5390625 0.3671875 0.125 0.125
3 0.59765625 0.34375 0.125 0.125
3 0.6015625 0.09765625 0.125 0.125
3 0.65625 0.48046875 0.125 0.125
3 0.6640625 0.3203125 0.125 0.125
3 0.66796875 0.07421875 0.125 0.125
3 0.72265625 0.44921875 0.125 0.125
3 0.73046875 0.05078125 0.125 0.125
3 0.7421875 0.28125 0.125 0.125
3 0.7890625 0.42578125 0.125 0.125
3 0.79296875 0.00390625 0.125 0.125
3 0.80078125 0.26171875 0.125 0.125
3 0.8515625 0.39453125 0.125 0.125
3 0.8671875 0.22265625 0.125 0.125
3 0.921875 0.36328125 0.125 0.125
3 0.94921875 0.19140625 0.125 0.125
3 0.99609375 0.34375 0.125 0.125
3 0.5234375 0.5390625 0.125 0.125
3 0.578125 0.5 0.125 0.125
