2 0.23046875 0.53125 0.125 0.125
2 0.4765625 0.90234375 0.125 0.125
3 0.046875 0.90234375 0.125 0.125
3 0.1171875 0.91015625 0.125 0.125
3 0.15625 0.546875 0.125 0.125
3 0.1875 0.8828125 0.125 0.125
3 0.29296875 0.5390625 0.125 0.125
3 0.40234375 0.91015625 0.125 0.125
1 0.01171875 0.54296875 0.125 0.125
1 0.08203125 0.54296875 0.125 0.125
1 0.2578125 0.89453125 0.125 0.125
1 0.328125 0.89453125 0.125 0.125
1 0.3671875 0.53515625 0.125 0.125
1 0.43359375 0.5546875 0.125 0.125
2 0.6875 0.90234375 0.125 0.125
2 0.7265625 0.54296875 0.125 0.125
2 0.9765625 0.8984375 0.125 0.125
3 0.5078125 0.546875 0.125 0.125
3 0.55078125 0.91796875 0.125 0.125
3 0.65625 0.546875 0.125 0.125
3 0.76171875 0.91015625 0.125 0.125
3 0.8359375 0.8984375 0.125 0.125
3 0.91015625 0.91015625 0.125 0.125
1 0.58203125 0.54296875 0.125 0.125
1 0.62109375 0.90234375 0.125 0.125
1 0.80078125 0.546875 0.125 0.125
1 0.8671875 0.55078125 0.125 0.125
1 0.9453125 0.5546875 0.125 0.125
