4 0.28125 0.28125 0.125 0.125
3 0.140625 0.01171875 0.125 0.125
3 0.46484375 0.203125 0.125 0.125
3 0.49609375 0.09765625 0.125 0.125
1 0.32421875 0.359375 0.125 0.125
3 0.94140625 0.37109375 0.125 0.125
3 0.50390625 0.00390625 0.125 0.125
1 0.4453125 0.83984375 0.125 0.125
4 0.58203125 0.85546875 0.125 0.125
3 0.78125 0.85546875 0.125 0.125
3 0.78515625 0.7109375 0.125 0.125
3 0.91796875 0.72265625 0.125 0.125
3 0.5078125 0.8359375 0.125 0.125
3 0.51171875 0.6953125 0.125 0.125
3 0.5703125 0.703125 0.125 0.125
3 0.64453125 0.72265625 0.125 0.125
3 0.70703125 0.84765625 0.125 0.125
2 0.9921875 0.734375 0.125 0.125
1 0.65234375 0.8515625 0.125 0.125
1 0.84765625 0.84765625 0.125 0.125
1 0.8515625 0.7109375 0.125 0.125
1 0.91796875 0.875 0.125 0.125
1 0.98828125 0.8671875 0.125 0.125
