3 0.01953125 0.38671875 0.125 0.125
3 0.06640625 0.3671875 0.125 0.125
2 0.46484375 0.02734375 0.125 0.125
1 0.390625 0.4765625 0.125 0.125
1 0.46484375 0.46484375 0.125 0.125
3 0.99609375 0.109375 0.125 0.125
2 0.51953125 0.4453125 0.125 0.125
2 0.70703125 0.2265625 0.125 0.125
2 0.7109375 0.37109375 0.125 0.125
2 0.77734375 0.20703125 0.125 0.125
2 0.94140625 0.13671875 0.125 0.125
1 0.51953125 0.0 0.125 0.125
1 0.56640625 0.42578125 0.125 0.125
1 0.625 0.39453125 0.125 0.125
1 0.74609375 0.05078125 0.125 0.125
1 0.76953125 0.33984375 0.125 0.125
1 0.7734375 0.4765625 0.125 0.125
1 0.8046875 0.0390625 0.125 0.125
1 0.81640625 0.453125 0.125 0.125
1 0.83203125 0.17578125 0.125 0.125
1 0.83203125 0.31640625 0.125 0.125
1 0.85546875 0.01171875 0.125 0.125
1 0.87890625 0.28125 0.125 0.125
1 0.8828125 0.44140625 0.125 0.125
1 0.88671875 0.1484375 0.125 0.125
1 0.9296875 0.26953125 0.125 0.125
1 0.9375 0.4140625 0.125 0.125
1 0.9765625 0.38671875 0.125 0.125
1 0.984375 0.25390625 0.125 0.125
3 0.01953125 0.7890625 0.125 0.125
3 0.02734375 0.51953125 0.125 0.125
3 0.02734375 0.640625 0.125 0.125
3 0.03515625 0.93359375 0.125 0.125
3 0.08203125 0.78125 0.125 0.125
3 0.0859375 0.50390625 0.125 0.125
3 0.09375 0.91015625 0.125 0.125
3 0.12890625 0.765625 0.125 0.125
3 0.1484375 0.62109375 0.125 0.125
3 0.15625 0.8984375 0.125 0.125
3 0.21875 0.890625 0.125 0.125
1 0.0859375 0.63671875 0.125 0.125
1 0.48828125 0.6015625 0.125 0.125
3 0.578125 0.9609375 0.125 0.125
3 0.6328125 0.9375 0.125 0.125
3 0.74609375 0.8984375 0.125 0.125
3 0.80078125 0.88671875 0.125 0.125
3 0.84765625 0.8671875 0.125 0.125
3 0.89453125 0.99609375 0.125 0.125
3 0.90625 0.859375 0.125 0.125
3 0.95703125 0.8359375 0.125 0.125
3 0.95703125 0.9765625 0.125 0.125
3 0.52734375 0.98046875 0.125 0.125
1 0.5390625 0.5625 0.125 0.125
1 0.59375 0.5546875 0.125 0.125
1 0.6484375 0.52734375 0.125 0.125
1 0.69140625 0.921875 0.125 0.125
1 0.70703125 0.51953125 0.125 0.125
1 0.85546875 0.58984375 0.125 0.125
1 0.921875 0.57421875 0.125 0.125
1 0.96875 0.546875 0.125 0.125
