3 0.8359375 0.0546875 0.125 0.125
3 0.8515625 0.14453125 0.125 0.125
1 0.9609375 0.3203125 0.125 0.125
1 0.859375 0.23828125 0.125 0.125
2 0.09765625 0.54296875 0.125 0.125
2 0.17578125 0.5625 0.125 0.125
2 0.3984375 0.56640625 0.125 0.125
1 0.12109375 0.9609375 0.125 0.125
1 0.2578125 0.57421875 0.125 0.125
1 0.33203125 0.58984375 0.125 0.125
3 0.5390625 0.5625 0.125 0.125
3 0.69140625 0.5390625 0.125 0.125
3 0.9609375 0.6484375 0.125 0.125
1 0.89453125 0.625 0.125 0.125
1 0.8203125 0.61328125 0.125 0.125
