4 0.29296875 0.10546875 0.125 0.125
4 0.33984375 0.0703125 0.125 0.125
4 0.44140625 0.4375 0.125 0.125
2 0.39453125 0.47265625 0.125 0.125
2 0.4921875 0.39453125 0.125 0.125
2 0.02734375 0.3046875 0.125 0.125
2 0.03125 0.1015625 0.125 0.125
2 0.078125 0.0625 0.125 0.125
2 0.125 0.45703125 0.125 0.125
2 0.13671875 0.03125 0.125 0.125
2 0.17578125 0.41796875 0.125 0.125
2 0.2265625 0.37890625 0.125 0.125
2 0.2890625 0.34765625 0.125 0.125
1 0.0859375 0.265625 0.125 0.125
1 0.13671875 0.2265625 0.125 0.125
1 0.1953125 0.19140625 0.125 0.125
1 0.2421875 0.15234375 0.125 0.125
1 0.34375 0.31640625 0.125 0.125
1 0.40234375 0.28125 0.125 0.125
1 0.40625 0.0390625 0.125 0.125
1 0.453125 0.234375 0.125 0.125
2 0.80859375 0.15234375 0.125 0.125
2 0.8828125 0.12109375 0.125 0.125
2 0.921875 0.30859375 0.125 0.125
2 0.94140625 0.07421875 0.125 0.125
2 0.98046875 0.2734375 0.125 0.125
1 0.5625 0.359375 0.125 0.125
4 0.10546875 0.87890625 0.125 0.125
4 0.25390625 0.9765625 0.125 0.125
4 0.26171875 0.77734375 0.125 0.125
2 0.36328125 0.6953125 0.125 0.125
2 0.36328125 0.90625 0.125 0.125
2 0.00390625 0.75 0.125 0.125
2 0.046875 0.91796875 0.125 0.125
2 0.05078125 0.71484375 0.125 0.125
2 0.1015625 0.66796875 0.125 0.125
2 0.15625 0.85546875 0.125 0.125
2 0.1640625 0.62890625 0.125 0.125
2 0.203125 0.8125 0.125 0.125
2 0.2109375 0.58984375 0.125 0.125
2 0.27734375 0.55078125 0.125 0.125
2 0.31640625 0.7421875 0.125 0.125
2 0.328125 0.51171875 0.125 0.125
1 0.015625 0.55078125 0.125 0.125
1 0.078125 0.5078125 0.125 0.125
1 0.30859375 0.9453125 0.125 0.125
1 0.3984375 0.87109375 0.125 0.125
1 0.41796875 0.6640625 0.125 0.125
1 0.4609375 0.83203125 0.125 0.125
1 0.47265625 0.625 0.125 0.125
4 0.50390625 0.78125 0.125 0.125
4 0.56640625 0.75390625 0.125 0.125
1 0.53125 0.58984375 0.125 0.125
1 0.5703125 0.9609375 0.125 0.125
1 0.58984375 0.55078125 0.125 0.125
1 0.61328125 0.69921875 0.125 0.125
1 0.625 0.93359375 0.125 0.125
1 0.640625 0.51171875 0.125 0.125
1 0.671875 0.66015625 0.125 0.125
1 0.68359375 0.89453125 0.125 0.125
1 0.72265625 0.625 0.125 0.125
1 0.73828125 0.859375 0.125 0.125
1 0.79296875 0.8203125 0.125 0.125
1 0.828125 0.9765625 0.125 0.125
1 0.85546875 0.78125 0.125 0.125
1 0.8828125 0.9296875 0.125 0.125
1 0.90234375 0.74609375 0.125 0.125
1 0.94921875 0.90625 0.125 0.125
