1 0.4453125 0.140625 0.125 0.125
4 0.8984375 0.30859375 0.125 0.125
4 0.90234375 0.23828125 0.125 0.125
3 0.5859375 0.046875 0.125 0.125
3 0.58984375 0.3046875 0.125 0.125
3 0.89453125 0.171875 0.125 0.125
1 0.58984375 0.18359375 0.125 0.125
1 0.58984375 0.44140625 0.125 0.125
1 0.89453125 0.046875 0.125 0.125
1 0.8984375 0.1171875 0.125 0.125
3 0.09375 0.71875 0.125 0.125
1 0.09375 0.9375 0.125 0.125
1 0.10546875 0.99609375 0.125 0.125
4 0.69921875 0.99609375 0.125 0.125
3 0.53515625 0.9296875 0.125 0.125
1 0.7109375 0.93359375 0.125 0.125
1 0.93359375 0.9375 0.125 0.125
