4 0.015625 0.20703125 0.125 0.125
4 0.15234375 0.07421875 0.125 0.125
4 0.171875 0.33984375 0.125 0.125
4 0.28515625 0.1484375 0.125 0.125
4 0.2890625 0.203125 0.125 0.125
3 0.14453125 0.13671875 0.125 0.125
3 0.15234375 0.19921875 0.125 0.125
3 0.1640625 0.41796875 0.125 0.125
3 0.0 0.28515625 0.125 0.125
3 0.00390625 0.08203125 0.125 0.125
3 0.015625 0.140625 0.125 0.125
3 0.03515625 0.41015625 0.125 0.125
1 0.01953125 0.49609375 0.125 0.125
4 0.03515625 0.77734375 0.125 0.125
4 0.30078125 0.60546875 0.125 0.125
4 0.30859375 0.671875 0.125 0.125
3 0.1875 0.875 0.125 0.125
3 0.1875 0.9453125 0.125 0.125
3 0.03515625 0.59375 0.125 0.125
3 0.0546875 0.9453125 0.125 0.125
3 0.66015625 0.9140625 0.125 0.125
