3 0.06640625 0.3515625 0.125 0.125
3 0.07421875 0.484375 0.125 0.125
3 0.08203125 0.1484375 0.125 0.125
2 0.078125 0.28125 0.125 0.125
2 0.3359375 0.3984375 0.125 0.125
2 0.36328125 0.25 0.125 0.125
1 0.36328125 0.125 0.125 0.125
4 0.91015625 0.24609375 0.125 0.125
3 0.5 0.46875 0.125 0.125
3 0.9140625 0.09375 0.125 0.125
1 0.7421875 0.40625 0.125 0.125
1 0.765625 0.2421875 0.125 0.125
1 0.87109375 0.48046875 0.125 0.125
4 0.34765625 0.80078125 0.125 0.125
3 0.0703125 0.88671875 0.125 0.125
3 0.078125 0.8203125 0.125 0.125
2 0.07421875 0.55078125 0.125 0.125
2 0.07421875 0.625 0.125 0.125
2 0.07421875 0.73828125 0.125 0.125
2 0.33984375 0.9375 0.125 0.125
2 0.35546875 0.6015625 0.125 0.125
1 0.5078125 0.609375 0.125 0.125
