3 0.1875 0.2109375 0.125 0.125
3 0.19140625 0.140625 0.125 0.125
3 0.24609375 0.37109375 0.125 0.125
2 0.12109375 0.48828125 0.125 0.125
1 0.1171875 0.3359375 0.125 0.125
1 0.1953125 0.06640625 0.125 0.125
3 0.56640625 0.21875 0.125 0.125
3 0.68359375 0.03125 0.125 0.125
3 0.98828125 0.1640625 0.125 0.125
3 0.98828125 0.23828125 0.125 0.125
3 0.9921875 0.08984375 0.125 0.125
3 0.99609375 0.328125 0.125 0.125
2 0.6953125 0.48046875 0.125 0.125
1 0.54296875 0.0703125 0.125 0.125
1 0.54296875 0.453125 0.125 0.125
1 0.55078125 0.296875 0.125 0.125
1 0.55078125 0.37890625 0.125 0.125
1 0.55859375 0.140625 0.125 0.125
1 0.69140625 0.3359375 0.125 0.125
1 0.6953125 0.25 0.125 0.125
1 0.6953125 0.40234375 0.125 0.125
1 0.703125 0.1015625 0.125 0.125
1 0.703125 0.17578125 0.125 0.125
1 0.9765625 0.38671875 0.125 0.125
1 0.98828125 0.45703125 0.125 0.125
1 0.99609375 0.01171875 0.125 0.125
3 0.12109375 0.78515625 0.125 0.125
3 0.25 0.7421875 0.125 0.125
3 0.25 0.890625 0.125 0.125
2 0.16015625 0.578125 0.125 0.125
1 0.10546875 0.93359375 0.125 0.125
1 0.125 0.859375 0.125 0.125
1 0.24609375 0.6640625 0.125 0.125
1 0.2578125 0.5546875 0.125 0.125
3 0.67578125 0.7109375 0.125 0.125
3 0.6796875 0.77734375 0.125 0.125
3 0.9609375 0.8203125 0.125 0.125
3 0.98046875 0.5390625 0.125 0.125
1 0.5390625 0.671875 0.125 0.125
1 0.54296875 0.73046875 0.125 0.125
1 0.55078125 0.515625 0.125 0.125
1 0.55078125 0.8046875 0.125 0.125
1 0.55859375 0.875 0.125 0.125
1 0.5625 0.58984375 0.125 0.125
1 0.69140625 0.8515625 0.125 0.125
1 0.703125 0.55078125 0.125 0.125
1 0.703125 0.92578125 0.125 0.125
1 0.94140625 0.96484375 0.125 0.125
1 0.94921875 0.66796875 0.125 0.125
1 0.96484375 0.61328125 0.125 0.125
