1 0.2421875 0.23828125 0.125 0.125
3 0.65625 0.3984375 0.125 0.125
3 0.71875 0.3984375 0.125 0.125
3 0.86328125 0.3984375 0.125 0.125
2 0.796875 0.41015625 0.125 0.125
1 0.9296875 0.40625 0.125 0.125
3 0.25 0.81640625 0.125 0.125
3 0.24609375 0.66015625 0.125 0.125
1 0.29296875 0.5390625 0.125 0.125
3 0.63671875 0.8125 0.125 0.125
3 0.64453125 0.67578125 0.125 0.125
3 0.8046875 0.65625 0.125 0.125
3 0.8046875 0.8515625 0.125 0.125
3 0.86328125 0.82421875 0.125 0.125
3 0.8671875 0.6796875 0.125 0.125
3 0.9296875 0.81640625 0.125 0.125
1 0.56640625 0.67578125 0.125 0.125
1 0.57421875 0.8125 0.125 0.125
1 0.73046875 0.8359375 0.125 0.125
1 0.734375 0.68359375 0.125 0.125
1 0.9375 0.6796875 0.125 0.125
