1 0.2578125 0.09375 0.125 0.125
1 0.40625 0.1953125 0.125 0.125
1 0.48046875 0.20703125 0.125 0.125
1 0.49609375 0.0 0.125 0.125
3 0.625 0.2109375 0.125 0.125
3 0.69140625 0.19921875 0.125 0.125
3 0.76953125 0.2109375 0.125 0.125
3 0.84375 0.203125 0.125 0.125
3 0.90625 0.20703125 0.125 0.125
1 0.52734375 0.44921875 0.125 0.125
1 0.55078125 0.203125 0.125 0.125
1 0.6015625 0.45703125 0.125 0.125
1 0.6796875 0.46484375 0.125 0.125
1 0.765625 0.45703125 0.125 0.125
1 0.84375 0.45703125 0.125 0.125
1 0.921875 0.45703125 0.125 0.125
1 0.94921875 0.00390625 0.125 0.125
1 0.9765625 0.203125 0.125 0.125
4 0.3125 0.8359375 0.125 0.125
3 0.296875 0.75390625 0.125 0.125
1 0.17578125 0.5625 0.125 0.125
1 0.2890625 0.671875 0.125 0.125
3 0.5703125 0.5859375 0.125 0.125
3 0.65234375 0.5859375 0.125 0.125
3 0.73046875 0.58203125 0.125 0.125
1 0.55078125 0.87109375 0.125 0.125
1 0.63671875 0.86328125 0.125 0.125
1 0.71484375 0.86328125 0.125 0.125
1 0.8046875 0.86328125 0.125 0.125
1 0.81640625 0.58203125 0.125 0.125
1 0.88671875 0.87109375 0.125 0.125
1 0.89453125 0.58984375 0.125 0.125
1 0.96484375 0.8671875 0.125 0.125
1 0.98046875 0.58203125 0.125 0.125
