1 0.171875 0.3046875 0.125 0.125
2 0.171875 0.16015625 0.125 0.125
2 0.171875 0.23046875 0.125 0.125
2 0.19140625 0.44140625 0.125 0.125
2 0.21484375 0.08203125 0.125 0.125
2 0.5 0.0859375 0.125 0.125
2 0.51171875 0.16796875 0.125 0.125
2 0.5234375 0.38671875 0.125 0.125
2 0.55078125 0.2421875 0.125 0.125
2 0.83984375 0.09375 0.125 0.125
2 0.83984375 0.24609375 0.125 0.125
2 0.84375 0.16796875 0.125 0.125
1 0.19921875 0.515625 0.125 0.125
2 0.03125 0.65234375 0.125 0.125
2 0.03125 0.859375 0.125 0.125
2 0.046875 0.50390625 0.125 0.125
2 0.0546875 0.5859375 0.125 0.125
2 0.14453125 0.71875 0.125 0.125
