3 0.14453125 0.09765625 0.125 0.125
3 0.26171875 0.41796875 0.125 0.125
3 0.33203125 0.4140625 0.125 0.125
3 0.46875 0.0546875 0.125 0.125
3 0.4765625 0.40625 0.125 0.125
1 0.1484375 0.171875 0.125 0.125
1 0.16015625 0.0234375 0.125 0.125
1 0.40625 0.40625 0.125 0.125
3 0.828125 0.01171875 0.125 0.125
3 0.99609375 0.48828125 0.125 0.125
1 0.546875 0.42578125 0.125 0.125
1 0.76953125 0.42578125 0.125 0.125
3 0.078125 0.9453125 0.125 0.125
3 0.09375 0.65625 0.125 0.125
3 0.09375 0.87890625 0.125 0.125
1 0.0859375 0.58203125 0.125 0.125
1 0.08984375 0.79296875 0.125 0.125
1 0.10546875 0.71875 0.125 0.125
1 0.46875 0.7890625 0.125 0.125
3 0.98828125 0.55859375 0.125 0.125
3 0.98828125 0.83203125 0.125 0.125
3 0.99609375 0.984375 0.125 0.125
1 0.72265625 0.73046875 0.125 0.125
1 0.78515625 0.74609375 0.125 0.125
1 0.9921875 0.69140625 0.125 0.125
1 0.99609375 0.765625 0.125 0.125
