3 0.15625 0.3984375 0.125 0.125
3 0.21875 0.3984375 0.125 0.125
3 0.36328125 0.3984375 0.125 0.125
2 0.296875 0.41015625 0.125 0.125
1 0.4296875 0.40625 0.125 0.125
3 0.71875 0.3984375 0.125 0.125
1 0.58203125 0.41015625 0.125 0.125
1 0.86328125 0.40625 0.125 0.125
1 0.5 0.3984375 0.125 0.125
3 0.13671875 0.8125 0.125 0.125
3 0.14453125 0.67578125 0.125 0.125
3 0.3046875 0.65625 0.125 0.125
3 0.3046875 0.8515625 0.125 0.125
3 0.36328125 0.82421875 0.125 0.125
3 0.3671875 0.6796875 0.125 0.125
3 0.4296875 0.81640625 0.125 0.125
1 0.06640625 0.67578125 0.125 0.125
1 0.07421875 0.8125 0.125 0.125
1 0.23046875 0.8359375 0.125 0.125
1 0.234375 0.68359375 0.125 0.125
1 0.4375 0.6796875 0.125 0.125
3 0.5078125 0.6875 0.125 0.125
3 0.5078125 0.828125 0.125 0.125
3 0.57421875 0.6953125 0.125 0.125
3 0.58203125 0.8515625 0.125 0.125
3 0.6484375 0.703125 0.125 0.125
3 0.66015625 0.85546875 0.125 0.125
3 0.7265625 0.8515625 0.125 0.125
3 0.78515625 0.6875 0.125 0.125
3 0.79296875 0.84375 0.125 0.125
3 0.9296875 0.8203125 0.125 0.125
3 0.9375 0.6953125 0.125 0.125
2 0.859375 0.8359375 0.125 0.125
1 0.859375 0.6796875 0.125 0.125
