4 0.1484375 0.96875 0.125 0.125
4 0.34375 0.97265625 0.125 0.125
3 0.28515625 0.96484375 0.125 0.125
2 0.01171875 0.96484375 0.125 0.125
1 0.0 0.6015625 0.125 0.125
1 0.07421875 0.60546875 0.125 0.125
1 0.08203125 0.96875 0.125 0.125
1 0.1484375 0.6015625 0.125 0.125
1 0.2109375 0.953125 0.125 0.125
1 0.21484375 0.59375 0.125 0.125
1 0.28125 0.6171875 0.125 0.125
1 0.3515625 0.609375 0.125 0.125
1 0.41796875 0.96484375 0.125 0.125
1 0.42578125 0.6328125 0.125 0.125
3 0.7734375 0.953125 0.125 0.125
3 0.79296875 0.74609375 0.125 0.125
3 0.79296875 0.8203125 0.125 0.125
1 0.796875 0.88671875 0.125 0.125
