4 0.21875 0.44921875 0.125 0.125
4 0.41015625 0.43359375 0.125 0.125
4 0.48828125 0.31640625 0.125 0.125
3 0.03515625 0.4140625 0.125 0.125
3 0.05859375 0.03125 0.125 0.125
3 0.1015625 0.43359375 0.125 0.125
3 0.15625 0.31640625 0.125 0.125
3 0.1640625 0.06640625 0.125 0.125
3 0.1640625 0.4375 0.125 0.125
3 0.19921875 0.0078125 0.125 0.125
3 0.21875 0.30859375 0.125 0.125
3 0.28515625 0.43359375 0.125 0.125
3 0.34375 0.4375 0.125 0.125
3 0.3515625 0.3203125 0.125 0.125
3 0.40625 0.32421875 0.125 0.125
3 0.4765625 0.43359375 0.125 0.125
3 0.49609375 0.0390625 0.125 0.125
1 0.29296875 0.29296875 0.125 0.125
4 0.63671875 0.09375 0.125 0.125
4 0.703125 0.12109375 0.125 0.125
4 0.74609375 0.39453125 0.125 0.125
4 0.7734375 0.16015625 0.125 0.125
3 0.62890625 0.390625 0.125 0.125
3 0.6796875 0.26171875 0.125 0.125
3 0.6796875 0.3828125 0.125 0.125
3 0.8125 0.3984375 0.125 0.125
3 0.83984375 0.0078125 0.125 0.125
3 0.84375 0.203125 0.125 0.125
3 0.56640625 0.046875 0.125 0.125
4 0.140625 0.875 0.125 0.125
4 0.26171875 0.86328125 0.125 0.125
4 0.26953125 0.59375 0.125 0.125
4 0.43359375 0.57421875 0.125 0.125
4 0.45703125 0.90234375 0.125 0.125
4 0.48046875 0.77734375 0.125 0.125
4 0.48828125 0.671875 0.125 0.125
3 0.0625 0.75 0.125 0.125
3 0.0625 0.98828125 0.125 0.125
3 0.078125 0.87109375 0.125 0.125
3 0.15625 0.5859375 0.125 0.125
3 0.19921875 0.75 0.125 0.125
3 0.203125 0.88671875 0.125 0.125
3 0.31640625 0.5625 0.125 0.125
3 0.3203125 0.76953125 0.125 0.125
3 0.390625 0.890625 0.125 0.125
3 0.41796875 0.671875 0.125 0.125
1 0.0859375 0.59375 0.125 0.125
4 0.65625 0.97265625 0.125 0.125
4 0.75 0.53125 0.125 0.125
4 0.796875 0.64453125 0.125 0.125
4 0.81640625 0.90234375 0.125 0.125
3 0.59765625 0.65234375 0.125 0.125
3 0.62109375 0.51171875 0.125 0.125
3 0.64453125 0.68359375 0.125 0.125
3 0.66015625 0.83203125 0.125 0.125
3 0.671875 0.90625 0.125 0.125
3 0.6875 0.5234375 0.125 0.125
3 0.69140625 0.68359375 0.125 0.125
3 0.8046875 0.7109375 0.125 0.125
3 0.8046875 0.76953125 0.125 0.125
3 0.80859375 0.83203125 0.125 0.125
3 0.8203125 0.52734375 0.125 0.125
3 0.5234375 0.90234375 0.125 0.125
1 0.8359375 0.96484375 0.125 0.125
