3 0.0703125 0.01953125 0.125 0.125
3 0.0859375 0.29296875 0.125 0.125
3 0.08984375 0.3671875 0.125 0.125
3 0.40625 0.08984375 0.125 0.125
3 0.4140625 0.2265625 0.125 0.125
3 0.4140625 0.30078125 0.125 0.125
3 0.41796875 0.0234375 0.125 0.125
1 0.078125 0.15625 0.125 0.125
1 0.0859375 0.234375 0.125 0.125
1 0.41015625 0.16015625 0.125 0.125
3 0.53125 0.36328125 0.125 0.125
3 0.5546875 0.16015625 0.125 0.125
3 0.5703125 0.29296875 0.125 0.125
3 0.859375 0.02734375 0.125 0.125
3 0.87890625 0.16796875 0.125 0.125
1 0.85546875 0.3046875 0.125 0.125
1 0.87109375 0.3828125 0.125 0.125
1 0.875 0.109375 0.125 0.125
1 0.5390625 0.23046875 0.125 0.125
1 0.55078125 0.08984375 0.125 0.125
3 0.45703125 0.578125 0.125 0.125
