3 0.4765625 0.3984375 0.125 0.125
3 0.49609375 0.23828125 0.125 0.125
3 0.5703125 0.2421875 0.125 0.125
3 0.57421875 0.4140625 0.125 0.125
3 0.64453125 0.2421875 0.125 0.125
3 0.78125 0.3828125 0.125 0.125
3 0.859375 0.265625 0.125 0.125
3 0.8671875 0.40625 0.125 0.125
3 0.9375 0.40625 0.125 0.125
1 0.640625 0.39453125 0.125 0.125
1 0.70703125 0.3984375 0.125 0.125
1 0.71875 0.25390625 0.125 0.125
1 0.79296875 0.2421875 0.125 0.125
1 0.92578125 0.25390625 0.125 0.125
3 0.140625 0.71484375 0.125 0.125
3 0.19921875 0.72265625 0.125 0.125
1 0.4921875 0.91015625 0.125 0.125
1 0.49609375 0.765625 0.125 0.125
3 0.71484375 0.91015625 0.125 0.125
3 0.79296875 0.7734375 0.125 0.125
2 0.78125 0.90234375 0.125 0.125
1 0.55859375 0.74609375 0.125 0.125
1 0.5703125 0.890625 0.125 0.125
1 0.640625 0.765625 0.125 0.125
1 0.640625 0.90234375 0.125 0.125
1 0.71484375 0.765625 0.125 0.125
