3 0.078125 0.29296875 0.125 0.125
3 0.14453125 0.29296875 0.125 0.125
3 0.22265625 0.30078125 0.125 0.125
3 0.37109375 0.30859375 0.125 0.125
3 0.44140625 0.30078125 0.125 0.125
2 0.015625 0.28125 0.125 0.125
1 0.2890625 0.296875 0.125 0.125
3 0.57421875 0.3125 0.125 0.125
3 0.64453125 0.3046875 0.125 0.125
3 0.6640625 0.0 0.125 0.125
3 0.79296875 0.296875 0.125 0.125
1 0.71875 0.296875 0.125 0.125
1 0.5078125 0.3046875 0.125 0.125
4 0.30859375 0.765625 0.125 0.125
3 0.046875 0.59765625 0.125 0.125
3 0.09375 0.78125 0.125 0.125
3 0.1328125 0.60546875 0.125 0.125
3 0.171875 0.78515625 0.125 0.125
3 0.203125 0.609375 0.125 0.125
3 0.34375 0.6015625 0.125 0.125
3 0.3828125 0.77734375 0.125 0.125
3 0.421875 0.59375 0.125 0.125
3 0.48046875 0.6015625 0.125 0.125
3 0.015625 0.7734375 0.125 0.125
2 0.453125 0.7890625 0.125 0.125
1 0.2265625 0.7734375 0.125 0.125
1 0.26953125 0.6015625 0.125 0.125
3 0.53125 0.7734375 0.125 0.125
3 0.55078125 0.6015625 0.125 0.125
3 0.62890625 0.625 0.125 0.125
3 0.69921875 0.61328125 0.125 0.125
3 0.875 0.98828125 0.125 0.125
2 0.84375 0.5859375 0.125 0.125
1 0.87890625 0.8671875 0.125 0.125
