2 0.015625 0.03515625 0.125 0.125
2 0.03515625 0.23828125 0.125 0.125
2 0.046875 0.453125 0.125 0.125
2 0.10546875 0.20703125 0.125 0.125
2 0.1171875 0.42578125 0.125 0.125
2 0.17578125 0.13671875 0.125 0.125
2 0.17578125 0.38671875 0.125 0.125
2 0.23828125 0.33984375 0.125 0.125
2 0.296875 0.3046875 0.125 0.125
2 0.33984375 0.48828125 0.125 0.125
2 0.35546875 0.2734375 0.125 0.125
2 0.390625 0.453125 0.125 0.125
2 0.4140625 0.21875 0.125 0.125
1 0.23828125 0.09375 0.125 0.125
1 0.30859375 0.046875 0.125 0.125
1 0.3515625 0.01171875 0.125 0.125
1 0.4609375 0.41015625 0.125 0.125
1 0.47265625 0.18359375 0.125 0.125
4 0.7109375 0.2421875 0.125 0.125
1 0.51953125 0.359375 0.125 0.125
1 0.53515625 0.140625 0.125 0.125
1 0.578125 0.328125 0.125 0.125
1 0.58984375 0.09375 0.125 0.125
1 0.6484375 0.28515625 0.125 0.125
1 0.6875 0.48046875 0.125 0.125
1 0.765625 0.4453125 0.125 0.125
1 0.82421875 0.40625 0.125 0.125
2 0.140625 0.62890625 0.125 0.125
2 0.2109375 0.58203125 0.125 0.125
2 0.26953125 0.53515625 0.125 0.125
2 0.328125 0.7421875 0.125 0.125
2 0.3828125 0.70703125 0.125 0.125
2 0.4453125 0.88671875 0.125 0.125
2 0.44921875 0.6640625 0.125 0.125
1 0.26171875 0.78125 0.125 0.125
1 0.39453125 0.9453125 0.125 0.125
2 0.5078125 0.61328125 0.125 0.125
2 0.515625 0.84765625 0.125 0.125
2 0.56640625 0.80078125 0.125 0.125
2 0.57421875 0.5703125 0.125 0.125
2 0.6328125 0.76953125 0.125 0.125
2 0.68359375 0.9765625 0.125 0.125
2 0.6875 0.71875 0.125 0.125
2 0.74609375 0.67578125 0.125 0.125
2 0.7578125 0.9375 0.125 0.125
2 0.8125 0.62890625 0.125 0.125
2 0.8125 0.8984375 0.125 0.125
2 0.87109375 0.8671875 0.125 0.125
2 0.9375 0.828125 0.125 0.125
1 0.64453125 0.53125 0.125 0.125
1 0.86328125 0.58984375 0.125 0.125
1 0.94140625 0.55859375 0.125 0.125
