3 0.30859375 0.1796875 0.125 0.125
2 0.44921875 0.17578125 0.125 0.125
1 0.296875 0.0234375 0.125 0.125
3 0.6640625 0.3515625 0.125 0.125
3 0.68359375 0.078125 0.125 0.125
3 0.75 0.2890625 0.125 0.125
3 0.8671875 0.09375 0.125 0.125
3 0.8671875 0.30859375 0.125 0.125
4 0.82421875 0.16796875 0.125 0.125
2 0.609375 0.265625 0.125 0.125
4 0.10546875 0.625 0.125 0.125
2 0.13671875 0.71875 0.125 0.125
3 0.28125 0.51171875 0.125 0.125
1 0.19140625 0.91796875 0.125 0.125
3 0.74609375 0.5078125 0.125 0.125
