4 0.3125 0.4296875 0.125 0.125
4 0.16796875 0.078125 0.125 0.125
3 0.17578125 0.44140625 0.125 0.125
3 0.24609375 0.43359375 0.125 0.125
3 0.375 0.09765625 0.125 0.125
3 0.4453125 0.09765625 0.125 0.125
1 0.30859375 0.08984375 0.125 0.125
1 0.43359375 0.4140625 0.125 0.125
4 0.734375 0.08203125 0.125 0.125
3 0.5234375 0.1015625 0.125 0.125
3 0.5859375 0.43359375 0.125 0.125
3 0.58984375 0.1015625 0.125 0.125
3 0.65234375 0.09765625 0.125 0.125
1 0.51171875 0.43359375 0.125 0.125
1 0.65234375 0.43359375 0.125 0.125
1 0.78515625 0.42578125 0.125 0.125
4 0.40234375 0.6171875 0.125 0.125
4 0.48046875 0.59765625 0.125 0.125
3 0.046875 0.6015625 0.125 0.125
3 0.3359375 0.60546875 0.125 0.125
1 0.1953125 0.61328125 0.125 0.125
3 0.55078125 0.625 0.125 0.125
3 0.703125 0.59765625 0.125 0.125
3 0.77734375 0.62890625 0.125 0.125
1 0.625 0.61328125 0.125 0.125
