3 0.2265625 0.4609375 0.125 0.125
3 0.23046875 0.05078125 0.125 0.125
3 0.44921875 0.09765625 0.125 0.125
3 0.4609375 0.19140625 0.125 0.125
3 0.46484375 0.2890625 0.125 0.125
2 0.46875 0.39453125 0.125 0.125
3 0.7421875 0.05078125 0.125 0.125
3 0.7421875 0.2109375 0.125 0.125
3 0.62890625 0.3359375 0.125 0.125
3 0.2265625 0.6640625 0.125 0.125
3 0.4609375 0.60546875 0.125 0.125
3 0.4609375 0.89453125 0.125 0.125
1 0.22265625 0.7890625 0.125 0.125
1 0.328125 0.59765625 0.125 0.125
1 0.44140625 0.78515625 0.125 0.125
1 0.4453125 0.99609375 0.125 0.125
1 0.45703125 0.50390625 0.125 0.125
1 0.45703125 0.69140625 0.125 0.125
3 0.734375 0.68359375 0.125 0.125
3 0.62109375 0.95703125 0.125 0.125
3 0.625 0.71484375 0.125 0.125
1 0.73828125 0.9765625 0.125 0.125
