4 0.30078125 0.2734375 0.125 0.125
4 0.36328125 0.2421875 0.125 0.125
3 0.48046875 0.1875 0.125 0.125
3 0.49609375 0.0390625 0.125 0.125
3 0.34375 0.4609375 0.125 0.125
3 0.37890625 0.08203125 0.125 0.125
3 0.40625 0.42578125 0.125 0.125
3 0.42578125 0.21484375 0.125 0.125
3 0.44140625 0.0625 0.125 0.125
3 0.46875 0.3984375 0.125 0.125
1 0.25 0.1328125 0.125 0.125
1 0.3125 0.10546875 0.125 0.125
4 0.55078125 0.49609375 0.125 0.125
3 0.53125 0.3671875 0.125 0.125
3 0.54296875 0.15234375 0.125 0.125
3 0.59765625 0.12109375 0.125 0.125
3 0.59765625 0.33984375 0.125 0.125
3 0.625 0.4609375 0.125 0.125
3 0.65625 0.09765625 0.125 0.125
3 0.69921875 0.4375 0.125 0.125
3 0.7109375 0.05859375 0.125 0.125
3 0.71484375 0.27734375 0.125 0.125
3 0.76171875 0.3984375 0.125 0.125
3 0.7734375 0.03515625 0.125 0.125
3 0.828125 0.375 0.125 0.125
3 0.8359375 0.00390625 0.125 0.125
3 0.8828125 0.34375 0.125 0.125
3 0.8984375 0.1953125 0.125 0.125
3 0.953125 0.16015625 0.125 0.125
3 0.953125 0.3125 0.125 0.125
1 0.65625 0.3046875 0.125 0.125
1 0.76953125 0.25390625 0.125 0.125
1 0.828125 0.2265625 0.125 0.125
4 0.00390625 0.671875 0.125 0.125
4 0.1015625 0.8515625 0.125 0.125
3 0.49609375 0.7421875 0.125 0.125
3 0.0234375 0.5390625 0.125 0.125
3 0.03125 0.87109375 0.125 0.125
3 0.06640625 0.640625 0.125 0.125
3 0.08203125 0.5078125 0.125 0.125
3 0.0859375 0.984375 0.125 0.125
3 0.12890625 0.62109375 0.125 0.125
3 0.16015625 0.9609375 0.125 0.125
3 0.16796875 0.82421875 0.125 0.125
3 0.20703125 0.93359375 0.125 0.125
3 0.41015625 0.5625 0.125 0.125
3 0.47265625 0.52734375 0.125 0.125
3 0.51953125 0.8828125 0.125 0.125
3 0.578125 0.71875 0.125 0.125
3 0.58203125 0.859375 0.125 0.125
3 0.65234375 0.6875 0.125 0.125
3 0.65234375 0.8359375 0.125 0.125
3 0.71484375 0.80078125 0.125 0.125
3 0.72265625 0.65625 0.125 0.125
3 0.77734375 0.765625 0.125 0.125
3 0.78125 0.62890625 0.125 0.125
3 0.80078125 0.98046875 0.125 0.125
3 0.83984375 0.7421875 0.125 0.125
3 0.8515625 0.6015625 0.125 0.125
3 0.86328125 0.95703125 0.125 0.125
3 0.90625 0.7109375 0.125 0.125
3 0.91015625 0.56640625 0.125 0.125
3 0.921875 0.91796875 0.125 0.125
3 0.96484375 0.6875 0.125 0.125
3 0.9765625 0.5390625 0.125 0.125
3 0.984375 0.890625 0.125 0.125
