3 0.29296875 0.1640625 0.125 0.125
3 0.34765625 0.17578125 0.125 0.125
3 0.43359375 0.16015625 0.125 0.125
1 0.14453125 0.1640625 0.125 0.125
1 0.21875 0.16796875 0.125 0.125
1 0.40625 0.453125 0.125 0.125
3 0.88671875 0.3203125 0.125 0.125
2 0.71875 0.16796875 0.125 0.125
1 0.54296875 0.44921875 0.125 0.125
1 0.8828125 0.2265625 0.125 0.125
1 0.88671875 0.421875 0.125 0.125
3 0.375 0.87890625 0.125 0.125
3 0.38671875 0.80859375 0.125 0.125
3 0.3984375 0.94921875 0.125 0.125
2 0.38671875 0.66015625 0.125 0.125
1 0.38671875 0.58984375 0.125 0.125
1 0.390625 0.72265625 0.125 0.125
1 0.3984375 0.515625 0.125 0.125
4 0.875 0.796875 0.125 0.125
3 0.5234375 0.73828125 0.125 0.125
3 0.5234375 0.8125 0.125 0.125
3 0.53125 0.88671875 0.125 0.125
3 0.55078125 0.5234375 0.125 0.125
3 0.55078125 0.95703125 0.125 0.125
1 0.54296875 0.58984375 0.125 0.125
1 0.54296875 0.66796875 0.125 0.125
1 0.87890625 0.609375 0.125 0.125
1 0.890625 0.703125 0.125 0.125
1 0.89453125 0.87890625 0.125 0.125
1 0.8984375 0.50390625 0.125 0.125
