3 0.00390625 0.1875 0.125 0.125
3 0.08203125 0.02734375 0.125 0.125
3 0.08203125 0.171875 0.125 0.125
3 0.16015625 0.0390625 0.125 0.125
3 0.16796875 0.1796875 0.125 0.125
3 0.30078125 0.16796875 0.125 0.125
3 0.37109375 0.0234375 0.125 0.125
3 0.37109375 0.18359375 0.125 0.125
3 0.453125 0.1796875 0.125 0.125
2 0.30078125 0.03515625 0.125 0.125
2 0.44140625 0.03125 0.125 0.125
1 0.0078125 0.0234375 0.125 0.125
1 0.23046875 0.16796875 0.125 0.125
1 0.234375 0.03125 0.125 0.125
3 0.50390625 0.0625 0.125 0.125
3 0.51953125 0.1796875 0.125 0.125
3 0.58203125 0.19140625 0.125 0.125
3 0.65234375 0.04296875 0.125 0.125
3 0.65234375 0.17578125 0.125 0.125
3 0.73046875 0.1796875 0.125 0.125
1 0.58203125 0.015625 0.125 0.125
1 0.7265625 0.02734375 0.125 0.125
1 0.79296875 0.16796875 0.125 0.125
1 0.80078125 0.02734375 0.125 0.125
4 0.45703125 0.546875 0.125 0.125
3 0.09375 0.5390625 0.125 0.125
3 0.24609375 0.546875 0.125 0.125
1 0.03125 0.54296875 0.125 0.125
1 0.171875 0.5546875 0.125 0.125
1 0.31640625 0.55859375 0.125 0.125
1 0.3984375 0.53515625 0.125 0.125
3 0.5390625 0.54296875 0.125 0.125
3 0.68359375 0.55859375 0.125 0.125
3 0.734375 0.53515625 0.125 0.125
3 0.8203125 0.53515625 0.125 0.125
1 0.6015625 0.54296875 0.125 0.125
