4 0.34765625 0.30078125 0.125 0.125
3 0.0703125 0.38671875 0.125 0.125
3 0.078125 0.3203125 0.125 0.125
2 0.07421875 0.05078125 0.125 0.125
2 0.07421875 0.125 0.125 0.125
2 0.07421875 0.23828125 0.125 0.125
2 0.33984375 0.4375 0.125 0.125
2 0.35546875 0.1015625 0.125 0.125
1 0.5078125 0.109375 0.125 0.125
3 0.34765625 0.5 0.125 0.125
3 0.34765625 0.90625 0.125 0.125
3 0.35546875 0.77734375 0.125 0.125
3 0.359375 0.65234375 0.125 0.125
3 0.3671875 0.57421875 0.125 0.125
3 0.3671875 0.71875 0.125 0.125
2 0.046875 0.98828125 0.125 0.125
2 0.0546875 0.796875 0.125 0.125
2 0.078125 0.58984375 0.125 0.125
2 0.34765625 0.8515625 0.125 0.125
1 0.02734375 0.9296875 0.125 0.125
1 0.046875 0.71875 0.125 0.125
1 0.046875 0.85546875 0.125 0.125
3 0.671875 0.86328125 0.125 0.125
3 0.88671875 0.8671875 0.125 0.125
1 0.5078125 0.875 0.125 0.125
1 0.5859375 0.87109375 0.125 0.125
