3 0.01171875 0.02734375 0.125 0.125
2 0.43359375 0.04296875 0.125 0.125
1 0.0078125 0.23828125 0.125 0.125
1 0.11328125 0.0 0.125 0.125
4 0.71875 0.234375 0.125 0.125
3 0.50390625 0.2265625 0.125 0.125
3 0.65234375 0.046875 0.125 0.125
3 0.71875 0.02734375 0.125 0.125
3 0.796875 0.01171875 0.125 0.125
2 0.93359375 0.42578125 0.125 0.125
1 0.50390625 0.04296875 0.125 0.125
3 0.10546875 0.98828125 0.125 0.125
2 0.0625 0.703125 0.125 0.125
2 0.41796875 0.78515625 0.125 0.125
1 0.4140625 0.69140625 0.125 0.125
3 0.57421875 0.9921875 0.125 0.125
3 0.91796875 0.78125 0.125 0.125
2 0.92578125 0.50390625 0.125 0.125
1 0.55859375 0.69140625 0.125 0.125
1 0.578125 0.77734375 0.125 0.125
1 0.921875 0.71484375 0.125 0.125
