4 0.296875 0.2734375 0.125 0.125
4 0.34765625 0.23828125 0.125 0.125
1 0.32421875 0.47265625 0.125 0.125
1 0.37890625 0.4296875 0.125 0.125
1 0.4453125 0.39453125 0.125 0.125
2 0.87890625 0.33984375 0.125 0.125
2 0.8828125 0.0859375 0.125 0.125
2 0.921875 0.28125 0.125 0.125
2 0.9453125 0.03515625 0.125 0.125
2 0.96875 0.46484375 0.125 0.125
2 0.703125 0.19921875 0.125 0.125
2 0.7578125 0.15234375 0.125 0.125
2 0.80078125 0.37109375 0.125 0.125
2 0.81640625 0.11328125 0.125 0.125
1 0.59765625 0.0546875 0.125 0.125
1 0.99609375 0.25 0.125 0.125
4 0.30078125 0.66796875 0.125 0.125
4 0.421875 0.8203125 0.125 0.125
4 0.4765625 0.55078125 0.125 0.125
2 0.43359375 0.96484375 0.125 0.125
2 0.484375 0.9296875 0.125 0.125
1 0.34765625 0.8515625 0.125 0.125
1 0.359375 0.625 0.125 0.125
1 0.4140625 0.58984375 0.125 0.125
1 0.47265625 0.7890625 0.125 0.125
4 0.53125 0.515625 0.125 0.125
4 0.546875 0.890625 0.125 0.125
4 0.578125 0.71484375 0.125 0.125
4 0.75 0.95703125 0.125 0.125
2 0.890625 0.5 0.125 0.125
2 0.59765625 0.8515625 0.125 0.125
2 0.65625 0.81640625 0.125 0.125
2 0.69921875 0.984375 0.125 0.125
2 0.7109375 0.78125 0.125 0.125
2 0.8125 0.921875 0.125 0.125
1 0.5234375 0.75390625 0.125 0.125
1 0.63671875 0.67578125 0.125 0.125
