2 0.41796875 0.265625 0.125 0.125
3 0.7265625 0.4609375 0.125 0.125
3 0.73046875 0.05078125 0.125 0.125
3 0.94921875 0.09765625 0.125 0.125
3 0.9609375 0.19140625 0.125 0.125
3 0.96484375 0.2890625 0.125 0.125
2 0.96875 0.39453125 0.125 0.125
3 0.7265625 0.6640625 0.125 0.125
3 0.9609375 0.60546875 0.125 0.125
3 0.9609375 0.89453125 0.125 0.125
1 0.72265625 0.7890625 0.125 0.125
1 0.828125 0.59765625 0.125 0.125
1 0.94140625 0.78515625 0.125 0.125
1 0.9453125 0.99609375 0.125 0.125
1 0.95703125 0.50390625 0.125 0.125
1 0.95703125 0.69140625 0.125 0.125
