1 0.328125 0.05078125 0.125 0.125
1 0.40234375 0.1484375 0.125 0.125
1 0.484375 0.14453125 0.125 0.125
3 0.94140625 0.03515625 0.125 0.125
3 0.578125 0.16015625 0.125 0.125
3 0.68359375 0.03515625 0.125 0.125
3 0.75 0.16015625 0.125 0.125
3 0.7734375 0.02734375 0.125 0.125
3 0.91796875 0.16015625 0.125 0.125
1 0.51171875 0.02734375 0.125 0.125
1 0.6640625 0.15625 0.125 0.125
1 0.83984375 0.16015625 0.125 0.125
1 0.859375 0.02734375 0.125 0.125
3 0.9609375 0.8828125 0.125 0.125
3 0.9765625 0.7265625 0.125 0.125
2 0.82421875 0.92578125 0.125 0.125
