1 0.0859375 0.40625 0.125 0.125
4 0.25 0.5390625 0.125 0.125
3 0.015625 0.53125 0.125 0.125
3 0.01953125 0.65234375 0.125 0.125
3 0.28125 0.640625 0.125 0.125
3 0.31640625 0.5390625 0.125 0.125
3 0.3203125 0.69140625 0.125 0.125
3 0.40234375 0.5390625 0.125 0.125
3 0.4140625 0.640625 0.125 0.125
2 0.18359375 0.5546875 0.125 0.125
1 0.09765625 0.53125 0.125 0.125
1 0.09765625 0.6640625 0.125 0.125
1 0.17578125 0.66015625 0.125 0.125
3 0.80078125 0.5390625 0.125 0.125
3 0.96484375 0.53515625 0.125 0.125
3 0.98828125 0.953125 0.125 0.125
3 0.5 0.64453125 0.125 0.125
3 0.5 0.921875 0.125 0.125
3 0.5703125 0.66015625 0.125 0.125
3 0.6640625 0.9375 0.125 0.125
1 0.97265625 0.66015625 0.125 0.125
1 0.88671875 0.5390625 0.125 0.125
