3 0.10546875 0.40625 0.125 0.125
3 0.12890625 0.4921875 0.125 0.125
3 0.37109375 0.484375 0.125 0.125
3 0.375 0.39453125 0.125 0.125
2 0.38671875 0.27734375 0.125 0.125
1 0.0 0.49609375 0.125 0.125
1 0.09765625 0.18359375 0.125 0.125
1 0.22265625 0.1484375 0.125 0.125
1 0.296875 0.1484375 0.125 0.125
4 0.50390625 0.35546875 0.125 0.125
3 0.515625 0.49609375 0.125 0.125
3 0.5234375 0.421875 0.125 0.125
3 0.53125 0.234375 0.125 0.125
3 0.7734375 0.171875 0.125 0.125
3 0.7734375 0.296875 0.125 0.125
3 0.91015625 0.29296875 0.125 0.125
2 0.90625 0.37890625 0.125 0.125
1 0.5078125 0.10546875 0.125 0.125
1 0.765625 0.234375 0.125 0.125
1 0.79296875 0.109375 0.125 0.125
1 0.8046875 0.04296875 0.125 0.125
1 0.90234375 0.16796875 0.125 0.125
1 0.921875 0.109375 0.125 0.125
3 0.1171875 0.5703125 0.125 0.125
3 0.1171875 0.80078125 0.125 0.125
3 0.12109375 0.6484375 0.125 0.125
3 0.359375 0.91796875 0.125 0.125
1 0.12109375 0.7265625 0.125 0.125
1 0.37890625 0.8203125 0.125 0.125
3 0.50390625 0.68359375 0.125 0.125
3 0.515625 0.81640625 0.125 0.125
3 0.765625 0.82421875 0.125 0.125
3 0.7890625 0.56640625 0.125 0.125
3 0.91796875 0.62109375 0.125 0.125
1 0.50390625 0.5546875 0.125 0.125
1 0.90234375 0.69140625 0.125 0.125
1 0.90234375 0.890625 0.125 0.125
1 0.91015625 0.765625 0.125 0.125
