1 0.296875 0.11328125 0.125 0.125
1 0.3671875 0.1015625 0.125 0.125
1 0.4375 0.08984375 0.125 0.125
3 0.78125 0.0234375 0.125 0.125
3 0.83984375 0.01953125 0.125 0.125
2 0.50390625 0.05859375 0.125 0.125
2 0.53125 0.25390625 0.125 0.125
2 0.75 0.453125 0.125 0.125
2 0.77734375 0.33984375 0.125 0.125
2 0.95703125 0.3203125 0.125 0.125
2 0.96484375 0.25390625 0.125 0.125
1 0.62109375 0.21875 0.125 0.125
1 0.63671875 0.1484375 0.125 0.125
1 0.7890625 0.26953125 0.125 0.125
1 0.91015625 0.01171875 0.125 0.125
