3 0.1328125 0.3984375 0.125 0.125
3 0.1484375 0.328125 0.125 0.125
3 0.171875 0.05859375 0.125 0.125
3 0.2890625 0.453125 0.125 0.125
3 0.296875 0.12890625 0.125 0.125
3 0.3046875 0.06640625 0.125 0.125
3 0.3046875 0.33203125 0.125 0.125
3 0.30859375 0.00390625 0.125 0.125
2 0.296875 0.39453125 0.125 0.125
1 0.15234375 0.00390625 0.125 0.125
4 0.65234375 0.1953125 0.125 0.125
4 0.7734375 0.265625 0.125 0.125
4 0.77734375 0.13671875 0.125 0.125
3 0.6484375 0.46484375 0.125 0.125
3 0.65234375 0.00390625 0.125 0.125
3 0.78125 0.2109375 0.125 0.125
3 0.78515625 0.4609375 0.125 0.125
3 0.79296875 0.0078125 0.125 0.125
3 0.640625 0.2734375 0.125 0.125
2 0.796875 0.3359375 0.125 0.125
1 0.640625 0.33984375 0.125 0.125
1 0.6484375 0.1484375 0.125 0.125
1 0.78125 0.0703125 0.125 0.125
1 0.796875 0.40234375 0.125 0.125
3 0.14453125 0.66015625 0.125 0.125
3 0.1640625 0.85546875 0.125 0.125
3 0.16796875 0.78515625 0.125 0.125
3 0.2890625 0.65234375 0.125 0.125
3 0.296875 0.7265625 0.125 0.125
3 0.3046875 0.85546875 0.125 0.125
2 0.296875 0.98046875 0.125 0.125
1 0.2890625 0.7890625 0.125 0.125
1 0.296875 0.59375 0.125 0.125
4 0.62890625 0.99609375 0.125 0.125
3 0.78125 0.859375 0.125 0.125
2 0.65234375 0.59765625 0.125 0.125
2 0.79296875 0.98828125 0.125 0.125
2 0.8046875 0.53125 0.125 0.125
1 0.625 0.86328125 0.125 0.125
1 0.64453125 0.52734375 0.125 0.125
1 0.64453125 0.671875 0.125 0.125
1 0.64453125 0.7265625 0.125 0.125
1 0.7734375 0.7265625 0.125 0.125
1 0.79296875 0.6015625 0.125 0.125
1 0.79296875 0.66796875 0.125 0.125
