2 0.0 0.5859375 0.125 0.125
2 0.01171875 0.66796875 0.125 0.125
2 0.0234375 0.88671875 0.125 0.125
2 0.05078125 0.7421875 0.125 0.125
2 0.33984375 0.59375 0.125 0.125
2 0.33984375 0.74609375 0.125 0.125
2 0.34375 0.66796875 0.125 0.125
1 0.8125 0.74609375 0.125 0.125
1 0.98046875 0.59375 0.125 0.125
2 0.7890625 0.671875 0.125 0.125
2 0.796875 0.8359375 0.125 0.125
2 0.8203125 0.6015625 0.125 0.125
2 0.9453125 0.75390625 0.125 0.125
2 0.96484375 0.83203125 0.125 0.125
2 0.99609375 0.6796875 0.125 0.125
