3 0.07421875 0.484375 0.125 0.125
3 0.15625 0.4921875 0.125 0.125
3 0.390625 0.171875 0.125 0.125
2 0.4609375 0.1796875 0.125 0.125
1 0.24609375 0.15234375 0.125 0.125
3 0.90234375 0.16796875 0.125 0.125
1 0.60546875 0.15625 0.125 0.125
3 0.09765625 0.7890625 0.125 0.125
3 0.32421875 0.5078125 0.125 0.125
3 0.39453125 0.91015625 0.125 0.125
3 0.3984375 0.51171875 0.125 0.125
3 0.4609375 0.5078125 0.125 0.125
1 0.2421875 0.5078125 0.125 0.125
4 0.75390625 0.5234375 0.125 0.125
1 0.609375 0.5 0.125 0.125
