3 0.04296875 0.421875 0.125 0.125
3 0.078125 0.04296875 0.125 0.125
3 0.1171875 0.4296875 0.125 0.125
1 0.16015625 0.0546875 0.125 0.125
1 0.23046875 0.05078125 0.125 0.125
1 0.3984375 0.43359375 0.125 0.125
1 0.01171875 0.03515625 0.125 0.125
4 0.68359375 0.0625 0.125 0.125
3 0.51171875 0.30859375 0.125 0.125
3 0.6875 0.26953125 0.125 0.125
3 0.69921875 0.34765625 0.125 0.125
3 0.96484375 0.125 0.125 0.125
2 0.69140625 0.203125 0.125 0.125
1 0.5234375 0.06640625 0.125 0.125
1 0.5234375 0.14453125 0.125 0.125
1 0.66796875 0.1328125 0.125 0.125
1 0.96484375 0.27734375 0.125 0.125
1 0.97265625 0.203125 0.125 0.125
1 0.97265625 0.421875 0.125 0.125
1 0.9765625 0.33984375 0.125 0.125
