1 0.37890625 0.0078125 0.125 0.125
1 0.3984375 0.0859375 0.125 0.125
1 0.3984375 0.2265625 0.125 0.125
1 0.42578125 0.37890625 0.125 0.125
4 0.01171875 0.46484375 0.125 0.125
3 0.01171875 0.3984375 0.125 0.125
3 0.3984375 0.16015625 0.125 0.125
1 0.05078125 0.546875 0.125 0.125
1 0.41015625 0.58984375 0.125 0.125
1 0.4296875 0.6640625 0.125 0.125
1 0.4375 0.953125 0.125 0.125
4 0.05859375 0.6171875 0.125 0.125
4 0.0625 0.68359375 0.125 0.125
4 0.0703125 0.83203125 0.125 0.125
4 0.08203125 0.89453125 0.125 0.125
3 0.0625 0.75390625 0.125 0.125
3 0.41796875 0.80078125 0.125 0.125
