3 0.04296875 0.234375 0.125 0.125
3 0.23828125 0.359375 0.125 0.125
3 0.32421875 0.3828125 0.125 0.125
3 0.3984375 0.234375 0.125 0.125
3 0.4765625 0.234375 0.125 0.125
2 0.32421875 0.21875 0.125 0.125
1 0.03125 0.375 0.125 0.125
1 0.10546875 0.2265625 0.125 0.125
1 0.10546875 0.3671875 0.125 0.125
1 0.171875 0.3671875 0.125 0.125
1 0.18359375 0.2265625 0.125 0.125
1 0.24609375 0.21875 0.125 0.125
1 0.39453125 0.3671875 0.125 0.125
1 0.46484375 0.3828125 0.125 0.125
3 0.6171875 0.3515625 0.125 0.125
1 0.546875 0.36328125 0.125 0.125
3 0.03515625 0.83203125 0.125 0.125
3 0.10546875 0.703125 0.125 0.125
3 0.17578125 0.7109375 0.125 0.125
3 0.24609375 0.83984375 0.125 0.125
3 0.25390625 0.70703125 0.125 0.125
3 0.31640625 0.83984375 0.125 0.125
3 0.32421875 0.69921875 0.125 0.125
3 0.390625 0.70703125 0.125 0.125
3 0.4609375 0.70703125 0.125 0.125
1 0.0390625 0.69921875 0.125 0.125
1 0.10546875 0.8359375 0.125 0.125
1 0.171875 0.83203125 0.125 0.125
1 0.3828125 0.8515625 0.125 0.125
1 0.4609375 0.84765625 0.125 0.125
4 0.73828125 0.83984375 0.125 0.125
3 0.5390625 0.71875 0.125 0.125
3 0.67578125 0.71875 0.125 0.125
3 0.67578125 0.85546875 0.125 0.125
3 0.7421875 0.69921875 0.125 0.125
1 0.52734375 0.86328125 0.125 0.125
1 0.609375 0.7109375 0.125 0.125
1 0.609375 0.8515625 0.125 0.125
