3 0.3046875 0.00390625 0.125 0.125
2 0.30859375 0.078125 0.125 0.125
1 0.30078125 0.140625 0.125 0.125
1 0.3125 0.4921875 0.125 0.125
3 0.7109375 0.375 0.125 0.125
3 0.72265625 0.43359375 0.125 0.125
3 0.9921875 0.046875 0.125 0.125
2 0.98046875 0.109375 0.125 0.125
2 0.5859375 0.22265625 0.125 0.125
2 0.73046875 0.30078125 0.125 0.125
1 0.70703125 0.109375 0.125 0.125
3 0.3046875 0.9765625 0.125 0.125
1 0.30859375 0.6328125 0.125 0.125
1 0.33203125 0.56640625 0.125 0.125
3 0.5859375 0.63671875 0.125 0.125
2 0.58984375 0.7734375 0.125 0.125
2 0.72265625 0.78125 0.125 0.125
2 0.73046875 0.90234375 0.125 0.125
2 0.734375 0.70703125 0.125 0.125
1 0.73046875 0.578125 0.125 0.125
1 0.98046875 0.7734375 0.125 0.125
1 0.9921875 0.64453125 0.125 0.125
