4 0.3359375 0.15625 0.125 0.125
4 0.34375 0.28125 0.125 0.125
3 0.3125 0.3671875 0.125 0.125
1 0.3125 0.44140625 0.125 0.125
1 0.34375 0.22265625 0.125 0.125
3 0.6640625 0.09375 0.125 0.125
3 0.6640625 0.1640625 0.125 0.125
3 0.6640625 0.2890625 0.125 0.125
3 0.6640625 0.37109375 0.125 0.125
3 0.66796875 0.234375 0.125 0.125
2 0.83203125 0.01953125 0.125 0.125
1 0.65625 0.015625 0.125 0.125
1 0.67578125 0.4453125 0.125 0.125
4 0.296875 0.5859375 0.125 0.125
3 0.3125 0.8515625 0.125 0.125
3 0.31640625 0.5078125 0.125 0.125
1 0.3046875 0.65234375 0.125 0.125
2 0.64453125 0.51171875 0.125 0.125
1 0.671875 0.58203125 0.125 0.125
1 0.671875 0.6640625 0.125 0.125
1 0.671875 0.734375 0.125 0.125
