4 0.078125 0.421875 0.125 0.125
2 0.4921875 0.265625 0.125 0.125
2 0.49609375 0.22265625 0.125 0.125
3 0.07421875 0.12890625 0.125 0.125
3 0.08203125 0.203125 0.125 0.125
3 0.09765625 0.01953125 0.125 0.125
3 0.09765625 0.34765625 0.125 0.125
3 0.484375 0.10546875 0.125 0.125
1 0.08203125 0.26953125 0.125 0.125
1 0.09375 0.078125 0.125 0.125
1 0.18359375 0.10546875 0.125 0.125
1 0.203125 0.27734375 0.125 0.125
3 0.890625 0.4609375 0.125 0.125
3 0.9609375 0.203125 0.125 0.125
3 0.98046875 0.0703125 0.125 0.125
3 0.98046875 0.1328125 0.125 0.125
4 0.5 0.02734375 0.125 0.125
4 0.53125 0.3515625 0.125 0.125
2 0.68359375 0.0625 0.125 0.125
3 0.5234375 0.15625 0.125 0.125
1 0.64453125 0.296875 0.125 0.125
1 0.66796875 0.17578125 0.125 0.125
1 0.671875 0.43359375 0.125 0.125
1 0.67578125 0.36328125 0.125 0.125
4 0.1953125 0.6015625 0.125 0.125
1 0.1328125 0.875 0.125 0.125
1 0.140625 0.9375 0.125 0.125
1 0.22265625 0.8046875 0.125 0.125
1 0.25 0.89453125 0.125 0.125
1 0.47265625 0.54296875 0.125 0.125
3 0.90234375 0.5390625 0.125 0.125
4 0.5390625 0.76171875 0.125 0.125
4 0.7890625 0.8671875 0.125 0.125
3 0.76171875 0.51953125 0.125 0.125
3 0.79296875 0.94140625 0.125 0.125
1 0.51953125 0.94140625 0.125 0.125
1 0.6171875 0.7890625 0.125 0.125
1 0.64453125 0.875 0.125 0.125
