3 0.25390625 0.35546875 0.125 0.125
3 0.34375 0.25 0.125 0.125
3 0.453125 0.359375 0.125 0.125
2 0.05078125 0.25 0.125 0.125
1 0.1015625 0.35546875 0.125 0.125
1 0.109375 0.0625 0.125 0.125
1 0.30078125 0.15625 0.125 0.125
4 0.5078125 0.16796875 0.125 0.125
3 0.625 0.3671875 0.125 0.125
3 0.796875 0.37890625 0.125 0.125
3 0.984375 0.37109375 0.125 0.125
2 0.984375 0.16796875 0.125 0.125
1 0.77734375 0.16796875 0.125 0.125
3 0.26953125 0.7265625 0.125 0.125
3 0.3671875 0.72265625 0.125 0.125
3 0.46484375 0.73046875 0.125 0.125
1 0.0859375 0.73046875 0.125 0.125
1 0.18359375 0.73046875 0.125 0.125
1 0.265625 0.98046875 0.125 0.125
1 0.3984375 0.99609375 0.125 0.125
3 0.5625 0.734375 0.125 0.125
3 0.66796875 0.72265625 0.125 0.125
3 0.76171875 0.734375 0.125 0.125
3 0.859375 0.734375 0.125 0.125
2 0.8515625 0.99609375 0.125 0.125
1 0.578125 0.98828125 0.125 0.125
1 0.96484375 0.7265625 0.125 0.125
