3 0.28515625 0.01171875 0.125 0.125
3 0.37890625 0.3203125 0.125 0.125
3 0.38671875 0.40625 0.125 0.125
1 0.2734375 0.07421875 0.125 0.125
1 0.28515625 0.1640625 0.125 0.125
1 0.39453125 0.48046875 0.125 0.125
1 0.6171875 0.0859375 0.125 0.125
1 0.6328125 0.0234375 0.125 0.125
4 0.3828125 0.76171875 0.125 0.125
4 0.40625 0.91015625 0.125 0.125
3 0.0625 0.75390625 0.125 0.125
3 0.07421875 0.5390625 0.125 0.125
2 0.07421875 0.96875 0.125 0.125
2 0.390625 0.97265625 0.125 0.125
2 0.40234375 0.6875 0.125 0.125
1 0.06640625 0.69140625 0.125 0.125
1 0.08203125 0.890625 0.125 0.125
2 0.76953125 0.89453125 0.125 0.125
1 0.75 0.70703125 0.125 0.125
