3 0.0546875 0.34375 0.125 0.125
3 0.0625 0.14453125 0.125 0.125
3 0.390625 0.49609375 0.125 0.125
3 0.40625 0.21875 0.125 0.125
3 0.40625 0.2890625 0.125 0.125
2 0.06640625 0.21484375 0.125 0.125
2 0.3984375 0.42578125 0.125 0.125
1 0.0546875 0.28515625 0.125 0.125
1 0.05859375 0.07421875 0.125 0.125
1 0.24609375 0.296875 0.125 0.125
1 0.39453125 0.1484375 0.125 0.125
1 0.3984375 0.07421875 0.125 0.125
1 0.41015625 0.3515625 0.125 0.125
3 0.12890625 0.71484375 0.125 0.125
1 0.05078125 0.6875 0.125 0.125
1 0.203125 0.69140625 0.125 0.125
1 0.28515625 0.69921875 0.125 0.125
1 0.3984375 0.5625 0.125 0.125
