1 0.03515625 0.43359375 0.125 0.125
1 0.38671875 0.1953125 0.125 0.125
1 0.40234375 0.48828125 0.125 0.125
1 0.41015625 0.34375 0.125 0.125
2 0.390625 0.06640625 0.125 0.125
3 0.015625 0.21875 0.125 0.125
3 0.0234375 0.0859375 0.125 0.125
3 0.04296875 0.3671875 0.125 0.125
3 0.390625 0.265625 0.125 0.125
1 0.03125 0.515625 0.125 0.125
4 0.41015625 0.98046875 0.125 0.125
2 0.37890625 0.91796875 0.125 0.125
3 0.0390625 0.58984375 0.125 0.125
3 0.38671875 0.77734375 0.125 0.125
3 0.38671875 0.85546875 0.125 0.125
