2 0.25390625 0.1953125 0.125 0.125
3 0.58984375 0.49609375 0.125 0.125
3 0.59375 0.41796875 0.125 0.125
3 0.60546875 0.14453125 0.125 0.125
3 0.9453125 0.39453125 0.125 0.125
1 0.58203125 0.34375 0.125 0.125
1 0.85546875 0.390625 0.125 0.125
4 0.5703125 0.68359375 0.125 0.125
3 0.59375 0.62109375 0.125 0.125
3 0.78125 0.91015625 0.125 0.125
3 0.859375 0.53125 0.125 0.125
3 0.859375 0.91015625 0.125 0.125
3 0.9296875 0.8984375 0.125 0.125
1 0.59375 0.5546875 0.125 0.125
1 0.94140625 0.52734375 0.125 0.125
