3 0.015625 0.2109375 0.125 0.125
3 0.08984375 0.19140625 0.125 0.125
3 0.140625 0.33203125 0.125 0.125
3 0.1484375 0.1640625 0.125 0.125
3 0.1953125 0.03125 0.125 0.125
3 0.1953125 0.31640625 0.125 0.125
3 0.21484375 0.15625 0.125 0.125
3 0.234375 0.30859375 0.125 0.125
3 0.23828125 0.44140625 0.125 0.125
3 0.265625 0.01171875 0.125 0.125
3 0.28515625 0.16796875 0.125 0.125
3 0.3046875 0.30078125 0.125 0.125
3 0.33984375 0.12890625 0.125 0.125
3 0.40625 0.01171875 0.125 0.125
2 0.48828125 0.265625 0.125 0.125
1 0.02734375 0.359375 0.125 0.125
1 0.375 0.28125 0.125 0.125
4 0.55859375 0.26953125 0.125 0.125
4 0.7265625 0.296875 0.125 0.125
3 0.65234375 0.015625 0.125 0.125
1 0.67578125 0.33984375 0.125 0.125
1 0.76171875 0.2109375 0.125 0.125
4 0.3046875 0.6171875 0.125 0.125
4 0.37890625 0.50390625 0.125 0.125
4 0.41796875 0.640625 0.125 0.125
3 0.24609375 0.6171875 0.125 0.125
4 0.828125 0.65234375 0.125 0.125
4 0.88671875 0.66796875 0.125 0.125
3 0.50390625 0.64453125 0.125 0.125
3 0.5703125 0.625 0.125 0.125
3 0.6953125 0.6015625 0.125 0.125
3 0.83203125 0.5078125 0.125 0.125
