3 0.421875 0.20703125 0.125 0.125
3 0.42578125 0.28125 0.125 0.125
3 0.08984375 0.23828125 0.125 0.125
3 0.1796875 0.12890625 0.125 0.125
2 0.42578125 0.1328125 0.125 0.125
2 0.4453125 0.359375 0.125 0.125
1 0.41796875 0.43359375 0.125 0.125
1 0.42578125 0.0625 0.125 0.125
3 0.734375 0.15625 0.125 0.125
3 0.87890625 0.01953125 0.125 0.125
3 0.8828125 0.16015625 0.125 0.125
3 0.94921875 0.15625 0.125 0.125
1 0.796875 0.015625 0.125 0.125
1 0.80859375 0.15625 0.125 0.125
1 0.953125 0.01171875 0.125 0.125
3 0.265625 0.515625 0.125 0.125
3 0.40234375 0.52734375 0.125 0.125
3 0.14453125 0.51953125 0.125 0.125
1 0.01171875 0.54296875 0.125 0.125
1 0.07421875 0.53125 0.125 0.125
1 0.3359375 0.5234375 0.125 0.125
3 0.6875 0.50390625 0.125 0.125
3 0.75390625 0.5078125 0.125 0.125
3 0.83203125 0.5078125 0.125 0.125
3 0.90625 0.515625 0.125 0.125
3 0.93359375 0.9296875 0.125 0.125
1 0.546875 0.51953125 0.125 0.125
1 0.6171875 0.51171875 0.125 0.125
1 0.93359375 0.78515625 0.125 0.125
1 0.97265625 0.5234375 0.125 0.125
