1 0.30859375 0.18359375 0.125 0.125
1 0.3125 0.27734375 0.125 0.125
4 0.296875 0.36328125 0.125 0.125
3 0.29296875 0.4375 0.125 0.125
3 0.30078125 0.10546875 0.125 0.125
1 0.8515625 0.0234375 0.125 0.125
4 0.86328125 0.09765625 0.125 0.125
3 0.84375 0.2734375 0.125 0.125
3 0.8515625 0.1953125 0.125 0.125
3 0.8671875 0.33984375 0.125 0.125
4 0.2890625 0.6875 0.125 0.125
4 0.2890625 0.78515625 0.125 0.125
4 0.31640625 0.50390625 0.125 0.125
2 0.515625 0.96484375 0.125 0.125
4 0.59375 0.7734375 0.125 0.125
3 0.86328125 0.59375 0.125 0.125
