3 0.08984375 0.0546875 0.125 0.125
3 0.22265625 0.12890625 0.125 0.125
2 0.2421875 0.05859375 0.125 0.125
2 0.48828125 0.39453125 0.125 0.125
2 0.06640625 0.39453125 0.125 0.125
1 0.1953125 0.45703125 0.125 0.125
1 0.21484375 0.265625 0.125 0.125
1 0.22265625 0.328125 0.125 0.125
4 0.93359375 0.1953125 0.125 0.125
3 0.6484375 0.13671875 0.125 0.125
3 0.9140625 0.2734375 0.125 0.125
3 0.94140625 0.0703125 0.125 0.125
3 0.94140625 0.13671875 0.125 0.125
3 0.94921875 0.01171875 0.125 0.125
3 0.5 0.125 0.125 0.125
2 0.6328125 0.06640625 0.125 0.125
2 0.65625 0.47265625 0.125 0.125
2 0.9296875 0.4140625 0.125 0.125
1 0.64453125 0.26953125 0.125 0.125
1 0.65234375 0.33984375 0.125 0.125
1 0.65625 0.203125 0.125 0.125
3 0.2109375 0.875 0.125 0.125
3 0.22265625 0.93359375 0.125 0.125
3 0.4921875 0.546875 0.125 0.125
2 0.48046875 0.609375 0.125 0.125
2 0.0859375 0.72265625 0.125 0.125
2 0.23046875 0.80078125 0.125 0.125
1 0.20703125 0.609375 0.125 0.125
3 0.6171875 0.609375 0.125 0.125
3 0.63671875 0.7421875 0.125 0.125
3 0.91796875 0.95703125 0.125 0.125
3 0.51953125 0.9375 0.125 0.125
1 0.90625 0.62109375 0.125 0.125
1 0.93359375 0.7421875 0.125 0.125
