3 0.08984375 0.48046875 0.125 0.125
4 0.95703125 0.109375 0.125 0.125
3 0.94140625 0.234375 0.125 0.125
3 0.94921875 0.390625 0.125 0.125
3 0.953125 0.453125 0.125 0.125
3 0.95703125 0.1796875 0.125 0.125
3 0.5 0.453125 0.125 0.125
3 0.62890625 0.2421875 0.125 0.125
3 0.62890625 0.31640625 0.125 0.125
3 0.6328125 0.3828125 0.125 0.125
1 0.95703125 0.31640625 0.125 0.125
3 0.046875 0.76953125 0.125 0.125
3 0.10546875 0.9296875 0.125 0.125
3 0.1328125 0.76953125 0.125 0.125
3 0.16796875 0.88671875 0.125 0.125
3 0.46484375 0.7421875 0.125 0.125
3 0.47265625 0.87890625 0.125 0.125
3 0.4765625 0.671875 0.125 0.125
3 0.48046875 0.515625 0.125 0.125
1 0.4765625 0.80078125 0.125 0.125
1 0.4921875 0.59375 0.125 0.125
1 0.4921875 0.953125 0.125 0.125
4 0.62890625 0.58984375 0.125 0.125
3 0.9453125 0.73828125 0.125 0.125
3 0.94921875 0.52734375 0.125 0.125
3 0.94921875 0.9609375 0.125 0.125
3 0.953125 0.88671875 0.125 0.125
3 0.61328125 0.9453125 0.125 0.125
3 0.6171875 0.8203125 0.125 0.125
1 0.60546875 0.89453125 0.125 0.125
1 0.61328125 0.7421875 0.125 0.125
1 0.6171875 0.671875 0.125 0.125
1 0.63671875 0.515625 0.125 0.125
1 0.9453125 0.828125 0.125 0.125
1 0.9609375 0.60546875 0.125 0.125
