4 0.3984375 0.09765625 0.125 0.125
2 0.44921875 0.19921875 0.125 0.125
2 0.4609375 0.2734375 0.125 0.125
1 0.4765625 0.36328125 0.125 0.125
4 0.63671875 0.3046875 0.125 0.125
4 0.81640625 0.4921875 0.125 0.125
4 0.84375 0.40234375 0.125 0.125
2 0.5703125 0.05859375 0.125 0.125
2 0.6171875 0.234375 0.125 0.125
2 0.66796875 0.3671875 0.125 0.125
2 0.69140625 0.07421875 0.125 0.125
2 0.76171875 0.02734375 0.125 0.125
2 0.8046875 0.2734375 0.125 0.125
2 0.86328125 0.01171875 0.125 0.125
1 0.5 0.421875 0.125 0.125
1 0.5234375 0.49609375 0.125 0.125
1 0.59765625 0.13671875 0.125 0.125
1 0.671875 0.453125 0.125 0.125
1 0.8046875 0.33984375 0.125 0.125
2 0.515625 0.671875 0.125 0.125
2 0.5390625 0.8125 0.125 0.125
2 0.65234375 0.66796875 0.125 0.125
2 0.66015625 0.95703125 0.125 0.125
2 0.78125 0.7890625 0.125 0.125
2 0.8125 0.92578125 0.125 0.125
2 0.83984375 0.54296875 0.125 0.125
2 0.88671875 0.9140625 0.125 0.125
2 0.96875 0.89453125 0.125 0.125
1 0.58984375 0.72265625 0.125 0.125
1 0.58984375 0.9765625 0.125 0.125
1 0.7109375 0.80078125 0.125 0.125
1 0.7421875 0.9609375 0.125 0.125
1 0.84375 0.65234375 0.125 0.125
1 0.8515625 0.7890625 0.125 0.125
1 0.91796875 0.7734375 0.125 0.125
1 0.984375 0.77734375 0.125 0.125
