2 0.1328125 0.12890625 0.125 0.125
2 0.1640625 0.29296875 0.125 0.125
2 0.19921875 0.453125 0.125 0.125
2 0.28125 0.09765625 0.125 0.125
2 0.4296875 0.07421875 0.125 0.125
2 0.4765625 0.4375 0.125 0.125
1 0.19921875 0.125 0.125 0.125
1 0.27734375 0.46875 0.125 0.125
1 0.33203125 0.44140625 0.125 0.125
1 0.41015625 0.44140625 0.125 0.125
3 0.69921875 0.125 0.125 0.125
3 0.703125 0.26171875 0.125 0.125
3 0.70703125 0.40625 0.125 0.125
3 0.74609375 0.015625 0.125 0.125
3 0.76171875 0.26171875 0.125 0.125
3 0.765625 0.11328125 0.125 0.125
3 0.76953125 0.39453125 0.125 0.125
3 0.828125 0.1171875 0.125 0.125
3 0.83984375 0.25390625 0.125 0.125
3 0.83984375 0.38671875 0.125 0.125
3 0.8828125 0.12109375 0.125 0.125
3 0.8984375 0.25390625 0.125 0.125
3 0.90625 0.38671875 0.125 0.125
3 0.99609375 0.16015625 0.125 0.125
1 0.296875 0.61328125 0.125 0.125
1 0.3671875 0.6015625 0.125 0.125
1 0.4375 0.58984375 0.125 0.125
3 0.78125 0.5234375 0.125 0.125
3 0.83984375 0.51953125 0.125 0.125
2 0.50390625 0.55859375 0.125 0.125
2 0.53125 0.75390625 0.125 0.125
2 0.75 0.953125 0.125 0.125
2 0.77734375 0.83984375 0.125 0.125
2 0.95703125 0.8203125 0.125 0.125
2 0.96484375 0.75390625 0.125 0.125
1 0.62109375 0.71875 0.125 0.125
1 0.63671875 0.6484375 0.125 0.125
1 0.7890625 0.76953125 0.125 0.125
1 0.91015625 0.51171875 0.125 0.125
