3 0.1328125 0.26953125 0.125 0.125
3 0.296875 0.265625 0.125 0.125
2 0.03125 0.296875 0.125 0.125
1 0.46484375 0.2734375 0.125 0.125
1 0.0625 0.38671875 0.125 0.125
1 0.23046875 0.21875 0.125 0.125
1 0.30859375 0.36328125 0.125 0.125
1 0.3828125 0.2578125 0.125 0.125
1 0.3828125 0.3984375 0.125 0.125
3 0.640625 0.37890625 0.125 0.125
3 0.73046875 0.37890625 0.125 0.125
3 0.80078125 0.26171875 0.125 0.125
3 0.80078125 0.38671875 0.125 0.125
1 0.5546875 0.265625 0.125 0.125
1 0.56640625 0.3671875 0.125 0.125
1 0.63671875 0.26171875 0.125 0.125
1 0.71484375 0.25 0.125 0.125
1 0.89453125 0.25 0.125 0.125
1 0.89453125 0.41015625 0.125 0.125
3 0.4453125 0.7109375 0.125 0.125
1 0.0234375 0.69140625 0.125 0.125
1 0.1015625 0.6953125 0.125 0.125
1 0.203125 0.69921875 0.125 0.125
3 0.51171875 0.6953125 0.125 0.125
