3 0.234375 0.3359375 0.125 0.125
3 0.36328125 0.34375 0.125 0.125
3 0.39453125 0.47265625 0.125 0.125
3 0.4921875 0.484375 0.125 0.125
3 0.49609375 0.33984375 0.125 0.125
3 0.00390625 0.3671875 0.125 0.125
1 0.10546875 0.41796875 0.125 0.125
1 0.203125 0.46875 0.125 0.125
1 0.3125 0.47265625 0.125 0.125
3 0.625 0.4765625 0.125 0.125
3 0.7421875 0.4765625 0.125 0.125
3 0.8515625 0.46875 0.125 0.125
4 0.15234375 0.83984375 0.125 0.125
1 0.1171875 0.7578125 0.125 0.125
1 0.140625 0.9921875 0.125 0.125
1 0.15625 0.9140625 0.125 0.125
1 0.31640625 0.8203125 0.125 0.125
