3 0.4921875 0.4375 0.125 0.125
1 0.28515625 0.4453125 0.125 0.125
1 0.33984375 0.34375 0.125 0.125
3 0.53515625 0.33984375 0.125 0.125
3 0.96484375 0.35546875 0.125 0.125
1 0.65625 0.4453125 0.125 0.125
1 0.78125 0.34765625 0.125 0.125
3 0.2734375 0.63671875 0.125 0.125
2 0.26953125 0.52734375 0.125 0.125
1 0.46484375 0.63671875 0.125 0.125
3 0.9453125 0.53515625 0.125 0.125
1 0.53515625 0.53515625 0.125 0.125
1 0.6875 0.63671875 0.125 0.125
1 0.74609375 0.546875 0.125 0.125
1 0.94921875 0.65234375 0.125 0.125
