3 0.47265625 0.453125 0.125 0.125
4 0.609375 0.46875 0.125 0.125
3 0.60546875 0.39453125 0.125 0.125
3 0.6171875 0.2578125 0.125 0.125
3 0.9609375 0.05859375 0.125 0.125
3 0.96484375 0.3203125 0.125 0.125
3 0.97265625 0.1953125 0.125 0.125
3 0.97265625 0.26171875 0.125 0.125
3 0.97265625 0.4609375 0.125 0.125
3 0.98046875 0.3828125 0.125 0.125
1 0.98828125 0.125 0.125 0.125
4 0.40625 0.76953125 0.125 0.125
1 0.125 0.76171875 0.125 0.125
1 0.27734375 0.75390625 0.125 0.125
4 0.55859375 0.76953125 0.125 0.125
3 0.83984375 0.77734375 0.125 0.125
3 0.90625 0.7890625 0.125 0.125
2 0.69921875 0.7890625 0.125 0.125
1 0.62109375 0.76953125 0.125 0.125
1 0.76953125 0.78515625 0.125 0.125
1 0.98828125 0.78125 0.125 0.125
