4 0.61328125 0.41796875 0.125 0.125
4 0.9140625 0.484375 0.125 0.125
3 0.58984375 0.0546875 0.125 0.125
2 0.56640625 0.125 0.125 0.125
1 0.5703125 0.48046875 0.125 0.125
3 0.38671875 0.8203125 0.125 0.125
2 0.21875 0.66796875 0.125 0.125
1 0.04296875 0.94921875 0.125 0.125
1 0.3828125 0.7265625 0.125 0.125
1 0.38671875 0.921875 0.125 0.125
4 0.5625 0.62890625 0.125 0.125
3 0.88671875 0.9921875 0.125 0.125
3 0.5703125 0.546875 0.125 0.125
1 0.90625 0.63671875 0.125 0.125
1 0.9140625 0.5625 0.125 0.125
1 0.91796875 0.69921875 0.125 0.125
1 0.5234375 0.98046875 0.125 0.125
1 0.55859375 0.83203125 0.125 0.125
