4 0.0 0.26171875 0.125 0.125
4 0.05859375 0.41796875 0.125 0.125
4 0.0703125 0.08984375 0.125 0.125
4 0.16796875 0.16796875 0.125 0.125
4 0.1796875 0.4375 0.125 0.125
4 0.18359375 0.09375 0.125 0.125
4 0.30859375 0.4375 0.125 0.125
3 0.06640625 0.0078125 0.125 0.125
3 0.15234375 0.3515625 0.125 0.125
3 0.19140625 0.01953125 0.125 0.125
3 0.3125 0.296875 0.125 0.125
3 0.31640625 0.234375 0.125 0.125
3 0.31640625 0.36328125 0.125 0.125
3 0.3203125 0.09375 0.125 0.125
3 0.32421875 0.015625 0.125 0.125
3 0.00390625 0.10546875 0.125 0.125
4 0.1640625 0.90234375 0.125 0.125
4 0.171875 0.6328125 0.125 0.125
4 0.3203125 0.50390625 0.125 0.125
4 0.32421875 0.5703125 0.125 0.125
4 0.32421875 0.64453125 0.125 0.125
4 0.32421875 0.765625 0.125 0.125
4 0.33203125 0.828125 0.125 0.125
3 0.171875 0.5625 0.125 0.125
3 0.17578125 0.765625 0.125 0.125
3 0.17578125 0.828125 0.125 0.125
3 0.0546875 0.55078125 0.125 0.125
3 0.05859375 0.87109375 0.125 0.125
1 0.046875 0.72265625 0.125 0.125
