3 0.07421875 0.1171875 0.125 0.125
3 0.08203125 0.19921875 0.125 0.125
3 0.24609375 0.36328125 0.125 0.125
3 0.34375 0.36328125 0.125 0.125
2 0.08984375 0.3046875 0.125 0.125
1 0.046875 0.375 0.125 0.125
1 0.078125 0.0546875 0.125 0.125
1 0.4765625 0.38671875 0.125 0.125
4 0.4453125 0.5859375 0.125 0.125
3 0.15625 0.50390625 0.125 0.125
3 0.15625 0.93359375 0.125 0.125
3 0.3125 0.96484375 0.125 0.125
3 0.3203125 0.6015625 0.125 0.125
3 0.3671875 0.96875 0.125 0.125
3 0.38671875 0.59765625 0.125 0.125
2 0.43359375 0.97265625 0.125 0.125
1 0.125 0.65625 0.125 0.125
1 0.14453125 0.57421875 0.125 0.125
1 0.16796875 0.85546875 0.125 0.125
1 0.25 0.6171875 0.125 0.125
1 0.25390625 0.97265625 0.125 0.125
3 0.5 0.97265625 0.125 0.125
3 0.515625 0.5859375 0.125 0.125
3 0.56640625 0.97265625 0.125 0.125
3 0.625 0.97265625 0.125 0.125
3 0.703125 0.6015625 0.125 0.125
3 0.765625 0.609375 0.125 0.125
1 0.57421875 0.58984375 0.125 0.125
1 0.76171875 0.95703125 0.125 0.125
