3 0.49609375 0.05859375 0.125 0.125
2 0.33984375 0.40234375 0.125 0.125
2 0.421875 0.05078125 0.125 0.125
2 0.421875 0.40234375 0.125 0.125
1 0.34375 0.0625 0.125 0.125
3 0.93359375 0.07421875 0.125 0.125
3 0.6484375 0.05859375 0.125 0.125
2 0.57421875 0.4296875 0.125 0.125
2 0.78515625 0.05078125 0.125 0.125
1 0.5703125 0.07421875 0.125 0.125
1 0.8515625 0.43359375 0.125 0.125
3 0.33984375 0.9765625 0.125 0.125
3 0.4921875 0.62109375 0.125 0.125
1 0.3359375 0.61328125 0.125 0.125
1 0.421875 0.62109375 0.125 0.125
3 0.78125 0.98828125 0.125 0.125
2 0.64453125 0.63671875 0.125 0.125
