4 0.3203125 0.49609375 0.125 0.125
3 0.0703125 0.1328125 0.125 0.125
3 0.30859375 0.08984375 0.125 0.125
3 0.375 0.0625 0.125 0.125
2 0.015625 0.28515625 0.125 0.125
2 0.09375 0.2734375 0.125 0.125
1 0.140625 0.1171875 0.125 0.125
1 0.18359375 0.28125 0.125 0.125
1 0.21875 0.08984375 0.125 0.125
1 0.25390625 0.27734375 0.125 0.125
1 0.33203125 0.2578125 0.125 0.125
1 0.390625 0.24609375 0.125 0.125
1 0.453125 0.078125 0.125 0.125
1 0.46484375 0.23046875 0.125 0.125
4 0.53125 0.05078125 0.125 0.125
4 0.953125 0.2890625 0.125 0.125
3 0.88671875 0.41015625 0.125 0.125
3 0.97265625 0.11328125 0.125 0.125
1 0.625 0.20703125 0.125 0.125
3 0.015625 0.7109375 0.125 0.125
3 0.08984375 0.69140625 0.125 0.125
3 0.140625 0.83203125 0.125 0.125
3 0.1484375 0.6640625 0.125 0.125
3 0.1953125 0.53125 0.125 0.125
3 0.1953125 0.81640625 0.125 0.125
3 0.21484375 0.65625 0.125 0.125
3 0.234375 0.80859375 0.125 0.125
3 0.23828125 0.94140625 0.125 0.125
3 0.265625 0.51171875 0.125 0.125
3 0.28515625 0.66796875 0.125 0.125
3 0.3046875 0.80078125 0.125 0.125
3 0.33984375 0.62890625 0.125 0.125
3 0.40625 0.51171875 0.125 0.125
2 0.48828125 0.765625 0.125 0.125
1 0.02734375 0.859375 0.125 0.125
1 0.375 0.78125 0.125 0.125
4 0.55859375 0.76953125 0.125 0.125
4 0.7265625 0.796875 0.125 0.125
3 0.65234375 0.515625 0.125 0.125
1 0.67578125 0.83984375 0.125 0.125
1 0.76171875 0.7109375 0.125 0.125
