3 0.0234375 0.09375 0.125 0.125
3 0.03125 0.21875 0.125 0.125
3 0.05859375 0.36328125 0.125 0.125
3 0.0859375 0.0625 0.125 0.125
3 0.0859375 0.203125 0.125 0.125
3 0.08984375 0.4921875 0.125 0.125
3 0.1171875 0.33984375 0.125 0.125
3 0.13671875 0.05859375 0.125 0.125
3 0.14453125 0.1875 0.125 0.125
3 0.1484375 0.48046875 0.125 0.125
3 0.18359375 0.03125 0.125 0.125
3 0.1875 0.3203125 0.125 0.125
3 0.1953125 0.4609375 0.125 0.125
3 0.19921875 0.17578125 0.125 0.125
3 0.24609375 0.44140625 0.125 0.125
3 0.25 0.0234375 0.125 0.125
3 0.2578125 0.1484375 0.125 0.125
3 0.296875 0.1328125 0.125 0.125
3 0.30859375 0.0 0.125 0.125
3 0.36328125 0.125 0.125 0.125
3 0.4140625 0.109375 0.125 0.125
3 0.46875 0.0859375 0.125 0.125
3 0.53515625 0.06640625 0.125 0.125
3 0.56640625 0.44921875 0.125 0.125
3 0.5859375 0.05859375 0.125 0.125
3 0.62109375 0.4609375 0.125 0.125
3 0.65625 0.046875 0.125 0.125
3 0.7109375 0.0234375 0.125 0.125
1 0.5078125 0.4921875 0.125 0.125
3 0.0390625 0.50390625 0.125 0.125
3 0.2734375 0.60546875 0.125 0.125
3 0.3359375 0.5703125 0.125 0.125
3 0.390625 0.53125 0.125 0.125
3 0.453125 0.51171875 0.125 0.125
3 0.4609375 0.66015625 0.125 0.125
4 0.69921875 0.58203125 0.125 0.125
3 0.515625 0.6484375 0.125 0.125
3 0.5703125 0.6171875 0.125 0.125
3 0.625 0.61328125 0.125 0.125
3 0.64453125 0.73828125 0.125 0.125
3 0.703125 0.71875 0.125 0.125
3 0.76953125 0.7109375 0.125 0.125
3 0.828125 0.6796875 0.125 0.125
3 0.83984375 0.828125 0.125 0.125
3 0.97265625 0.89453125 0.125 0.125
