3 0.01171875 0.28515625 0.125 0.125
3 0.08203125 0.26953125 0.125 0.125
3 0.08203125 0.40625 0.125 0.125
3 0.1484375 0.390625 0.125 0.125
3 0.29296875 0.26171875 0.125 0.125
3 0.3203125 0.39453125 0.125 0.125
3 0.41015625 0.28125 0.125 0.125
3 0.421875 0.4140625 0.125 0.125
3 0.49609375 0.39453125 0.125 0.125
1 0.17578125 0.3046875 0.125 0.125
4 0.765625 0.296875 0.125 0.125
3 0.50390625 0.26953125 0.125 0.125
3 0.640625 0.03515625 0.125 0.125
3 0.66015625 0.390625 0.125 0.125
3 0.671875 0.296875 0.125 0.125
3 0.74609375 0.3984375 0.125 0.125
3 0.7578125 0.0703125 0.125 0.125
2 0.90234375 0.3671875 0.125 0.125
1 0.5703125 0.26171875 0.125 0.125
1 0.578125 0.390625 0.125 0.125
1 0.8515625 0.42578125 0.125 0.125
3 0.03125 0.99609375 0.125 0.125
3 0.05859375 0.62890625 0.125 0.125
3 0.1015625 0.98828125 0.125 0.125
3 0.1328125 0.765625 0.125 0.125
3 0.140625 0.625 0.125 0.125
3 0.2109375 0.78125 0.125 0.125
3 0.27734375 0.9921875 0.125 0.125
3 0.30078125 0.6484375 0.125 0.125
3 0.3828125 0.76953125 0.125 0.125
3 0.40234375 0.6171875 0.125 0.125
3 0.47265625 0.765625 0.125 0.125
1 0.37109375 0.99609375 0.125 0.125
1 0.48046875 0.63671875 0.125 0.125
1 0.05859375 0.7421875 0.125 0.125
1 0.18359375 0.9921875 0.125 0.125
1 0.2109375 0.65625 0.125 0.125
4 0.81640625 0.75390625 0.125 0.125
4 0.9765625 0.76953125 0.125 0.125
3 0.640625 0.640625 0.125 0.125
3 0.73046875 0.6328125 0.125 0.125
3 0.80859375 0.6328125 0.125 0.125
3 0.88671875 0.6328125 0.125 0.125
3 0.9765625 0.6328125 0.125 0.125
1 0.5546875 0.6484375 0.125 0.125
1 0.56640625 0.74609375 0.125 0.125
1 0.64453125 0.76171875 0.125 0.125
1 0.71875 0.765625 0.125 0.125
1 0.89453125 0.76953125 0.125 0.125
