1 0.2578125 0.34375 0.125 0.125
1 0.41796875 0.34765625 0.125 0.125
3 0.9296875 0.34765625 0.125 0.125
1 0.61328125 0.34765625 0.125 0.125
1 0.7578125 0.3515625 0.125 0.125
4 0.2734375 0.58203125 0.125 0.125
2 0.15625 0.828125 0.125 0.125
2 0.328125 0.58203125 0.125 0.125
1 0.16015625 0.75390625 0.125 0.125
1 0.40625 0.578125 0.125 0.125
1 0.48046875 0.59375 0.125 0.125
1 0.4921875 0.8828125 0.125 0.125
1 0.4921875 0.96484375 0.125 0.125
3 0.5390625 0.6015625 0.125 0.125
1 0.61328125 0.609375 0.125 0.125
