4 0.05078125 0.46484375 0.125 0.125
4 0.05859375 0.32421875 0.125 0.125
3 0.23828125 0.2890625 0.125 0.125
3 0.24609375 0.21875 0.125 0.125
3 0.25 0.4140625 0.125 0.125
3 0.26171875 0.015625 0.125 0.125
3 0.26171875 0.13671875 0.125 0.125
1 0.0546875 0.40625 0.125 0.125
1 0.24609375 0.48046875 0.125 0.125
1 0.25 0.34765625 0.125 0.125
1 0.25390625 0.0859375 0.125 0.125
3 0.55859375 0.2109375 0.125 0.125
3 0.55859375 0.34765625 0.125 0.125
3 0.5625 0.26953125 0.125 0.125
3 0.69921875 0.01171875 0.125 0.125
3 0.703125 0.21875 0.125 0.125
3 0.70703125 0.14453125 0.125 0.125
3 0.71484375 0.421875 0.125 0.125
3 0.71875 0.08203125 0.125 0.125
3 0.73046875 0.4921875 0.125 0.125
2 0.5703125 0.15234375 0.125 0.125
2 0.72265625 0.2890625 0.125 0.125
1 0.55859375 0.07421875 0.125 0.125
1 0.56640625 0.42578125 0.125 0.125
1 0.56640625 0.48828125 0.125 0.125
1 0.5703125 0.015625 0.125 0.125
4 0.05078125 0.96875 0.125 0.125
4 0.234375 0.5625 0.125 0.125
4 0.23828125 0.953125 0.125 0.125
3 0.2421875 0.75 0.125 0.125
3 0.24609375 0.6875 0.125 0.125
1 0.22265625 0.82421875 0.125 0.125
1 0.23828125 0.890625 0.125 0.125
1 0.2421875 0.6171875 0.125 0.125
4 0.71875 0.625 0.125 0.125
4 0.71875 0.9609375 0.125 0.125
4 0.72265625 0.56640625 0.125 0.125
3 0.5546875 0.6875 0.125 0.125
3 0.5546875 0.8984375 0.125 0.125
1 0.5390625 0.83203125 0.125 0.125
1 0.546875 0.76171875 0.125 0.125
1 0.55078125 0.55859375 0.125 0.125
1 0.55859375 0.6171875 0.125 0.125
1 0.56640625 0.96484375 0.125 0.125
1 0.7109375 0.6875 0.125 0.125
1 0.7109375 0.74609375 0.125 0.125
1 0.71484375 0.89453125 0.125 0.125
1 0.7265625 0.82421875 0.125 0.125
