3 0.1171875 0.109375 0.125 0.125
3 0.13671875 0.2421875 0.125 0.125
3 0.41796875 0.45703125 0.125 0.125
3 0.01953125 0.4375 0.125 0.125
1 0.40625 0.12109375 0.125 0.125
1 0.43359375 0.2421875 0.125 0.125
4 0.84765625 0.30078125 0.125 0.125
3 0.5703125 0.38671875 0.125 0.125
3 0.578125 0.3203125 0.125 0.125
2 0.57421875 0.05078125 0.125 0.125
2 0.57421875 0.125 0.125 0.125
2 0.57421875 0.23828125 0.125 0.125
2 0.83984375 0.4375 0.125 0.125
2 0.85546875 0.1015625 0.125 0.125
3 0.13671875 0.91796875 0.125 0.125
3 0.15234375 0.58203125 0.125 0.125
3 0.15625 0.72265625 0.125 0.125
3 0.4140625 0.51953125 0.125 0.125
3 0.421875 0.71875 0.125 0.125
3 0.421875 0.859375 0.125 0.125
3 0.43359375 0.65234375 0.125 0.125
3 0.0078125 0.57421875 0.125 0.125
2 0.15625 0.65625 0.125 0.125
2 0.40625 0.921875 0.125 0.125
2 0.4296875 0.5859375 0.125 0.125
1 0.1171875 0.78515625 0.125 0.125
1 0.13671875 0.51953125 0.125 0.125
1 0.13671875 0.86328125 0.125 0.125
1 0.15234375 0.984375 0.125 0.125
3 0.84765625 0.5 0.125 0.125
3 0.84765625 0.90625 0.125 0.125
3 0.85546875 0.77734375 0.125 0.125
3 0.859375 0.65234375 0.125 0.125
3 0.8671875 0.57421875 0.125 0.125
3 0.8671875 0.71875 0.125 0.125
2 0.546875 0.98828125 0.125 0.125
2 0.5546875 0.796875 0.125 0.125
2 0.578125 0.58984375 0.125 0.125
2 0.84765625 0.8515625 0.125 0.125
1 0.52734375 0.9296875 0.125 0.125
1 0.546875 0.71875 0.125 0.125
1 0.546875 0.85546875 0.125 0.125
