3 0.015625 0.265625 0.125 0.125
3 0.015625 0.453125 0.125 0.125
3 0.1796875 0.359375 0.125 0.125
1 0.00390625 0.078125 0.125 0.125
1 0.17578125 0.0859375 0.125 0.125
1 0.19140625 0.4453125 0.125 0.125
1 0.25390625 0.265625 0.125 0.125
3 0.52734375 0.1484375 0.125 0.125
3 0.67578125 0.44140625 0.125 0.125
4 0.171875 0.72265625 0.125 0.125
3 0.1640625 0.5859375 0.125 0.125
2 0.0078125 0.5625 0.125 0.125
1 0.00390625 0.75 0.125 0.125
1 0.00390625 0.8671875 0.125 0.125
1 0.0078125 0.66015625 0.125 0.125
3 0.5078125 0.87890625 0.125 0.125
3 0.51171875 0.5703125 0.125 0.125
3 0.51953125 0.796875 0.125 0.125
1 0.50390625 0.671875 0.125 0.125
1 0.5078125 0.97265625 0.125 0.125
