4 0.40234375 0.234375 0.125 0.125
4 0.40625 0.29296875 0.125 0.125
3 0.3984375 0.1640625 0.125 0.125
3 0.40234375 0.02734375 0.125 0.125
3 0.421875 0.09375 0.125 0.125
4 0.55078125 0.46875 0.125 0.125
4 0.5625 0.02734375 0.125 0.125
4 0.5625 0.24609375 0.125 0.125
4 0.56640625 0.3984375 0.125 0.125
2 0.5625 0.31640625 0.125 0.125
1 0.5625 0.18359375 0.125 0.125
1 0.56640625 0.1015625 0.125 0.125
4 0.54296875 0.5234375 0.125 0.125
4 0.54296875 0.88671875 0.125 0.125
3 0.54296875 0.82421875 0.125 0.125
3 0.546875 0.67578125 0.125 0.125
3 0.546875 0.74609375 0.125 0.125
3 0.56640625 0.95703125 0.125 0.125
