4 0.390625 0.32421875 0.125 0.125
3 0.04296875 0.06640625 0.125 0.125
3 0.08203125 0.32421875 0.125 0.125
3 0.12109375 0.06640625 0.125 0.125
3 0.15625 0.3203125 0.125 0.125
3 0.20703125 0.06640625 0.125 0.125
3 0.23828125 0.31640625 0.125 0.125
3 0.296875 0.06640625 0.125 0.125
3 0.32421875 0.31640625 0.125 0.125
3 0.3671875 0.06640625 0.125 0.125
3 0.46875 0.3203125 0.125 0.125
1 0.45703125 0.06640625 0.125 0.125
3 0.63671875 0.31640625 0.125 0.125
3 0.70703125 0.31640625 0.125 0.125
3 0.97265625 0.30078125 0.125 0.125
3 0.98046875 0.125 0.125 0.125
3 0.5703125 0.32421875 0.125 0.125
1 0.546875 0.32421875 0.125 0.125
1 0.55078125 0.06640625 0.125 0.125
1 0.62109375 0.0703125 0.125 0.125
1 0.7109375 0.06640625 0.125 0.125
3 0.11328125 0.65625 0.125 0.125
1 0.40234375 0.66796875 0.125 0.125
3 0.578125 0.6640625 0.125 0.125
