4 0.4453125 0.43359375 0.125 0.125
3 0.015625 0.4140625 0.125 0.125
3 0.07421875 0.39453125 0.125 0.125
3 0.08984375 0.25 0.125 0.125
3 0.140625 0.36328125 0.125 0.125
3 0.14453125 0.21875 0.125 0.125
3 0.1953125 0.33984375 0.125 0.125
3 0.26171875 0.30859375 0.125 0.125
3 0.3125 0.28125 0.125 0.125
3 0.33203125 0.4921875 0.125 0.125
3 0.375 0.25 0.125 0.125
3 0.390625 0.47265625 0.125 0.125
1 0.02734375 0.28515625 0.125 0.125
1 0.05078125 0.0390625 0.125 0.125
1 0.10546875 0.01953125 0.125 0.125
1 0.203125 0.19921875 0.125 0.125
1 0.2578125 0.1640625 0.125 0.125
1 0.3203125 0.140625 0.125 0.125
4 0.1640625 0.9375 0.125 0.125
4 0.41015625 0.81640625 0.125 0.125
3 0.48046875 0.94140625 0.125 0.125
3 0.00390625 0.78515625 0.125 0.125
3 0.03515625 0.63671875 0.125 0.125
3 0.03515625 0.99609375 0.125 0.125
3 0.0625 0.75390625 0.125 0.125
3 0.08984375 0.6015625 0.125 0.125
3 0.09375 0.96875 0.125 0.125
3 0.1328125 0.7265625 0.125 0.125
3 0.1484375 0.5703125 0.125 0.125
3 0.1953125 0.703125 0.125 0.125
3 0.20703125 0.546875 0.125 0.125
3 0.22265625 0.91015625 0.125 0.125
3 0.2734375 0.515625 0.125 0.125
3 0.28515625 0.8828125 0.125 0.125
3 0.328125 0.64453125 0.125 0.125
3 0.33203125 0.8515625 0.125 0.125
3 0.3828125 0.625 0.125 0.125
3 0.421875 0.97265625 0.125 0.125
3 0.4609375 0.78515625 0.125 0.125
2 0.08984375 0.86328125 0.125 0.125
1 0.44921875 0.6015625 0.125 0.125
4 0.59765625 0.7265625 0.125 0.125
3 0.51171875 0.5703125 0.125 0.125
3 0.52734375 0.7578125 0.125 0.125
3 0.55078125 0.92578125 0.125 0.125
3 0.6015625 0.88671875 0.125 0.125
1 0.66015625 0.8828125 0.125 0.125
