1 0.3125 0.33984375 0.125 0.125
1 0.3203125 0.15625 0.125 0.125
3 0.6484375 0.11328125 0.125 0.125
3 0.921875 0.2109375 0.125 0.125
1 0.640625 0.265625 0.125 0.125
1 0.9453125 0.07421875 0.125 0.125
4 0.45703125 0.7890625 0.125 0.125
3 0.1015625 0.64453125 0.125 0.125
3 0.2890625 0.65234375 0.125 0.125
3 0.37109375 0.796875 0.125 0.125
3 0.6171875 0.78515625 0.125 0.125
3 0.72265625 0.89453125 0.125 0.125
3 0.734375 0.96484375 0.125 0.125
3 0.75 0.63671875 0.125 0.125
3 0.953125 0.796875 0.125 0.125
3 0.984375 0.7421875 0.125 0.125
1 0.6796875 0.62890625 0.125 0.125
1 0.9609375 0.63671875 0.125 0.125
1 0.97265625 0.57421875 0.125 0.125
