4 0.38671875 0.4140625 0.125 0.125
3 0.13671875 0.30859375 0.125 0.125
3 0.3203125 0.4140625 0.125 0.125
3 0.4921875 0.421875 0.125 0.125
2 0.23046875 0.31640625 0.125 0.125
1 0.13671875 0.40234375 0.125 0.125
3 0.90625 0.42578125 0.125 0.125
3 0.57421875 0.41015625 0.125 0.125
3 0.6484375 0.41015625 0.125 0.125
3 0.82421875 0.421875 0.125 0.125
1 0.74609375 0.40625 0.125 0.125
1 0.84765625 0.2734375 0.125 0.125
4 0.40625 0.6953125 0.125 0.125
4 0.4765625 0.671875 0.125 0.125
3 0.10546875 0.66015625 0.125 0.125
3 0.3125 0.83984375 0.125 0.125
3 0.32421875 0.6953125 0.125 0.125
1 0.03515625 0.8203125 0.125 0.125
1 0.37890625 0.81640625 0.125 0.125
1 0.44921875 0.828125 0.125 0.125
3 0.91796875 0.8203125 0.125 0.125
3 0.984375 0.83203125 0.125 0.125
3 0.57421875 0.69140625 0.125 0.125
3 0.640625 0.80859375 0.125 0.125
3 0.6640625 0.6953125 0.125 0.125
3 0.70703125 0.828125 0.125 0.125
3 0.77734375 0.83203125 0.125 0.125
3 0.83203125 0.69140625 0.125 0.125
3 0.84765625 0.83984375 0.125 0.125
1 0.50390625 0.81640625 0.125 0.125
1 0.7578125 0.6953125 0.125 0.125
