2 0.15234375 0.32421875 0.125 0.125
1 0.15234375 0.46484375 0.125 0.125
1 0.01171875 0.453125 0.125 0.125
1 0.15234375 0.23046875 0.125 0.125
2 0.52734375 0.4140625 0.125 0.125
2 0.52734375 0.4921875 0.125 0.125
2 0.53125 0.33984375 0.125 0.125
2 0.5390625 0.265625 0.125 0.125
1 0.52734375 0.17578125 0.125 0.125
3 0.140625 0.75390625 0.125 0.125
3 0.16015625 0.82421875 0.125 0.125
2 0.1484375 0.8828125 0.125 0.125
2 0.16015625 0.67578125 0.125 0.125
1 0.15234375 0.9609375 0.125 0.125
1 0.16015625 0.5234375 0.125 0.125
1 0.02734375 0.59375 0.125 0.125
3 0.5390625 0.74609375 0.125 0.125
2 0.515625 0.66015625 0.125 0.125
2 0.51953125 0.55859375 0.125 0.125
1 0.515625 0.81640625 0.125 0.125
