1 0.0 0.375 0.125 0.125
1 0.01953125 0.03125 0.125 0.125
1 0.234375 0.48046875 0.125 0.125
1 0.23828125 0.171875 0.125 0.125
1 0.31640625 0.16015625 0.125 0.125
1 0.328125 0.49609375 0.125 0.125
1 0.4140625 0.1640625 0.125 0.125
3 0.8515625 0.4921875 0.125 0.125
3 0.93359375 0.4921875 0.125 0.125
1 0.84375 0.16015625 0.125 0.125
1 0.92578125 0.16796875 0.125 0.125
1 0.50390625 0.1640625 0.125 0.125
1 0.5078125 0.4921875 0.125 0.125
1 0.58203125 0.15625 0.125 0.125
1 0.59765625 0.49609375 0.125 0.125
1 0.65625 0.1796875 0.125 0.125
1 0.75 0.16796875 0.125 0.125
3 0.0 0.94140625 0.125 0.125
1 0.0 0.58203125 0.125 0.125
1 0.00390625 0.66015625 0.125 0.125
1 0.30859375 0.6484375 0.125 0.125
1 0.30859375 0.9609375 0.125 0.125
1 0.40234375 0.64453125 0.125 0.125
1 0.4921875 0.6484375 0.125 0.125
1 0.4921875 0.9609375 0.125 0.125
3 0.6640625 0.96875 0.125 0.125
1 0.7578125 0.5 0.125 0.125
1 0.76171875 0.96484375 0.125 0.125
1 0.8359375 0.65234375 0.125 0.125
1 0.8515625 0.9765625 0.125 0.125
1 0.9140625 0.6484375 0.125 0.125
1 0.9296875 0.98046875 0.125 0.125
1 0.578125 0.66015625 0.125 0.125
1 0.578125 0.96875 0.125 0.125
1 0.6484375 0.640625 0.125 0.125
1 0.73828125 0.64453125 0.125 0.125
