3 0.0078125 0.45703125 0.125 0.125
3 0.015625 0.3125 0.125 0.125
3 0.0625 0.4375 0.125 0.125
3 0.07421875 0.29296875 0.125 0.125
3 0.12109375 0.41796875 0.125 0.125
3 0.1328125 0.28515625 0.125 0.125
3 0.171875 0.390625 0.125 0.125
3 0.1875 0.25 0.125 0.125
3 0.2265625 0.38671875 0.125 0.125
3 0.23828125 0.23828125 0.125 0.125
3 0.28125 0.359375 0.125 0.125
3 0.33984375 0.48046875 0.125 0.125
3 0.3515625 0.1640625 0.125 0.125
3 0.40234375 0.3203125 0.125 0.125
3 0.41796875 0.1484375 0.125 0.125
3 0.46875 0.28515625 0.125 0.125
3 0.484375 0.12109375 0.125 0.125
1 0.03125 0.03125 0.125 0.125
3 0.9765625 0.05078125 0.125 0.125
3 0.984375 0.2734375 0.125 0.125
3 0.984375 0.4296875 0.125 0.125
3 0.52734375 0.26171875 0.125 0.125
3 0.54296875 0.09765625 0.125 0.125
3 0.55078125 0.484375 0.125 0.125
3 0.59375 0.234375 0.125 0.125
3 0.6015625 0.0625 0.125 0.125
3 0.61328125 0.45703125 0.125 0.125
3 0.65234375 0.20703125 0.125 0.125
3 0.66796875 0.04296875 0.125 0.125
3 0.67578125 0.42578125 0.125 0.125
3 0.71484375 0.171875 0.125 0.125
3 0.73046875 0.01171875 0.125 0.125
3 0.734375 0.390625 0.125 0.125
3 0.7734375 0.1328125 0.125 0.125
3 0.8046875 0.359375 0.125 0.125
3 0.84375 0.1015625 0.125 0.125
3 0.8515625 0.484375 0.125 0.125
3 0.9140625 0.0859375 0.125 0.125
3 0.91796875 0.4609375 0.125 0.125
3 0.92578125 0.30078125 0.125 0.125
1 0.86328125 0.3359375 0.125 0.125
3 0.03125 0.58984375 0.125 0.125
3 0.07421875 0.578125 0.125 0.125
3 0.140625 0.56640625 0.125 0.125
3 0.1796875 0.5390625 0.125 0.125
3 0.234375 0.51953125 0.125 0.125
3 0.28515625 0.50390625 0.125 0.125
3 0.4921875 0.5234375 0.125 0.125
2 0.0 0.7734375 0.125 0.125
2 0.13671875 0.7265625 0.125 0.125
2 0.16015625 0.8828125 0.125 0.125
2 0.19921875 0.703125 0.125 0.125
2 0.2265625 0.8671875 0.125 0.125
2 0.265625 0.67578125 0.125 0.125
2 0.37890625 0.64453125 0.125 0.125
1 0.05078125 0.92578125 0.125 0.125
1 0.07421875 0.75 0.125 0.125
1 0.29296875 0.85546875 0.125 0.125
1 0.328125 0.67578125 0.125 0.125
1 0.34765625 0.8125 0.125 0.125
1 0.40625 0.7734375 0.125 0.125
1 0.46484375 0.75390625 0.125 0.125
4 0.66015625 0.953125 0.125 0.125
4 0.734375 0.92578125 0.125 0.125
4 0.87109375 0.8671875 0.125 0.125
3 0.53515625 0.62890625 0.125 0.125
3 0.6015625 0.6015625 0.125 0.125
3 0.6171875 0.82421875 0.125 0.125
3 0.66015625 0.578125 0.125 0.125
3 0.6875 0.796875 0.125 0.125
3 0.72265625 0.55078125 0.125 0.125
3 0.7421875 0.765625 0.125 0.125
3 0.78515625 0.51953125 0.125 0.125
3 0.80078125 0.90625 0.125 0.125
3 0.9296875 0.8359375 0.125 0.125
2 0.515625 0.9140625 0.125 0.125
1 0.86328125 0.7109375 0.125 0.125
1 0.93359375 0.68359375 0.125 0.125
