1 0.04296875 0.44140625 0.125 0.125
1 0.0546875 0.3671875 0.125 0.125
1 0.37109375 0.43359375 0.125 0.125
1 0.375 0.36328125 0.125 0.125
3 0.57421875 0.44140625 0.125 0.125
1 0.5625 0.359375 0.125 0.125
1 0.90234375 0.359375 0.125 0.125
1 0.90625 0.44140625 0.125 0.125
4 0.03125 0.921875 0.125 0.125
3 0.04296875 0.65234375 0.125 0.125
3 0.375 0.72265625 0.125 0.125
3 0.37890625 0.51171875 0.125 0.125
2 0.3671875 0.5859375 0.125 0.125
1 0.02734375 0.5859375 0.125 0.125
1 0.02734375 0.99609375 0.125 0.125
1 0.03515625 0.515625 0.125 0.125
1 0.375 0.921875 0.125 0.125
1 0.3828125 0.8515625 0.125 0.125
1 0.390625 0.9921875 0.125 0.125
1 0.39453125 0.640625 0.125 0.125
3 0.55859375 0.64453125 0.125 0.125
3 0.55859375 0.9296875 0.125 0.125
3 0.57421875 0.71484375 0.125 0.125
3 0.57421875 0.85546875 0.125 0.125
3 0.578125 0.51171875 0.125 0.125
3 0.58203125 0.578125 0.125 0.125
3 0.8828125 0.921875 0.125 0.125
3 0.890625 0.6484375 0.125 0.125
3 0.89453125 0.8515625 0.125 0.125
3 0.90234375 0.58203125 0.125 0.125
1 0.55859375 0.9921875 0.125 0.125
1 0.89453125 0.98828125 0.125 0.125
1 0.8984375 0.5078125 0.125 0.125
