3 0.078125 0.4453125 0.125 0.125
3 0.09375 0.15625 0.125 0.125
3 0.09375 0.37890625 0.125 0.125
1 0.0859375 0.08203125 0.125 0.125
1 0.08984375 0.29296875 0.125 0.125
1 0.10546875 0.21875 0.125 0.125
1 0.46875 0.2890625 0.125 0.125
3 0.98828125 0.05859375 0.125 0.125
3 0.98828125 0.33203125 0.125 0.125
3 0.99609375 0.484375 0.125 0.125
1 0.72265625 0.23046875 0.125 0.125
1 0.78515625 0.24609375 0.125 0.125
1 0.9921875 0.19140625 0.125 0.125
1 0.99609375 0.265625 0.125 0.125
3 0.08984375 0.65625 0.125 0.125
3 0.08984375 0.73828125 0.125 0.125
1 0.078125 0.58203125 0.125 0.125
1 0.9921875 0.62890625 0.125 0.125
