4 0.40625 0.1953125 0.125 0.125
4 0.4765625 0.171875 0.125 0.125
3 0.10546875 0.16015625 0.125 0.125
3 0.3125 0.33984375 0.125 0.125
3 0.32421875 0.1953125 0.125 0.125
1 0.03515625 0.3203125 0.125 0.125
1 0.37890625 0.31640625 0.125 0.125
1 0.44921875 0.328125 0.125 0.125
3 0.91796875 0.3203125 0.125 0.125
3 0.984375 0.33203125 0.125 0.125
3 0.57421875 0.19140625 0.125 0.125
3 0.640625 0.30859375 0.125 0.125
3 0.6640625 0.1953125 0.125 0.125
3 0.70703125 0.328125 0.125 0.125
3 0.77734375 0.33203125 0.125 0.125
3 0.83203125 0.19140625 0.125 0.125
3 0.84765625 0.33984375 0.125 0.125
1 0.50390625 0.31640625 0.125 0.125
1 0.7578125 0.1953125 0.125 0.125
4 0.49609375 0.65625 0.125 0.125
3 0.29296875 0.65234375 0.125 0.125
3 0.35546875 0.64453125 0.125 0.125
1 0.2265625 0.64453125 0.125 0.125
1 0.43359375 0.65625 0.125 0.125
3 0.96875 0.64453125 0.125 0.125
3 0.70703125 0.828125 0.125 0.125
3 0.83203125 0.640625 0.125 0.125
1 0.55859375 0.640625 0.125 0.125
1 0.75390625 0.65234375 0.125 0.125
1 0.89453125 0.6484375 0.125 0.125
