3 0.359375 0.484375 0.125 0.125
1 0.0078125 0.4765625 0.125 0.125
1 0.15234375 0.484375 0.125 0.125
1 0.21875 0.4921875 0.125 0.125
1 0.29296875 0.484375 0.125 0.125
1 0.43359375 0.484375 0.125 0.125
2 0.59375 0.4921875 0.125 0.125
1 0.7109375 0.46484375 0.125 0.125
1 0.51171875 0.4765625 0.125 0.125
3 0.13671875 0.98828125 0.125 0.125
3 0.2109375 0.8359375 0.125 0.125
3 0.2890625 0.859375 0.125 0.125
3 0.29296875 0.99609375 0.125 0.125
3 0.35546875 0.859375 0.125 0.125
3 0.35546875 0.984375 0.125 0.125
2 0.14453125 0.84765625 0.125 0.125
1 0.0 0.96484375 0.125 0.125
1 0.0078125 0.828125 0.125 0.125
1 0.05859375 0.98828125 0.125 0.125
1 0.0703125 0.8515625 0.125 0.125
1 0.20703125 0.98828125 0.125 0.125
1 0.4296875 0.984375 0.125 0.125
1 0.43359375 0.85546875 0.125 0.125
3 0.5625 0.8671875 0.125 0.125
3 0.70703125 0.98828125 0.125 0.125
3 0.71875 0.828125 0.125 0.125
3 0.78125 0.98046875 0.125 0.125
1 0.63671875 0.98828125 0.125 0.125
1 0.640625 0.8515625 0.125 0.125
1 0.79296875 0.828125 0.125 0.125
1 0.8515625 0.99609375 0.125 0.125
1 0.85546875 0.828125 0.125 0.125
1 0.5 0.9921875 0.125 0.125
1 0.50390625 0.87890625 0.125 0.125
