4 0.08203125 0.35546875 0.125 0.125
3 0.28125 0.35546875 0.125 0.125
3 0.28515625 0.2109375 0.125 0.125
3 0.41796875 0.22265625 0.125 0.125
3 0.0078125 0.3359375 0.125 0.125
3 0.01171875 0.1953125 0.125 0.125
3 0.0703125 0.203125 0.125 0.125
3 0.14453125 0.22265625 0.125 0.125
3 0.20703125 0.34765625 0.125 0.125
2 0.4921875 0.234375 0.125 0.125
1 0.15234375 0.3515625 0.125 0.125
1 0.34765625 0.34765625 0.125 0.125
1 0.3515625 0.2109375 0.125 0.125
1 0.41796875 0.375 0.125 0.125
1 0.48828125 0.3671875 0.125 0.125
4 0.79296875 0.24609375 0.125 0.125
3 0.640625 0.234375 0.125 0.125
3 0.64453125 0.38671875 0.125 0.125
3 0.7109375 0.390625 0.125 0.125
3 0.77734375 0.375 0.125 0.125
3 0.8984375 0.22265625 0.125 0.125
3 0.9453125 0.34765625 0.125 0.125
2 0.703125 0.2421875 0.125 0.125
1 0.5546875 0.3671875 0.125 0.125
1 0.5703125 0.234375 0.125 0.125
1 0.87890625 0.38671875 0.125 0.125
1 0.953125 0.1875 0.125 0.125
3 0.28125 0.6953125 0.125 0.125
3 0.34765625 0.84765625 0.125 0.125
3 0.42578125 0.69140625 0.125 0.125
3 0.42578125 0.83203125 0.125 0.125
3 0.0625 0.8203125 0.125 0.125
3 0.0703125 0.69140625 0.125 0.125
3 0.13671875 0.8203125 0.125 0.125
3 0.14453125 0.68359375 0.125 0.125
3 0.20703125 0.6875 0.125 0.125
3 0.21875 0.8203125 0.125 0.125
2 0.28125 0.82421875 0.125 0.125
1 0.34375 0.7109375 0.125 0.125
1 0.48828125 0.69140625 0.125 0.125
1 0.49609375 0.84765625 0.125 0.125
1 0.00390625 0.828125 0.125 0.125
3 0.56640625 0.8359375 0.125 0.125
3 0.6171875 0.83984375 0.125 0.125
3 0.62890625 0.703125 0.125 0.125
3 0.70703125 0.8515625 0.125 0.125
3 0.7734375 0.84765625 0.125 0.125
1 0.55859375 0.7109375 0.125 0.125
1 0.76953125 0.71875 0.125 0.125
