3 0.03515625 0.2421875 0.125 0.125
3 0.11328125 0.2265625 0.125 0.125
2 0.12109375 0.1171875 0.125 0.125
1 0.03515625 0.11328125 0.125 0.125
3 0.73046875 0.140625 0.125 0.125
3 0.79296875 0.26171875 0.125 0.125
3 0.640625 0.125 0.125 0.125
2 0.9375 0.1015625 0.125 0.125
1 0.5703125 0.140625 0.125 0.125
3 0.0390625 0.6484375 0.125 0.125
3 0.1171875 0.53515625 0.125 0.125
3 0.1640625 0.94140625 0.125 0.125
1 0.04296875 0.5234375 0.125 0.125
1 0.125 0.64453125 0.125 0.125
1 0.28125 0.68359375 0.125 0.125
1 0.28125 0.9140625 0.125 0.125
3 0.734375 0.65234375 0.125 0.125
3 0.80859375 0.515625 0.125 0.125
3 0.89453125 0.5078125 0.125 0.125
3 0.96484375 0.5234375 0.125 0.125
3 0.984375 0.64453125 0.125 0.125
3 0.55859375 0.546875 0.125 0.125
3 0.5625 0.64453125 0.125 0.125
1 0.6484375 0.64453125 0.125 0.125
1 0.66015625 0.51171875 0.125 0.125
1 0.74609375 0.515625 0.125 0.125
1 0.8203125 0.65234375 0.125 0.125
1 0.890625 0.640625 0.125 0.125
