4 0.3828125 0.26171875 0.125 0.125
4 0.40625 0.41015625 0.125 0.125
3 0.0625 0.25390625 0.125 0.125
3 0.07421875 0.0390625 0.125 0.125
2 0.07421875 0.46875 0.125 0.125
2 0.390625 0.47265625 0.125 0.125
2 0.40234375 0.1875 0.125 0.125
1 0.06640625 0.19140625 0.125 0.125
1 0.08203125 0.390625 0.125 0.125
2 0.76953125 0.39453125 0.125 0.125
1 0.75 0.20703125 0.125 0.125
1 0.0703125 0.60546875 0.125 0.125
1 0.0703125 0.90234375 0.125 0.125
1 0.1015625 0.90234375 0.125 0.125
1 0.39453125 0.55078125 0.125 0.125
1 0.39453125 0.6171875 0.125 0.125
1 0.3984375 0.91015625 0.125 0.125
3 0.7578125 0.796875 0.125 0.125
1 0.765625 0.51953125 0.125 0.125
