1 0.6015625 0.4921875 0.125 0.125
4 0.1640625 0.859375 0.125 0.125
3 0.16015625 0.9375 0.125 0.125
3 0.1640625 0.79296875 0.125 0.125
3 0.37109375 0.9375 0.125 0.125
3 0.390625 0.515625 0.125 0.125
2 0.1640625 0.6484375 0.125 0.125
2 0.328125 0.51953125 0.125 0.125
2 0.37109375 0.87109375 0.125 0.125
1 0.1953125 0.7265625 0.125 0.125
1 0.375 0.80078125 0.125 0.125
1 0.109375 0.515625 0.125 0.125
1 0.1875 0.515625 0.125 0.125
3 0.53515625 0.68359375 0.125 0.125
3 0.75390625 0.70703125 0.125 0.125
3 0.77734375 0.9453125 0.125 0.125
3 0.8984375 0.703125 0.125 0.125
3 0.9765625 0.6953125 0.125 0.125
1 0.828125 0.703125 0.125 0.125
