3 0.125 0.2109375 0.125 0.125
3 0.19140625 0.19921875 0.125 0.125
3 0.26953125 0.2109375 0.125 0.125
3 0.34375 0.203125 0.125 0.125
3 0.40625 0.20703125 0.125 0.125
1 0.02734375 0.44921875 0.125 0.125
1 0.05078125 0.203125 0.125 0.125
1 0.1015625 0.45703125 0.125 0.125
1 0.1796875 0.46484375 0.125 0.125
1 0.265625 0.45703125 0.125 0.125
1 0.34375 0.45703125 0.125 0.125
1 0.421875 0.45703125 0.125 0.125
1 0.44921875 0.00390625 0.125 0.125
1 0.4765625 0.203125 0.125 0.125
1 0.671875 0.0 0.125 0.125
1 0.671875 0.4609375 0.125 0.125
1 0.6875 0.203125 0.125 0.125
1 0.51171875 0.4609375 0.125 0.125
1 0.546875 0.21484375 0.125 0.125
1 0.5859375 0.453125 0.125 0.125
1 0.61328125 0.203125 0.125 0.125
3 0.0703125 0.5859375 0.125 0.125
3 0.15234375 0.5859375 0.125 0.125
3 0.23046875 0.58203125 0.125 0.125
1 0.05078125 0.87109375 0.125 0.125
1 0.13671875 0.86328125 0.125 0.125
1 0.21484375 0.86328125 0.125 0.125
1 0.3046875 0.86328125 0.125 0.125
1 0.31640625 0.58203125 0.125 0.125
1 0.38671875 0.87109375 0.125 0.125
1 0.39453125 0.58984375 0.125 0.125
1 0.46484375 0.8671875 0.125 0.125
1 0.48046875 0.58203125 0.125 0.125
1 0.6328125 0.58984375 0.125 0.125
1 0.63671875 0.86328125 0.125 0.125
1 0.55078125 0.8671875 0.125 0.125
1 0.5546875 0.58203125 0.125 0.125
