4 0.01171875 0.44140625 0.125 0.125
4 0.1484375 0.3046875 0.125 0.125
4 0.17578125 0.03515625 0.125 0.125
4 0.1796875 0.16015625 0.125 0.125
3 0.15625 0.37109375 0.125 0.125
3 0.15625 0.44140625 0.125 0.125
3 0.171875 0.24609375 0.125 0.125
3 0.00390625 0.18359375 0.125 0.125
3 0.00390625 0.3046875 0.125 0.125
3 0.01953125 0.02734375 0.125 0.125
4 0.015625 0.70703125 0.125 0.125
4 0.15234375 0.57421875 0.125 0.125
4 0.171875 0.83984375 0.125 0.125
4 0.28515625 0.6484375 0.125 0.125
4 0.2890625 0.703125 0.125 0.125
3 0.14453125 0.63671875 0.125 0.125
3 0.15234375 0.69921875 0.125 0.125
3 0.1640625 0.91796875 0.125 0.125
3 0.0 0.78515625 0.125 0.125
3 0.00390625 0.58203125 0.125 0.125
3 0.015625 0.640625 0.125 0.125
3 0.03515625 0.91015625 0.125 0.125
1 0.01953125 0.99609375 0.125 0.125
