3 0.15234375 0.48046875 0.125 0.125
3 0.46484375 0.41796875 0.125 0.125
3 0.58984375 0.4140625 0.125 0.125
3 0.8984375 0.421875 0.125 0.125
1 0.7421875 0.4140625 0.125 0.125
1 0.98046875 0.1640625 0.125 0.125
3 0.140625 0.55078125 0.125 0.125
3 0.140625 0.63671875 0.125 0.125
3 0.265625 0.92578125 0.125 0.125
3 0.4375 0.5546875 0.125 0.125
2 0.140625 0.80078125 0.125 0.125
1 0.140625 0.72265625 0.125 0.125
1 0.34375 0.90234375 0.125 0.125
1 0.3984375 0.92578125 0.125 0.125
1 0.46875 0.92578125 0.125 0.125
3 0.51171875 0.546875 0.125 0.125
3 0.68359375 0.91796875 0.125 0.125
3 0.7578125 0.91015625 0.125 0.125
3 0.796875 0.5390625 0.125 0.125
3 0.890625 0.90625 0.125 0.125
3 0.9296875 0.5390625 0.125 0.125
3 0.96875 0.90625 0.125 0.125
1 0.53515625 0.93359375 0.125 0.125
1 0.58203125 0.53515625 0.125 0.125
1 0.6171875 0.9140625 0.125 0.125
1 0.65234375 0.54296875 0.125 0.125
1 0.73046875 0.55078125 0.125 0.125
1 0.82421875 0.91015625 0.125 0.125
1 0.859375 0.5234375 0.125 0.125
