3 0.03125 0.22265625 0.125 0.125
3 0.03515625 0.48828125 0.125 0.125
3 0.046875 0.359375 0.125 0.125
3 0.05078125 0.078125 0.125 0.125
3 0.08984375 0.48828125 0.125 0.125
3 0.09375 0.21875 0.125 0.125
3 0.09765625 0.33984375 0.125 0.125
3 0.10546875 0.06640625 0.125 0.125
3 0.125 0.20703125 0.125 0.125
3 0.14453125 0.46484375 0.125 0.125
3 0.15625 0.32421875 0.125 0.125
3 0.19140625 0.45703125 0.125 0.125
3 0.19921875 0.1953125 0.125 0.125
3 0.2109375 0.3203125 0.125 0.125
3 0.25 0.4375 0.125 0.125
3 0.27734375 0.3125 0.125 0.125
3 0.30078125 0.43359375 0.125 0.125
3 0.33203125 0.296875 0.125 0.125
3 0.359375 0.421875 0.125 0.125
3 0.39453125 0.28515625 0.125 0.125
3 0.4140625 0.40625 0.125 0.125
3 0.453125 0.2734375 0.125 0.125
3 0.46484375 0.40234375 0.125 0.125
3 0.4921875 0.25 0.125 0.125
3 0.51953125 0.38671875 0.125 0.125
3 0.56640625 0.3671875 0.125 0.125
2 0.96484375 0.02734375 0.125 0.125
1 0.890625 0.4765625 0.125 0.125
1 0.96484375 0.46484375 0.125 0.125
3 0.0078125 0.79296875 0.125 0.125
3 0.015625 0.93359375 0.125 0.125
3 0.03125 0.6328125 0.125 0.125
3 0.0625 0.7890625 0.125 0.125
3 0.078125 0.921875 0.125 0.125
3 0.11328125 0.765625 0.125 0.125
3 0.1328125 0.609375 0.125 0.125
3 0.1328125 0.91015625 0.125 0.125
3 0.171875 0.75390625 0.125 0.125
3 0.18359375 0.59375 0.125 0.125
3 0.203125 0.8828125 0.125 0.125
3 0.23046875 0.734375 0.125 0.125
3 0.23828125 0.58203125 0.125 0.125
3 0.28515625 0.57421875 0.125 0.125
3 0.28515625 0.71484375 0.125 0.125
3 0.28515625 0.859375 0.125 0.125
3 0.33984375 0.55078125 0.125 0.125
3 0.34375 0.6953125 0.125 0.125
3 0.3515625 0.83984375 0.125 0.125
3 0.36328125 0.984375 0.125 0.125
3 0.40234375 0.5390625 0.125 0.125
3 0.41015625 0.81640625 0.125 0.125
3 0.41015625 0.96484375 0.125 0.125
3 0.4140625 0.671875 0.125 0.125
3 0.44921875 0.796875 0.125 0.125
3 0.46875 0.53125 0.125 0.125
3 0.46875 0.94921875 0.125 0.125
3 0.47265625 0.65625 0.125 0.125
1 0.08203125 0.62109375 0.125 0.125
3 0.51953125 0.7890625 0.125 0.125
3 0.52734375 0.51953125 0.125 0.125
3 0.52734375 0.640625 0.125 0.125
3 0.53515625 0.93359375 0.125 0.125
3 0.58203125 0.78125 0.125 0.125
3 0.5859375 0.50390625 0.125 0.125
3 0.59375 0.91015625 0.125 0.125
3 0.62890625 0.765625 0.125 0.125
3 0.6484375 0.62109375 0.125 0.125
3 0.65625 0.8984375 0.125 0.125
3 0.71875 0.890625 0.125 0.125
1 0.5859375 0.63671875 0.125 0.125
1 0.98828125 0.6015625 0.125 0.125
