4 0.38671875 0.0390625 0.125 0.125
3 0.05859375 0.03125 0.125 0.125
3 0.06640625 0.46875 0.125 0.125
3 0.39453125 0.12109375 0.125 0.125
3 0.39453125 0.19140625 0.125 0.125
2 0.375 0.48046875 0.125 0.125
2 0.37890625 0.2734375 0.125 0.125
1 0.08203125 0.15625 0.125 0.125
1 0.38671875 0.3359375 0.125 0.125
2 0.73046875 0.390625 0.125 0.125
1 0.85546875 0.1796875 0.125 0.125
3 0.05078125 0.61328125 0.125 0.125
3 0.05859375 0.53515625 0.125 0.125
3 0.05859375 0.68359375 0.125 0.125
3 0.0625 0.95703125 0.125 0.125
3 0.375 0.76171875 0.125 0.125
2 0.3671875 0.890625 0.125 0.125
1 0.37890625 0.6171875 0.125 0.125
1 0.0546875 0.8828125 0.125 0.125
1 0.5703125 0.5859375 0.125 0.125
