4 0.09765625 0.2265625 0.125 0.125
3 0.01171875 0.0703125 0.125 0.125
3 0.02734375 0.2578125 0.125 0.125
3 0.05078125 0.42578125 0.125 0.125
3 0.1015625 0.38671875 0.125 0.125
1 0.16015625 0.3828125 0.125 0.125
4 0.05078125 0.98828125 0.125 0.125
4 0.11328125 0.6015625 0.125 0.125
4 0.2421875 0.54296875 0.125 0.125
4 0.2421875 0.703125 0.125 0.125
4 0.28125 0.86328125 0.125 0.125
4 0.3984375 0.9921875 0.125 0.125
4 0.44140625 0.9609375 0.125 0.125
3 0.00390625 0.65234375 0.125 0.125
3 0.0625 0.79296875 0.125 0.125
3 0.109375 0.96875 0.125 0.125
3 0.171875 0.953125 0.125 0.125
3 0.17578125 0.56640625 0.125 0.125
3 0.2265625 0.91796875 0.125 0.125
3 0.3046875 0.6796875 0.125 0.125
1 0.0625 0.62890625 0.125 0.125
1 0.1171875 0.74609375 0.125 0.125
1 0.1796875 0.7265625 0.125 0.125
1 0.34765625 0.87109375 0.125 0.125
1 0.3984375 0.8359375 0.125 0.125
