3 0.2734375 0.390625 0.125 0.125
3 0.33984375 0.40625 0.125 0.125
3 0.4140625 0.39453125 0.125 0.125
3 0.48828125 0.40234375 0.125 0.125
1 0.0546875 0.40234375 0.125 0.125
3 0.5703125 0.24609375 0.125 0.125
3 0.8046875 0.42578125 0.125 0.125
3 0.81640625 0.26953125 0.125 0.125
3 0.95703125 0.40625 0.125 0.125
1 0.88671875 0.2578125 0.125 0.125
1 0.89453125 0.421875 0.125 0.125
3 0.19921875 0.76953125 0.125 0.125
3 0.2734375 0.765625 0.125 0.125
3 0.33984375 0.75390625 0.125 0.125
3 0.40234375 0.765625 0.125 0.125
3 0.48046875 0.76171875 0.125 0.125
3 0.55078125 0.7578125 0.125 0.125
3 0.81640625 0.77734375 0.125 0.125
3 0.890625 0.76953125 0.125 0.125
3 0.91015625 0.9375 0.125 0.125
3 0.94921875 0.79296875 0.125 0.125
3 0.98828125 0.94921875 0.125 0.125
1 0.828125 0.9453125 0.125 0.125
