3 0.296875 0.4609375 0.125 0.125
3 0.30859375 0.3203125 0.125 0.125
3 0.45703125 0.46484375 0.125 0.125
3 0.4609375 0.31640625 0.125 0.125
1 0.44921875 0.3984375 0.125 0.125
3 0.8125 0.03515625 0.125 0.125
3 0.8125 0.328125 0.125 0.125
3 0.9765625 0.421875 0.125 0.125
3 0.98046875 0.49609375 0.125 0.125
3 0.98828125 0.07421875 0.125 0.125
3 0.98828125 0.203125 0.125 0.125
1 0.8203125 0.26171875 0.125 0.125
1 0.828125 0.46875 0.125 0.125
1 0.98828125 0.34765625 0.125 0.125
3 0.3203125 0.87890625 0.125 0.125
3 0.328125 0.53125 0.125 0.125
3 0.4609375 0.6015625 0.125 0.125
3 0.46484375 0.67578125 0.125 0.125
1 0.453125 0.53515625 0.125 0.125
1 0.46484375 0.74609375 0.125 0.125
1 0.46484375 0.87109375 0.125 0.125
3 0.98828125 0.91015625 0.125 0.125
3 0.99609375 0.77734375 0.125 0.125
2 0.81640625 0.75 0.125 0.125
1 0.8203125 0.66796875 0.125 0.125
1 0.8203125 0.81640625 0.125 0.125
1 0.8203125 0.9609375 0.125 0.125
1 0.8359375 0.609375 0.125 0.125
1 0.9765625 0.70703125 0.125 0.125
1 0.98046875 0.56640625 0.125 0.125
1 0.98828125 0.625 0.125 0.125
