3 0.0859375 0.13671875 0.125 0.125
2 0.08984375 0.2734375 0.125 0.125
2 0.22265625 0.28125 0.125 0.125
2 0.23046875 0.40234375 0.125 0.125
2 0.234375 0.20703125 0.125 0.125
1 0.23046875 0.078125 0.125 0.125
1 0.48046875 0.2734375 0.125 0.125
1 0.4921875 0.14453125 0.125 0.125
3 0.63671875 0.41796875 0.125 0.125
3 0.65234375 0.08203125 0.125 0.125
3 0.65625 0.22265625 0.125 0.125
3 0.9140625 0.01953125 0.125 0.125
3 0.921875 0.21875 0.125 0.125
3 0.921875 0.359375 0.125 0.125
3 0.93359375 0.15234375 0.125 0.125
3 0.5078125 0.07421875 0.125 0.125
2 0.65625 0.15625 0.125 0.125
2 0.90625 0.421875 0.125 0.125
2 0.9296875 0.0859375 0.125 0.125
1 0.6171875 0.28515625 0.125 0.125
1 0.63671875 0.01953125 0.125 0.125
1 0.63671875 0.36328125 0.125 0.125
1 0.65234375 0.484375 0.125 0.125
2 0.25 0.94921875 0.125 0.125
2 0.390625 0.94140625 0.125 0.125
2 0.4609375 0.9609375 0.125 0.125
2 0.49609375 0.69921875 0.125 0.125
2 0.0859375 0.69140625 0.125 0.125
1 0.05859375 0.9296875 0.125 0.125
1 0.19921875 0.54296875 0.125 0.125
1 0.3203125 0.9609375 0.125 0.125
3 0.6484375 0.5546875 0.125 0.125
3 0.66796875 0.96484375 0.125 0.125
3 0.51171875 0.55859375 0.125 0.125
2 0.640625 0.68359375 0.125 0.125
2 0.7421875 0.9453125 0.125 0.125
2 0.87890625 0.94140625 0.125 0.125
2 0.9140625 0.69921875 0.125 0.125
1 0.80859375 0.94921875 0.125 0.125
