3 0.1171875 0.44140625 0.125 0.125
3 0.421875 0.43359375 0.125 0.125
2 0.06640625 0.01953125 0.125 0.125
2 0.46484375 0.0 0.125 0.125
1 0.0625 0.1640625 0.125 0.125
1 0.15625 0.015625 0.125 0.125
1 0.2265625 0.02734375 0.125 0.125
1 0.30078125 0.015625 0.125 0.125
1 0.37890625 0.015625 0.125 0.125
1 0.453125 0.14453125 0.125 0.125
3 0.5390625 0.1484375 0.125 0.125
3 0.6171875 0.03515625 0.125 0.125
3 0.6640625 0.44140625 0.125 0.125
1 0.54296875 0.0234375 0.125 0.125
1 0.625 0.14453125 0.125 0.125
1 0.78125 0.18359375 0.125 0.125
1 0.78125 0.4140625 0.125 0.125
