2 0.1484375 0.48828125 0.125 0.125
2 0.1875 0.421875 0.125 0.125
2 0.265625 0.33984375 0.125 0.125
2 0.37890625 0.3203125 0.125 0.125
2 0.609375 0.33984375 0.125 0.125
2 0.77734375 0.37109375 0.125 0.125
4 0.046875 0.90625 0.125 0.125
3 0.0859375 0.5625 0.125 0.125
3 0.08984375 0.8984375 0.125 0.125
3 0.16015625 0.8984375 0.125 0.125
3 0.22265625 0.96875 0.125 0.125
3 0.29296875 0.953125 0.125 0.125
3 0.4296875 0.86328125 0.125 0.125
3 0.4921875 0.859375 0.125 0.125
2 0.046875 0.76171875 0.125 0.125
2 0.25 0.6640625 0.125 0.125
2 0.3515625 0.80078125 0.125 0.125
1 0.140625 0.6328125 0.125 0.125
1 0.28515625 0.8203125 0.125 0.125
4 0.71875 0.88671875 0.125 0.125
3 0.59765625 0.8359375 0.125 0.125
3 0.6015625 0.96484375 0.125 0.125
3 0.65625 0.74609375 0.125 0.125
3 0.66015625 0.9453125 0.125 0.125
3 0.71484375 0.67578125 0.125 0.125
3 0.53515625 0.98046875 0.125 0.125
