3 0.09375 0.21875 0.125 0.125
1 0.09375 0.4375 0.125 0.125
1 0.10546875 0.49609375 0.125 0.125
4 0.69921875 0.49609375 0.125 0.125
3 0.53515625 0.4296875 0.125 0.125
1 0.7109375 0.43359375 0.125 0.125
1 0.93359375 0.4375 0.125 0.125
3 0.19921875 0.5 0.125 0.125
3 0.4609375 0.5 0.125 0.125
1 0.2890625 0.5 0.125 0.125
1 0.3671875 0.50390625 0.125 0.125
4 0.60546875 0.51171875 0.125 0.125
4 0.77734375 0.50390625 0.125 0.125
4 0.94921875 0.5 0.125 0.125
3 0.86328125 0.5078125 0.125 0.125
1 0.53515625 0.5 0.125 0.125
