4 0.0859375 0.41015625 0.125 0.125
3 0.01953125 0.34765625 0.125 0.125
1 0.0078125 0.25 0.125 0.125
1 0.24609375 0.20703125 0.125 0.125
4 0.046875 0.66015625 0.125 0.125
4 0.10546875 0.8359375 0.125 0.125
4 0.28125 0.7421875 0.125 0.125
3 0.015625 0.9921875 0.125 0.125
3 0.03515625 0.55078125 0.125 0.125
3 0.0390625 0.84375 0.125 0.125
3 0.078125 0.9921875 0.125 0.125
3 0.125 0.67578125 0.125 0.125
3 0.17578125 0.53125 0.125 0.125
3 0.28125 0.8203125 0.125 0.125
3 0.2890625 0.91015625 0.125 0.125
1 0.1015625 0.54296875 0.125 0.125
