4 0.09375 0.46484375 0.125 0.125
4 0.31640625 0.25390625 0.125 0.125
4 0.3828125 0.2734375 0.125 0.125
3 0.43359375 0.265625 0.125 0.125
1 0.0 0.1796875 0.125 0.125
1 0.00390625 0.46484375 0.125 0.125
4 0.75390625 0.25390625 0.125 0.125
4 0.76171875 0.44140625 0.125 0.125
4 0.8046875 0.234375 0.125 0.125
3 0.53125 0.44140625 0.125 0.125
3 0.60546875 0.42578125 0.125 0.125
3 0.6796875 0.42578125 0.125 0.125
2 0.515625 0.26171875 0.125 0.125
1 0.59765625 0.2578125 0.125 0.125
1 0.671875 0.2578125 0.125 0.125
4 0.37109375 0.875 0.125 0.125
4 0.390625 0.73828125 0.125 0.125
3 0.0 0.7578125 0.125 0.125
3 0.31640625 0.875 0.125 0.125
3 0.3828125 0.609375 0.125 0.125
3 0.46875 0.578125 0.125 0.125
3 0.4765625 0.72265625 0.125 0.125
1 0.01171875 0.61328125 0.125 0.125
1 0.01171875 0.93359375 0.125 0.125
1 0.29296875 0.6015625 0.125 0.125
1 0.4453125 0.8671875 0.125 0.125
4 0.65234375 0.984375 0.125 0.125
4 0.6640625 0.87890625 0.125 0.125
4 0.69140625 0.7109375 0.125 0.125
4 0.76953125 0.71484375 0.125 0.125
4 0.80078125 0.8515625 0.125 0.125
4 0.87890625 0.859375 0.125 0.125
4 0.8984375 0.70703125 0.125 0.125
4 0.95703125 0.5 0.125 0.125
3 0.5078125 0.87109375 0.125 0.125
3 0.54296875 0.7109375 0.125 0.125
3 0.58203125 0.84765625 0.125 0.125
3 0.58203125 0.9921875 0.125 0.125
3 0.625 0.69921875 0.125 0.125
3 0.71875 0.99609375 0.125 0.125
3 0.82421875 0.7109375 0.125 0.125
3 0.890625 0.53125 0.125 0.125
3 0.9375 0.98828125 0.125 0.125
3 0.94921875 0.8515625 0.125 0.125
3 0.9765625 0.69921875 0.125 0.125
1 0.54296875 0.56640625 0.125 0.125
1 0.69140625 0.57421875 0.125 0.125
1 0.7265625 0.85546875 0.125 0.125
1 0.87109375 0.9921875 0.125 0.125
