3 0.0390625 0.1484375 0.125 0.125
3 0.1171875 0.03515625 0.125 0.125
3 0.1640625 0.44140625 0.125 0.125
1 0.04296875 0.0234375 0.125 0.125
1 0.125 0.14453125 0.125 0.125
1 0.28125 0.18359375 0.125 0.125
1 0.28125 0.4140625 0.125 0.125
3 0.734375 0.15234375 0.125 0.125
3 0.80859375 0.015625 0.125 0.125
3 0.89453125 0.0078125 0.125 0.125
3 0.96484375 0.0234375 0.125 0.125
3 0.984375 0.14453125 0.125 0.125
3 0.55859375 0.046875 0.125 0.125
3 0.5625 0.14453125 0.125 0.125
1 0.6484375 0.14453125 0.125 0.125
1 0.66015625 0.01171875 0.125 0.125
1 0.74609375 0.015625 0.125 0.125
1 0.8203125 0.15234375 0.125 0.125
1 0.890625 0.140625 0.125 0.125
