3 0.08984375 0.3203125 0.125 0.125
3 0.16015625 0.3203125 0.125 0.125
3 0.30859375 0.33203125 0.125 0.125
1 0.01171875 0.328125 0.125 0.125
1 0.23046875 0.33203125 0.125 0.125
1 0.4453125 0.33203125 0.125 0.125
3 0.5234375 0.33203125 0.125 0.125
3 0.6640625 0.32421875 0.125 0.125
3 0.73046875 0.33984375 0.125 0.125
3 0.8125 0.328125 0.125 0.125
3 0.875 0.3203125 0.125 0.125
3 0.9453125 0.33984375 0.125 0.125
2 0.5859375 0.33203125 0.125 0.125
3 0.41015625 0.84765625 0.125 0.125
1 0.16796875 0.859375 0.125 0.125
3 0.6484375 0.87109375 0.125 0.125
3 0.90625 0.9609375 0.125 0.125
