3 0.90625 0.02734375 0.125 0.125
3 0.53515625 0.20703125 0.125 0.125
3 0.53515625 0.30078125 0.125 0.125
3 0.53515625 0.4921875 0.125 0.125
3 0.54296875 0.40234375 0.125 0.125
3 0.765625 0.21875 0.125 0.125
2 0.796875 0.48828125 0.125 0.125
1 0.76953125 0.0234375 0.125 0.125
1 0.77734375 0.10546875 0.125 0.125
1 0.77734375 0.30078125 0.125 0.125
1 0.88671875 0.40234375 0.125 0.125
1 0.890625 0.20703125 0.125 0.125
1 0.89453125 0.12109375 0.125 0.125
3 0.52734375 0.671875 0.125 0.125
1 0.53125 0.578125 0.125 0.125
