1 0.15234375 0.3203125 0.125 0.125
1 0.28125 0.30078125 0.125 0.125
1 0.48828125 0.3125 0.125 0.125
3 0.69140625 0.3125 0.125 0.125
3 0.8359375 0.18359375 0.125 0.125
3 0.8359375 0.3203125 0.125 0.125
3 0.5625 0.31640625 0.125 0.125
3 0.69140625 0.16015625 0.125 0.125
2 0.625 0.3203125 0.125 0.125
4 0.2890625 0.62890625 0.125 0.125
3 0.16015625 0.78125 0.125 0.125
3 0.2890625 0.7734375 0.125 0.125
3 0.35546875 0.62890625 0.125 0.125
2 0.4296875 0.63671875 0.125 0.125
1 0.02734375 0.78125 0.125 0.125
1 0.0859375 0.6328125 0.125 0.125
1 0.09375 0.78125 0.125 0.125
1 0.21875 0.625 0.125 0.125
1 0.21875 0.76171875 0.125 0.125
1 0.3515625 0.7578125 0.125 0.125
1 0.421875 0.7734375 0.125 0.125
1 0.48046875 0.76171875 0.125 0.125
3 0.82421875 0.625 0.125 0.125
3 0.8984375 0.640625 0.125 0.125
3 0.625 0.6484375 0.125 0.125
1 0.5546875 0.76171875 0.125 0.125
1 0.55859375 0.63671875 0.125 0.125
1 0.625 0.7734375 0.125 0.125
1 0.68359375 0.63671875 0.125 0.125
1 0.6875 0.76953125 0.125 0.125
1 0.765625 0.63671875 0.125 0.125
1 0.765625 0.78515625 0.125 0.125
1 0.82421875 0.7734375 0.125 0.125
1 0.89453125 0.77734375 0.125 0.125
1 0.96875 0.62890625 0.125 0.125
