1 0.32421875 0.3828125 0.125 0.125
1 0.40625 0.3515625 0.125 0.125
1 0.46875 0.0703125 0.125 0.125
1 0.46875 0.359375 0.125 0.125
4 0.953125 0.07421875 0.125 0.125
3 0.53515625 0.359375 0.125 0.125
3 0.6640625 0.3671875 0.125 0.125
3 0.74609375 0.0703125 0.125 0.125
3 0.8046875 0.3671875 0.125 0.125
3 0.87890625 0.07421875 0.125 0.125
1 0.5390625 0.484375 0.125 0.125
1 0.5546875 0.06640625 0.125 0.125
1 0.66796875 0.06640625 0.125 0.125
1 0.7265625 0.359375 0.125 0.125
1 0.80859375 0.0625 0.125 0.125
1 0.87109375 0.37109375 0.125 0.125
1 0.93359375 0.3828125 0.125 0.125
3 0.41796875 0.92578125 0.125 0.125
3 0.421875 0.80859375 0.125 0.125
3 0.48828125 0.9296875 0.125 0.125
2 0.34375 0.8125 0.125 0.125
1 0.328125 0.515625 0.125 0.125
1 0.3515625 0.96484375 0.125 0.125
1 0.40625 0.51953125 0.125 0.125
1 0.46875 0.50390625 0.125 0.125
1 0.49609375 0.8046875 0.125 0.125
4 0.93359375 0.50390625 0.125 0.125
3 0.55859375 0.8125 0.125 0.125
3 0.625 0.9296875 0.125 0.125
3 0.66015625 0.5078125 0.125 0.125
3 0.69140625 0.94140625 0.125 0.125
3 0.6953125 0.8046875 0.125 0.125
3 0.765625 0.8046875 0.125 0.125
3 0.80078125 0.50390625 0.125 0.125
3 0.83203125 0.953125 0.125 0.125
3 0.8671875 0.5078125 0.125 0.125
3 0.90234375 0.9375 0.125 0.125
2 0.60546875 0.54296875 0.125 0.125
2 0.8359375 0.8046875 0.125 0.125
1 0.55859375 0.9296875 0.125 0.125
1 0.625 0.796875 0.125 0.125
1 0.73046875 0.50390625 0.125 0.125
1 0.765625 0.9375 0.125 0.125
1 0.90234375 0.8125 0.125 0.125
1 0.97265625 0.8359375 0.125 0.125
1 0.9765625 0.94921875 0.125 0.125
