3 0.08984375 0.4140625 0.125 0.125
3 0.3984375 0.421875 0.125 0.125
1 0.2421875 0.4140625 0.125 0.125
1 0.48046875 0.1640625 0.125 0.125
3 0.98046875 0.1640625 0.125 0.125
1 0.76953125 0.41796875 0.125 0.125
1 0.90234375 0.15625 0.125 0.125
1 0.91015625 0.421875 0.125 0.125
3 0.01171875 0.546875 0.125 0.125
3 0.18359375 0.91796875 0.125 0.125
3 0.2578125 0.91015625 0.125 0.125
3 0.296875 0.5390625 0.125 0.125
3 0.390625 0.90625 0.125 0.125
3 0.4296875 0.5390625 0.125 0.125
3 0.46875 0.90625 0.125 0.125
1 0.03515625 0.93359375 0.125 0.125
1 0.08203125 0.53515625 0.125 0.125
1 0.1171875 0.9140625 0.125 0.125
1 0.15234375 0.54296875 0.125 0.125
1 0.23046875 0.55078125 0.125 0.125
1 0.32421875 0.91015625 0.125 0.125
1 0.359375 0.5234375 0.125 0.125
3 0.50390625 0.55078125 0.125 0.125
3 0.54296875 0.9140625 0.125 0.125
3 0.6796875 0.90625 0.125 0.125
3 0.80078125 0.53125 0.125 0.125
3 0.9375 0.5390625 0.125 0.125
2 0.75 0.89453125 0.125 0.125
1 0.62109375 0.921875 0.125 0.125
1 0.734375 0.53125 0.125 0.125
1 0.82421875 0.9140625 0.125 0.125
1 0.87109375 0.53125 0.125 0.125
1 0.890625 0.90234375 0.125 0.125
