3 0.00390625 0.18359375 0.125 0.125
3 0.015625 0.31640625 0.125 0.125
3 0.265625 0.32421875 0.125 0.125
3 0.2890625 0.06640625 0.125 0.125
3 0.41796875 0.12109375 0.125 0.125
1 0.00390625 0.0546875 0.125 0.125
1 0.40234375 0.19140625 0.125 0.125
1 0.40234375 0.390625 0.125 0.125
1 0.41015625 0.265625 0.125 0.125
3 0.68359375 0.44140625 0.125 0.125
3 0.6875 0.27734375 0.125 0.125
3 0.703125 0.35546875 0.125 0.125
3 0.82421875 0.43359375 0.125 0.125
3 0.8515625 0.359375 0.125 0.125
3 0.953125 0.16796875 0.125 0.125
2 0.86328125 0.15625 0.125 0.125
1 0.69140625 0.0 0.125 0.125
1 0.82421875 0.28125 0.125 0.125
3 0.0078125 0.51171875 0.125 0.125
3 0.41015625 0.51953125 0.125 0.125
1 0.00390625 0.64453125 0.125 0.125
1 0.28125 0.9765625 0.125 0.125
3 0.67578125 0.98828125 0.125 0.125
3 0.6875 0.515625 0.125 0.125
3 0.6875 0.67578125 0.125 0.125
3 0.80859375 0.98828125 0.125 0.125
3 0.8203125 0.67578125 0.125 0.125
3 0.83203125 0.828125 0.125 0.125
2 0.6796875 0.8984375 0.125 0.125
2 0.828125 0.515625 0.125 0.125
2 0.828125 0.75390625 0.125 0.125
2 0.8515625 0.90234375 0.125 0.125
1 0.703125 0.828125 0.125 0.125
1 0.83203125 0.6015625 0.125 0.125
1 0.6796875 0.59375 0.125 0.125
1 0.6875 0.75 0.125 0.125
