3 0.125 0.0859375 0.125 0.125
3 0.12890625 0.23046875 0.125 0.125
3 0.1328125 0.36328125 0.125 0.125
3 0.4921875 0.39453125 0.125 0.125
2 0.49609375 0.4765625 0.125 0.125
1 0.1171875 0.296875 0.125 0.125
1 0.12890625 0.16796875 0.125 0.125
1 0.1328125 0.4296875 0.125 0.125
1 0.13671875 0.015625 0.125 0.125
1 0.49609375 0.33984375 0.125 0.125
4 0.50390625 0.20703125 0.125 0.125
4 0.51953125 0.12890625 0.125 0.125
3 0.5 0.0546875 0.125 0.125
3 0.86328125 0.4921875 0.125 0.125
3 0.9375 0.17578125 0.125 0.125
3 0.94140625 0.03125 0.125 0.125
1 0.515625 0.265625 0.125 0.125
1 0.90234375 0.33203125 0.125 0.125
4 0.1171875 0.828125 0.125 0.125
4 0.12109375 0.5703125 0.125 0.125
3 0.1015625 0.76171875 0.125 0.125
3 0.1171875 0.62890625 0.125 0.125
3 0.125 0.70703125 0.125 0.125
3 0.12890625 0.97265625 0.125 0.125
1 0.1171875 0.8984375 0.125 0.125
1 0.484375 0.765625 0.125 0.125
1 0.48828125 0.5390625 0.125 0.125
1 0.48828125 0.69140625 0.125 0.125
1 0.4921875 0.609375 0.125 0.125
2 0.84765625 0.80859375 0.125 0.125
1 0.85546875 0.64453125 0.125 0.125
