3 0.62890625 0.3828125 0.125 0.125
3 0.703125 0.25390625 0.125 0.125
3 0.79296875 0.1328125 0.125 0.125
3 0.95703125 0.359375 0.125 0.125
3 0.98828125 0.43359375 0.125 0.125
3 0.9921875 0.20703125 0.125 0.125
1 0.5859375 0.265625 0.125 0.125
1 0.96875 0.28515625 0.125 0.125
3 0.4296875 0.81640625 0.125 0.125
2 0.37890625 0.95703125 0.125 0.125
3 0.50390625 0.66796875 0.125 0.125
3 0.5546875 0.53125 0.125 0.125
3 0.953125 0.93359375 0.125 0.125
3 0.96484375 0.50390625 0.125 0.125
3 0.9765625 0.7890625 0.125 0.125
4 0.9765625 0.5703125 0.125 0.125
1 0.96484375 0.86328125 0.125 0.125
1 0.96875 0.64453125 0.125 0.125
1 0.9765625 0.72265625 0.125 0.125
