2 0.4921875 0.37109375 0.125 0.125
1 0.0390625 0.21875 0.125 0.125
1 0.2578125 0.421875 0.125 0.125
4 0.58203125 0.1953125 0.125 0.125
4 0.640625 0.1875 0.125 0.125
4 0.69140625 0.1875 0.125 0.125
4 0.8125 0.1015625 0.125 0.125
3 0.55859375 0.06640625 0.125 0.125
3 0.75 0.10546875 0.125 0.125
3 0.77734375 0.26171875 0.125 0.125
3 0.8359375 0.2265625 0.125 0.125
3 0.86328125 0.05859375 0.125 0.125
3 0.8828125 0.17578125 0.125 0.125
3 0.9140625 0.01171875 0.125 0.125
3 0.94921875 0.16015625 0.125 0.125
3 0.98046875 0.00390625 0.125 0.125
2 0.6171875 0.0625 0.125 0.125
2 0.6796875 0.05078125 0.125 0.125
3 0.4921875 0.71875 0.125 0.125
2 0.32421875 0.77734375 0.125 0.125
2 0.546875 0.69140625 0.125 0.125
2 0.61328125 0.64453125 0.125 0.125
2 0.828125 0.5234375 0.125 0.125
2 0.9453125 0.5078125 0.125 0.125
1 0.56640625 0.8828125 0.125 0.125
