3 0.19921875 0.390625 0.125 0.125
3 0.27734375 0.39453125 0.125 0.125
3 0.42578125 0.39453125 0.125 0.125
2 0.13671875 0.39453125 0.125 0.125
1 0.06640625 0.37109375 0.125 0.125
1 0.3359375 0.390625 0.125 0.125
3 0.5 0.3984375 0.125 0.125
3 0.0703125 0.74609375 0.125 0.125
3 0.3046875 0.92578125 0.125 0.125
3 0.31640625 0.76953125 0.125 0.125
3 0.45703125 0.90625 0.125 0.125
1 0.38671875 0.7578125 0.125 0.125
1 0.39453125 0.921875 0.125 0.125
3 0.53515625 0.90234375 0.125 0.125
1 0.53515625 0.77734375 0.125 0.125
