3 0.0859375 0.2734375 0.125 0.125
3 0.08984375 0.203125 0.125 0.125
3 0.08984375 0.34765625 0.125 0.125
3 0.1015625 0.05859375 0.125 0.125
3 0.4453125 0.23046875 0.125 0.125
3 0.4453125 0.375 0.125 0.125
1 0.08203125 0.44140625 0.125 0.125
1 0.09375 0.1328125 0.125 0.125
1 0.2421875 0.3046875 0.125 0.125
1 0.45703125 0.09765625 0.125 0.125
3 0.08203125 0.5078125 0.125 0.125
3 0.08203125 0.87109375 0.125 0.125
3 0.43359375 0.5234375 0.125 0.125
3 0.453125 0.671875 0.125 0.125
1 0.08203125 0.8046875 0.125 0.125
1 0.08203125 0.95703125 0.125 0.125
1 0.09375 0.7265625 0.125 0.125
1 0.09765625 0.5859375 0.125 0.125
1 0.44921875 0.87890625 0.125 0.125
