4 0.00390625 0.28125 0.125 0.125
4 0.06640625 0.25390625 0.125 0.125
1 0.03125 0.08984375 0.125 0.125
1 0.0703125 0.4609375 0.125 0.125
1 0.08984375 0.05078125 0.125 0.125
1 0.11328125 0.19921875 0.125 0.125
1 0.125 0.43359375 0.125 0.125
1 0.140625 0.01171875 0.125 0.125
1 0.171875 0.16015625 0.125 0.125
1 0.18359375 0.39453125 0.125 0.125
1 0.22265625 0.125 0.125 0.125
1 0.23828125 0.359375 0.125 0.125
1 0.29296875 0.3203125 0.125 0.125
1 0.328125 0.4765625 0.125 0.125
1 0.35546875 0.28125 0.125 0.125
1 0.3828125 0.4296875 0.125 0.125
1 0.40234375 0.24609375 0.125 0.125
1 0.44921875 0.40625 0.125 0.125
2 0.640625 0.12890625 0.125 0.125
2 0.7109375 0.08203125 0.125 0.125
2 0.76953125 0.03515625 0.125 0.125
2 0.828125 0.2421875 0.125 0.125
2 0.8828125 0.20703125 0.125 0.125
2 0.9453125 0.38671875 0.125 0.125
2 0.94921875 0.1640625 0.125 0.125
1 0.76171875 0.28125 0.125 0.125
1 0.89453125 0.4453125 0.125 0.125
4 0.0078125 0.69140625 0.125 0.125
4 0.12890625 0.8046875 0.125 0.125
4 0.21875 0.546875 0.125 0.125
2 0.26171875 0.8984375 0.125 0.125
1 0.0234375 0.51171875 0.125 0.125
1 0.0703125 0.65625 0.125 0.125
1 0.09375 0.85546875 0.125 0.125
1 0.12109375 0.62890625 0.125 0.125
1 0.1640625 0.5859375 0.125 0.125
1 0.1953125 0.7734375 0.125 0.125
1 0.2578125 0.734375 0.125 0.125
1 0.26171875 0.5078125 0.125 0.125
1 0.3203125 0.69140625 0.125 0.125
1 0.328125 0.859375 0.125 0.125
1 0.3671875 0.65625 0.125 0.125
1 0.3828125 0.828125 0.125 0.125
1 0.421875 0.62109375 0.125 0.125
1 0.421875 0.7890625 0.125 0.125
1 0.46875 0.5859375 0.125 0.125
1 0.484375 0.765625 0.125 0.125
2 0.55078125 0.734375 0.125 0.125
2 0.61328125 0.703125 0.125 0.125
2 0.6796875 0.671875 0.125 0.125
1 0.5390625 0.546875 0.125 0.125
1 0.60546875 0.50390625 0.125 0.125
1 0.63671875 0.859375 0.125 0.125
1 0.70703125 0.85546875 0.125 0.125
1 0.9921875 0.60546875 0.125 0.125
