3 0.375 0.11328125 0.125 0.125
3 0.3828125 0.25390625 0.125 0.125
2 0.109375 0.3828125 0.125 0.125
1 0.375 0.359375 0.125 0.125
1 0.70703125 0.37109375 0.125 0.125
2 0.37890625 0.74609375 0.125 0.125
1 0.3671875 0.66796875 0.125 0.125
1 0.40625 0.9609375 0.125 0.125
4 0.69921875 0.90234375 0.125 0.125
3 0.67578125 0.67578125 0.125 0.125
3 0.68359375 0.59765625 0.125 0.125
2 0.69921875 0.8359375 0.125 0.125
1 0.6796875 0.5234375 0.125 0.125
1 0.6796875 0.76171875 0.125 0.125
1 0.84765625 0.67578125 0.125 0.125
1 0.8515625 0.60546875 0.125 0.125
1 0.859375 0.75390625 0.125 0.125
