3 0.11328125 0.16796875 0.125 0.125
3 0.125 0.08984375 0.125 0.125
3 0.24609375 0.08984375 0.125 0.125
2 0.09765625 0.45703125 0.125 0.125
2 0.1015625 0.3203125 0.125 0.125
2 0.1015625 0.37890625 0.125 0.125
1 0.10546875 0.01953125 0.125 0.125
1 0.12109375 0.23828125 0.125 0.125
1 0.234375 0.02734375 0.125 0.125
4 0.58203125 0.0078125 0.125 0.125
4 0.58203125 0.46484375 0.125 0.125
3 0.56640625 0.33984375 0.125 0.125
3 0.58203125 0.20703125 0.125 0.125
3 0.58984375 0.2734375 0.125 0.125
3 0.59765625 0.40625 0.125 0.125
1 0.57421875 0.078125 0.125 0.125
1 0.58203125 0.1484375 0.125 0.125
3 0.10546875 0.67578125 0.125 0.125
3 0.265625 0.5859375 0.125 0.125
2 0.1015625 0.53515625 0.125 0.125
2 0.10546875 0.61328125 0.125 0.125
2 0.5703125 0.70703125 0.125 0.125
1 0.5625 0.52734375 0.125 0.125
