4 0.14453125 0.390625 0.125 0.125
1 0.140625 0.3046875 0.125 0.125
3 0.5 0.44921875 0.125 0.125
3 0.5078125 0.29296875 0.125 0.125
3 0.51953125 0.23828125 0.125 0.125
3 0.6484375 0.44140625 0.125 0.125
1 0.5 0.390625 0.125 0.125
3 0.5078125 0.73828125 0.125 0.125
3 0.515625 0.59765625 0.125 0.125
3 0.51953125 0.890625 0.125 0.125
3 0.51953125 0.94921875 0.125 0.125
3 0.5234375 0.66015625 0.125 0.125
1 0.5234375 0.5234375 0.125 0.125
1 0.65234375 0.88671875 0.125 0.125
1 0.66796875 0.73828125 0.125 0.125
