4 0.0078125 0.36328125 0.125 0.125
3 0.3359375 0.0625 0.125 0.125
3 0.34765625 0.4296875 0.125 0.125
3 0.49609375 0.078125 0.125 0.125
3 0.16796875 0.0625 0.125 0.125
2 0.15625 0.3671875 0.125 0.125
1 0.01953125 0.06640625 0.125 0.125
1 0.06640625 0.390625 0.125 0.125
1 0.09375 0.06640625 0.125 0.125
1 0.2421875 0.05859375 0.125 0.125
1 0.41796875 0.42578125 0.125 0.125
3 0.58203125 0.453125 0.125 0.125
3 0.6640625 0.4453125 0.125 0.125
1 0.5 0.44921875 0.125 0.125
3 0.20703125 0.77734375 0.125 0.125
3 0.29296875 0.79296875 0.125 0.125
3 0.34375 0.90234375 0.125 0.125
3 0.36328125 0.7734375 0.125 0.125
3 0.04296875 0.7890625 0.125 0.125
3 0.1328125 0.78125 0.125 0.125
1 0.07421875 0.51953125 0.125 0.125
1 0.421875 0.76953125 0.125 0.125
1 0.421875 0.89453125 0.125 0.125
4 0.73046875 0.7578125 0.125 0.125
3 0.7265625 0.89453125 0.125 0.125
3 0.7265625 0.96875 0.125 0.125
3 0.73046875 0.6875 0.125 0.125
1 0.72265625 0.5390625 0.125 0.125
1 0.72265625 0.828125 0.125 0.125
