3 0.2734375 0.07421875 0.125 0.125
3 0.2734375 0.20703125 0.125 0.125
1 0.26953125 0.34375 0.125 0.125
1 0.640625 0.02734375 0.125 0.125
3 0.00390625 0.90234375 0.125 0.125
3 0.2578125 0.8125 0.125 0.125
3 0.2734375 0.87109375 0.125 0.125
2 0.27734375 0.73046875 0.125 0.125
2 0.28515625 0.99609375 0.125 0.125
1 0.2578125 0.5546875 0.125 0.125
1 0.27734375 0.6640625 0.125 0.125
3 0.6171875 0.7421875 0.125 0.125
3 0.6171875 0.94140625 0.125 0.125
3 0.625 0.875 0.125 0.125
3 0.62890625 0.6171875 0.125 0.125
3 0.6328125 0.68359375 0.125 0.125
1 0.6328125 0.82421875 0.125 0.125
