3 0.015625 0.3671875 0.125 0.125
1 0.8984375 0.234375 0.125 0.125
1 0.90234375 0.38671875 0.125 0.125
1 0.91796875 0.45703125 0.125 0.125
1 0.515625 0.26171875 0.125 0.125
3 0.51953125 0.328125 0.125 0.125
3 0.53515625 0.40625 0.125 0.125
3 0.890625 0.3125 0.125 0.125
3 0.8984375 0.1640625 0.125 0.125
1 0.0234375 0.7890625 0.125 0.125
3 0.02734375 0.8671875 0.125 0.125
2 0.9140625 0.74609375 0.125 0.125
1 0.51953125 0.54296875 0.125 0.125
1 0.546875 0.6875 0.125 0.125
3 0.53515625 0.765625 0.125 0.125
3 0.5546875 0.98046875 0.125 0.125
3 0.91015625 0.5234375 0.125 0.125
