3 0.109375 0.01171875 0.125 0.125
3 0.46875 0.31640625 0.125 0.125
2 0.1171875 0.1640625 0.125 0.125
2 0.4140625 0.01171875 0.125 0.125
2 0.4375 0.109375 0.125 0.125
1 0.109375 0.08203125 0.125 0.125
1 0.328125 0.10546875 0.125 0.125
1 0.3671875 0.34765625 0.125 0.125
1 0.48828125 0.19140625 0.125 0.125
3 0.546875 0.2890625 0.125 0.125
3 0.60546875 0.15625 0.125 0.125
3 0.6171875 0.23046875 0.125 0.125
3 0.8515625 0.1484375 0.125 0.125
3 0.9140625 0.10546875 0.125 0.125
4 0.94921875 0.4140625 0.125 0.125
2 0.84765625 0.43359375 0.125 0.125
1 0.82421875 0.3515625 0.125 0.125
1 0.8359375 0.0 0.125 0.125
1 0.01171875 0.921875 0.125 0.125
3 0.52734375 0.71875 0.125 0.125
3 0.703125 0.73828125 0.125 0.125
3 0.88671875 0.95703125 0.125 0.125
2 0.54296875 0.56640625 0.125 0.125
2 0.90625 0.80859375 0.125 0.125
2 0.9140625 0.89453125 0.125 0.125
2 0.91796875 0.7109375 0.125 0.125
1 0.92578125 0.640625 0.125 0.125
