3 0.4765625 0.328125 0.125 0.125
3 0.83203125 0.32421875 0.125 0.125
1 0.5546875 0.29296875 0.125 0.125
1 0.9765625 0.3203125 0.125 0.125
3 0.47265625 0.66796875 0.125 0.125
1 0.40234375 0.67578125 0.125 0.125
1 0.1171875 0.6640625 0.125 0.125
1 0.1875 0.6484375 0.125 0.125
1 0.2578125 0.66015625 0.125 0.125
1 0.32421875 0.6640625 0.125 0.125
4 0.921875 0.671875 0.125 0.125
3 0.6953125 0.66015625 0.125 0.125
2 0.96484375 0.8671875 0.125 0.125
1 0.6171875 0.65625 0.125 0.125
1 0.703125 0.875 0.125 0.125
1 0.9921875 0.671875 0.125 0.125
