3 0.3203125 0.1015625 0.125 0.125
3 0.03515625 0.1484375 0.125 0.125
1 0.109375 0.125 0.125 0.125
1 0.1796875 0.11328125 0.125 0.125
1 0.25390625 0.1328125 0.125 0.125
1 0.2578125 0.12109375 0.125 0.125
1 0.46875 0.1484375 0.125 0.125
3 0.89453125 0.1328125 0.125 0.125
3 0.9140625 0.05859375 0.125 0.125
3 0.96875 0.41796875 0.125 0.125
2 0.88671875 0.4921875 0.125 0.125
1 0.5390625 0.140625 0.125 0.125
1 0.6171875 0.1328125 0.125 0.125
2 0.40625 0.83984375 0.125 0.125
3 0.87890625 0.8125 0.125 0.125
3 0.88671875 0.89453125 0.125 0.125
3 0.91015625 0.6875 0.125 0.125
