3 0.1640625 0.09375 0.125 0.125
3 0.1640625 0.1640625 0.125 0.125
3 0.1640625 0.2890625 0.125 0.125
3 0.1640625 0.37109375 0.125 0.125
3 0.16796875 0.234375 0.125 0.125
2 0.33203125 0.01953125 0.125 0.125
1 0.15625 0.015625 0.125 0.125
1 0.17578125 0.4453125 0.125 0.125
1 0.68359375 0.1953125 0.125 0.125
1 0.984375 0.1484375 0.125 0.125
2 0.14453125 0.51171875 0.125 0.125
1 0.171875 0.58203125 0.125 0.125
1 0.171875 0.6640625 0.125 0.125
1 0.171875 0.734375 0.125 0.125
3 0.96484375 0.95703125 0.125 0.125
3 0.66796875 0.921875 0.125 0.125
