3 0.0546875 0.296875 0.125 0.125
3 0.3671875 0.20703125 0.125 0.125
3 0.37109375 0.0703125 0.125 0.125
3 0.375 0.1328125 0.125 0.125
1 0.03515625 0.140625 0.125 0.125
1 0.04296875 0.06640625 0.125 0.125
1 0.0625 0.36328125 0.125 0.125
3 0.5546875 0.34375 0.125 0.125
3 0.5625 0.14453125 0.125 0.125
3 0.890625 0.49609375 0.125 0.125
3 0.90625 0.21875 0.125 0.125
3 0.90625 0.2890625 0.125 0.125
2 0.56640625 0.21484375 0.125 0.125
2 0.8984375 0.42578125 0.125 0.125
1 0.5546875 0.28515625 0.125 0.125
1 0.55859375 0.07421875 0.125 0.125
1 0.74609375 0.296875 0.125 0.125
1 0.89453125 0.1484375 0.125 0.125
1 0.8984375 0.07421875 0.125 0.125
1 0.91015625 0.3515625 0.125 0.125
3 0.484375 0.703125 0.125 0.125
3 0.28515625 0.69921875 0.125 0.125
3 0.41796875 0.7109375 0.125 0.125
3 0.62890625 0.71484375 0.125 0.125
1 0.55078125 0.6875 0.125 0.125
1 0.703125 0.69140625 0.125 0.125
1 0.78515625 0.69921875 0.125 0.125
1 0.8984375 0.5625 0.125 0.125
