4 0.3125 0.0546875 0.125 0.125
1 0.40625 0.12109375 0.125 0.125
1 0.4765625 0.45703125 0.125 0.125
3 0.9453125 0.46484375 0.125 0.125
4 0.45703125 0.609375 0.125 0.125
3 0.44140625 0.734375 0.125 0.125
3 0.44921875 0.890625 0.125 0.125
3 0.453125 0.953125 0.125 0.125
3 0.45703125 0.6796875 0.125 0.125
3 0.0 0.953125 0.125 0.125
3 0.12890625 0.7421875 0.125 0.125
3 0.12890625 0.81640625 0.125 0.125
3 0.1328125 0.8828125 0.125 0.125
1 0.45703125 0.81640625 0.125 0.125
4 0.91796875 0.96484375 0.125 0.125
3 0.6015625 0.53515625 0.125 0.125
3 0.91796875 0.8984375 0.125 0.125
3 0.921875 0.53515625 0.125 0.125
3 0.9296875 0.61328125 0.125 0.125
2 0.6171875 0.890625 0.125 0.125
1 0.59765625 0.6015625 0.125 0.125
1 0.92578125 0.82421875 0.125 0.125
