3 0.296875 0.35546875 0.125 0.125
3 0.421875 0.35546875 0.125 0.125
3 0.734375 0.3359375 0.125 0.125
3 0.86328125 0.34375 0.125 0.125
3 0.89453125 0.47265625 0.125 0.125
3 0.9921875 0.484375 0.125 0.125
3 0.99609375 0.33984375 0.125 0.125
3 0.50390625 0.3671875 0.125 0.125
1 0.60546875 0.41796875 0.125 0.125
1 0.703125 0.46875 0.125 0.125
1 0.8125 0.47265625 0.125 0.125
3 0.31640625 0.76171875 0.125 0.125
3 0.3203125 0.90625 0.125 0.125
3 0.328125 0.828125 0.125 0.125
2 0.296875 0.984375 0.125 0.125
4 0.65234375 0.83984375 0.125 0.125
1 0.6171875 0.7578125 0.125 0.125
1 0.640625 0.9921875 0.125 0.125
1 0.65625 0.9140625 0.125 0.125
1 0.81640625 0.8203125 0.125 0.125
