3 0.3515625 0.4921875 0.125 0.125
3 0.43359375 0.4921875 0.125 0.125
1 0.34375 0.16015625 0.125 0.125
1 0.42578125 0.16796875 0.125 0.125
1 0.00390625 0.1640625 0.125 0.125
1 0.0078125 0.4921875 0.125 0.125
1 0.08203125 0.15625 0.125 0.125
1 0.09765625 0.49609375 0.125 0.125
1 0.15625 0.1796875 0.125 0.125
1 0.25 0.16796875 0.125 0.125
3 0.1640625 0.96875 0.125 0.125
1 0.2578125 0.5 0.125 0.125
1 0.26171875 0.96484375 0.125 0.125
1 0.3359375 0.65234375 0.125 0.125
1 0.3515625 0.9765625 0.125 0.125
1 0.4140625 0.6484375 0.125 0.125
1 0.4296875 0.98046875 0.125 0.125
1 0.078125 0.66015625 0.125 0.125
1 0.078125 0.96875 0.125 0.125
1 0.1484375 0.640625 0.125 0.125
1 0.23828125 0.64453125 0.125 0.125
1 0.5 0.6328125 0.125 0.125
1 0.51953125 0.5 0.125 0.125
1 0.52734375 0.9609375 0.125 0.125
1 0.59375 0.65625 0.125 0.125
1 0.59375 0.96875 0.125 0.125
