3 0.12109375 0.19140625 0.125 0.125
3 0.1328125 0.08984375 0.125 0.125
3 0.23046875 0.0703125 0.125 0.125
1 0.2421875 0.16015625 0.125 0.125
1 0.26171875 0.25390625 0.125 0.125
1 0.26953125 0.3671875 0.125 0.125
3 0.5 0.08203125 0.125 0.125
3 0.50390625 0.17578125 0.125 0.125
3 0.5078125 0.3203125 0.125 0.125
3 0.51171875 0.25390625 0.125 0.125
1 0.515625 0.41015625 0.125 0.125
3 0.50390625 0.88671875 0.125 0.125
3 0.66015625 0.6171875 0.125 0.125
3 0.67578125 0.75390625 0.125 0.125
2 0.5 0.94921875 0.125 0.125
1 0.64453125 0.68359375 0.125 0.125
1 0.66015625 0.5546875 0.125 0.125
1 0.66015625 0.875 0.125 0.125
