3 0.29296875 0.421875 0.125 0.125
3 0.296875 0.265625 0.125 0.125
1 0.296875 0.00390625 0.125 0.125
1 0.296875 0.13671875 0.125 0.125
3 0.80859375 0.30078125 0.125 0.125
3 0.81640625 0.421875 0.125 0.125
4 0.2890625 0.6875 0.125 0.125
4 0.2890625 0.87109375 0.125 0.125
1 0.29296875 0.99609375 0.125 0.125
1 0.41015625 0.7890625 0.125 0.125
3 0.80859375 0.5625 0.125 0.125
3 0.50390625 0.9765625 0.125 0.125
3 0.5234375 0.8828125 0.125 0.125
2 0.80078125 0.71484375 0.125 0.125
1 0.515625 0.79296875 0.125 0.125
