3 0.53125 0.48828125 0.125 0.125
3 0.75390625 0.2734375 0.125 0.125
3 0.8828125 0.40625 0.125 0.125
3 0.8984375 0.26953125 0.125 0.125
3 0.90625 0.4765625 0.125 0.125
3 0.9296875 0.015625 0.125 0.125
1 0.53125 0.33984375 0.125 0.125
1 0.609375 0.01171875 0.125 0.125
1 0.67578125 0.01171875 0.125 0.125
1 0.7421875 0.0078125 0.125 0.125
1 0.75390625 0.48046875 0.125 0.125
1 0.7578125 0.33984375 0.125 0.125
1 0.76171875 0.40625 0.125 0.125
1 0.80859375 0.01171875 0.125 0.125
1 0.890625 0.33203125 0.125 0.125
3 0.40625 0.92578125 0.125 0.125
3 0.07421875 0.91015625 0.125 0.125
3 0.1484375 0.91015625 0.125 0.125
3 0.32421875 0.921875 0.125 0.125
1 0.24609375 0.90625 0.125 0.125
1 0.34765625 0.7734375 0.125 0.125
3 0.73046875 0.80078125 0.125 0.125
3 0.7421875 0.94921875 0.125 0.125
3 0.75390625 0.73828125 0.125 0.125
3 0.7578125 0.5546875 0.125 0.125
2 0.88671875 0.81640625 0.125 0.125
1 0.72265625 0.6796875 0.125 0.125
1 0.73046875 0.88671875 0.125 0.125
1 0.875 0.67578125 0.125 0.125
1 0.875 0.94140625 0.125 0.125
1 0.8828125 0.6171875 0.125 0.125
1 0.89453125 0.73828125 0.125 0.125
1 0.8984375 0.54296875 0.125 0.125
