3 0.09765625 0.07421875 0.125 0.125
3 0.1796875 0.0625 0.125 0.125
3 0.3203125 0.05078125 0.125 0.125
3 0.38671875 0.04296875 0.125 0.125
4 0.875 0.04296875 0.125 0.125
4 0.94921875 0.03515625 0.125 0.125
3 0.59375 0.046875 0.125 0.125
3 0.6640625 0.05078125 0.125 0.125
3 0.7265625 0.49609375 0.125 0.125
3 0.734375 0.05859375 0.125 0.125
3 0.7890625 0.49609375 0.125 0.125
1 0.6484375 0.49609375 0.125 0.125
1 0.8046875 0.05859375 0.125 0.125
1 0.9375 0.49609375 0.125 0.125
3 0.4921875 0.984375 0.125 0.125
4 0.62890625 0.6953125 0.125 0.125
4 0.95703125 0.7109375 0.125 0.125
3 0.56640625 0.515625 0.125 0.125
3 0.70703125 0.70703125 0.125 0.125
3 0.86328125 0.5 0.125 0.125
