3 0.19140625 0.3125 0.125 0.125
3 0.3359375 0.18359375 0.125 0.125
3 0.3359375 0.3203125 0.125 0.125
3 0.0625 0.31640625 0.125 0.125
3 0.19140625 0.16015625 0.125 0.125
2 0.125 0.3203125 0.125 0.125
4 0.625 0.078125 0.125 0.125
3 0.62109375 0.1484375 0.125 0.125
3 0.65234375 0.29296875 0.125 0.125
3 0.65234375 0.34375 0.125 0.125
1 0.796875 0.4375 0.125 0.125
3 0.32421875 0.625 0.125 0.125
3 0.3984375 0.640625 0.125 0.125
3 0.125 0.6484375 0.125 0.125
1 0.0546875 0.76171875 0.125 0.125
1 0.05859375 0.63671875 0.125 0.125
1 0.125 0.7734375 0.125 0.125
1 0.18359375 0.63671875 0.125 0.125
1 0.1875 0.76953125 0.125 0.125
1 0.265625 0.63671875 0.125 0.125
1 0.265625 0.78515625 0.125 0.125
1 0.32421875 0.7734375 0.125 0.125
1 0.39453125 0.77734375 0.125 0.125
1 0.46875 0.62890625 0.125 0.125
3 0.7734375 0.80859375 0.125 0.125
2 0.7734375 0.91015625 0.125 0.125
1 0.78125 0.7421875 0.125 0.125
1 0.8515625 0.5625 0.125 0.125
