3 0.06640625 0.30078125 0.125 0.125
3 0.0703125 0.3671875 0.125 0.125
2 0.34765625 0.0703125 0.125 0.125
2 0.34765625 0.15625 0.125 0.125
2 0.36328125 0.2890625 0.125 0.125
1 0.35546875 0.3515625 0.125 0.125
1 0.35546875 0.484375 0.125 0.125
1 0.37890625 0.2265625 0.125 0.125
1 0.06640625 0.24609375 0.125 0.125
1 0.078125 0.4453125 0.125 0.125
3 0.51171875 0.05078125 0.125 0.125
3 0.52734375 0.22265625 0.125 0.125
3 0.875 0.48828125 0.125 0.125
3 0.890625 0.40625 0.125 0.125
3 0.06640625 0.8515625 0.125 0.125
3 0.07421875 0.984375 0.125 0.125
3 0.08203125 0.6484375 0.125 0.125
2 0.078125 0.78125 0.125 0.125
2 0.3359375 0.8984375 0.125 0.125
2 0.36328125 0.75 0.125 0.125
1 0.36328125 0.625 0.125 0.125
4 0.91015625 0.74609375 0.125 0.125
3 0.5 0.96875 0.125 0.125
3 0.9140625 0.59375 0.125 0.125
1 0.7421875 0.90625 0.125 0.125
1 0.765625 0.7421875 0.125 0.125
1 0.87109375 0.98046875 0.125 0.125
