3 0.0234375 0.34375 0.125 0.125
3 0.03515625 0.48828125 0.125 0.125
3 0.171875 0.484375 0.125 0.125
3 0.4921875 0.484375 0.125 0.125
1 0.0390625 0.41796875 0.125 0.125
1 0.17578125 0.41015625 0.125 0.125
4 0.50390625 0.34765625 0.125 0.125
1 0.50390625 0.41796875 0.125 0.125
1 0.9140625 0.35546875 0.125 0.125
3 0.49609375 0.6328125 0.125 0.125
1 0.40625 0.9765625 0.125 0.125
1 0.48828125 0.77734375 0.125 0.125
1 0.4921875 0.703125 0.125 0.125
1 0.0234375 0.5625 0.125 0.125
1 0.02734375 0.62890625 0.125 0.125
1 0.11328125 0.96484375 0.125 0.125
1 0.171875 0.85546875 0.125 0.125
1 0.1796875 0.63671875 0.125 0.125
1 0.19140625 0.70703125 0.125 0.125
3 0.69921875 0.9765625 0.125 0.125
