3 0.10546875 0.1640625 0.125 0.125
3 0.3125 0.171875 0.125 0.125
3 0.390625 0.16015625 0.125 0.125
3 0.4609375 0.1640625 0.125 0.125
1 0.171875 0.15625 0.125 0.125
1 0.2421875 0.16015625 0.125 0.125
3 0.74609375 0.1640625 0.125 0.125
3 0.82421875 0.171875 0.125 0.125
1 0.53515625 0.17578125 0.125 0.125
1 0.6015625 0.1796875 0.125 0.125
1 0.671875 0.171875 0.125 0.125
1 0.890625 0.16796875 0.125 0.125
1 0.9609375 0.1640625 0.125 0.125
3 0.0859375 0.51953125 0.125 0.125
3 0.23828125 0.52734375 0.125 0.125
3 0.23828125 0.74609375 0.125 0.125
3 0.3125 0.73046875 0.125 0.125
3 0.390625 0.52734375 0.125 0.125
3 0.453125 0.734375 0.125 0.125
2 0.171875 0.52734375 0.125 0.125
1 0.16796875 0.73828125 0.125 0.125
1 0.30859375 0.53125 0.125 0.125
1 0.390625 0.71875 0.125 0.125
1 0.453125 0.5390625 0.125 0.125
1 0.09375 0.7421875 0.125 0.125
3 0.58984375 0.73828125 0.125 0.125
3 0.60546875 0.515625 0.125 0.125
3 0.67578125 0.5234375 0.125 0.125
3 0.80859375 0.53125 0.125 0.125
3 0.81640625 0.73828125 0.125 0.125
3 0.87890625 0.51953125 0.125 0.125
3 0.9609375 0.7421875 0.125 0.125
1 0.52734375 0.53125 0.125 0.125
1 0.52734375 0.734375 0.125 0.125
1 0.66796875 0.73828125 0.125 0.125
1 0.7421875 0.5234375 0.125 0.125
1 0.7421875 0.7265625 0.125 0.125
1 0.87890625 0.734375 0.125 0.125
