2 0.0703125 0.25 0.125 0.125
3 0.2265625 0.234375 0.125 0.125
3 0.296875 0.234375 0.125 0.125
1 0.16015625 0.2265625 0.125 0.125
1 0.3671875 0.23046875 0.125 0.125
1 0.453125 0.25 0.125 0.125
4 0.59765625 0.3828125 0.125 0.125
1 0.953125 0.47265625 0.125 0.125
3 0.5859375 0.7734375 0.125 0.125
3 0.58984375 0.703125 0.125 0.125
3 0.58984375 0.84765625 0.125 0.125
3 0.6015625 0.55859375 0.125 0.125
3 0.9453125 0.73046875 0.125 0.125
3 0.9453125 0.875 0.125 0.125
1 0.58203125 0.94140625 0.125 0.125
1 0.59375 0.6328125 0.125 0.125
1 0.7421875 0.8046875 0.125 0.125
1 0.95703125 0.59765625 0.125 0.125
