1 0.1484375 0.328125 0.125 0.125
1 0.328125 0.26171875 0.125 0.125
1 0.49609375 0.2890625 0.125 0.125
3 0.66015625 0.26953125 0.125 0.125
1 0.796875 0.28125 0.125 0.125
3 0.16015625 0.58984375 0.125 0.125
3 0.375 0.6015625 0.125 0.125
2 0.4453125 0.6015625 0.125 0.125
1 0.01171875 0.58984375 0.125 0.125
1 0.08984375 0.59765625 0.125 0.125
1 0.22265625 0.59765625 0.125 0.125
1 0.30078125 0.60546875 0.125 0.125
3 0.578125 0.59375 0.125 0.125
3 0.8671875 0.6015625 0.125 0.125
1 0.515625 0.60546875 0.125 0.125
1 0.66015625 0.59765625 0.125 0.125
1 0.72265625 0.6015625 0.125 0.125
1 0.796875 0.60546875 0.125 0.125
1 0.94140625 0.609375 0.125 0.125
