1 0.02734375 0.0859375 0.125 0.125
1 0.32421875 0.0703125 0.125 0.125
3 0.74609375 0.41015625 0.125 0.125
3 0.7578125 0.04296875 0.125 0.125
3 0.80078125 0.0234375 0.125 0.125
3 0.828125 0.34375 0.125 0.125
3 0.87109375 0.0390625 0.125 0.125
3 0.90625 0.3125 0.125 0.125
3 0.92578125 0.03515625 0.125 0.125
3 0.96484375 0.19921875 0.125 0.125
3 0.984375 0.03125 0.125 0.125
1 0.36328125 0.71875 0.125 0.125
4 0.98046875 0.8984375 0.125 0.125
3 0.58984375 0.6640625 0.125 0.125
3 0.7734375 0.77734375 0.125 0.125
3 0.8359375 0.65625 0.125 0.125
3 0.84375 0.80078125 0.125 0.125
3 0.88671875 0.6171875 0.125 0.125
3 0.90625 0.79296875 0.125 0.125
3 0.92578125 0.97265625 0.125 0.125
3 0.96484375 0.78515625 0.125 0.125
3 0.53515625 0.54296875 0.125 0.125
3 0.5390625 0.76953125 0.125 0.125
1 0.53515625 0.67578125 0.125 0.125
1 0.796875 0.515625 0.125 0.125
