2 0.48046875 0.3984375 0.125 0.125
3 0.046875 0.41015625 0.125 0.125
3 0.12109375 0.40625 0.125 0.125
3 0.1875 0.05078125 0.125 0.125
3 0.25390625 0.05078125 0.125 0.125
3 0.3203125 0.0390625 0.125 0.125
3 0.33203125 0.3984375 0.125 0.125
1 0.02734375 0.03515625 0.125 0.125
1 0.109375 0.0625 0.125 0.125
1 0.1875 0.390625 0.125 0.125
1 0.2578125 0.3984375 0.125 0.125
1 0.40234375 0.0390625 0.125 0.125
1 0.4765625 0.0703125 0.125 0.125
2 0.62109375 0.05078125 0.125 0.125
3 0.54296875 0.08203125 0.125 0.125
3 0.6875 0.0625 0.125 0.125
3 0.765625 0.046875 0.125 0.125
1 0.5546875 0.40625 0.125 0.125
1 0.62890625 0.4140625 0.125 0.125
1 0.90625 0.05078125 0.125 0.125
