4 0.3046875 0.09765625 0.125 0.125
3 0.03515625 0.12890625 0.125 0.125
3 0.10546875 0.1171875 0.125 0.125
3 0.16015625 0.1171875 0.125 0.125
3 0.47265625 0.234375 0.125 0.125
2 0.0078125 0.29296875 0.125 0.125
1 0.23828125 0.12109375 0.125 0.125
1 0.3984375 0.2421875 0.125 0.125
1 0.44921875 0.09375 0.125 0.125
4 0.8671875 0.3515625 0.125 0.125
4 0.90234375 0.296875 0.125 0.125
4 0.97265625 0.30078125 0.125 0.125
3 0.62890625 0.21875 0.125 0.125
3 0.91015625 0.421875 0.125 0.125
3 0.96875 0.14453125 0.125 0.125
2 0.609375 0.0625 0.125 0.125
1 0.53515625 0.08984375 0.125 0.125
1 0.55078125 0.2265625 0.125 0.125
1 0.90234375 0.1640625 0.125 0.125
4 0.3203125 0.99609375 0.125 0.125
3 0.0703125 0.6328125 0.125 0.125
3 0.30859375 0.58984375 0.125 0.125
3 0.375 0.5625 0.125 0.125
2 0.015625 0.78515625 0.125 0.125
2 0.09375 0.7734375 0.125 0.125
1 0.140625 0.6171875 0.125 0.125
1 0.18359375 0.78125 0.125 0.125
1 0.21875 0.58984375 0.125 0.125
1 0.25390625 0.77734375 0.125 0.125
1 0.33203125 0.7578125 0.125 0.125
1 0.390625 0.74609375 0.125 0.125
1 0.453125 0.578125 0.125 0.125
1 0.46484375 0.73046875 0.125 0.125
4 0.53125 0.55078125 0.125 0.125
4 0.953125 0.7890625 0.125 0.125
3 0.88671875 0.91015625 0.125 0.125
3 0.97265625 0.61328125 0.125 0.125
1 0.625 0.70703125 0.125 0.125
