3 0.234375 0.23046875 0.125 0.125
3 0.23828125 0.30859375 0.125 0.125
3 0.5234375 0.1796875 0.125 0.125
3 0.53125 0.0390625 0.125 0.125
1 0.546875 0.25 0.125 0.125
4 0.2109375 0.6328125 0.125 0.125
4 0.2265625 0.71875 0.125 0.125
3 0.2109375 0.91015625 0.125 0.125
3 0.22265625 0.78125 0.125 0.125
1 0.09765625 0.93359375 0.125 0.125
1 0.20703125 0.84375 0.125 0.125
4 0.5390625 0.51171875 0.125 0.125
3 0.53125 0.91015625 0.125 0.125
2 0.51171875 0.65234375 0.125 0.125
2 0.546875 0.79296875 0.125 0.125
1 0.5234375 0.8515625 0.125 0.125
