3 0.43359375 0.3203125 0.125 0.125
3 0.69921875 0.0390625 0.125 0.125
2 0.5703125 0.046875 0.125 0.125
2 0.58203125 0.30078125 0.125 0.125
2 0.859375 0.30859375 0.125 0.125
2 0.9375 0.30078125 0.125 0.125
1 0.65625 0.30859375 0.125 0.125
1 0.79296875 0.3125 0.125 0.125
4 0.0546875 0.62890625 0.125 0.125
3 0.48046875 0.6484375 0.125 0.125
3 0.64453125 0.5234375 0.125 0.125
3 0.71875 0.53515625 0.125 0.125
3 0.78515625 0.53125 0.125 0.125
1 0.98828125 0.515625 0.125 0.125
1 0.8515625 0.54296875 0.125 0.125
1 0.90234375 0.828125 0.125 0.125
1 0.9296875 0.5234375 0.125 0.125
