3 0.13671875 0.48828125 0.125 0.125
3 0.2109375 0.3359375 0.125 0.125
3 0.2890625 0.359375 0.125 0.125
3 0.29296875 0.49609375 0.125 0.125
3 0.35546875 0.359375 0.125 0.125
3 0.35546875 0.484375 0.125 0.125
2 0.14453125 0.34765625 0.125 0.125
1 0.0 0.46484375 0.125 0.125
1 0.0078125 0.328125 0.125 0.125
1 0.05859375 0.48828125 0.125 0.125
1 0.0703125 0.3515625 0.125 0.125
1 0.20703125 0.48828125 0.125 0.125
1 0.4296875 0.484375 0.125 0.125
1 0.43359375 0.35546875 0.125 0.125
3 0.5625 0.3671875 0.125 0.125
3 0.70703125 0.48828125 0.125 0.125
3 0.71875 0.328125 0.125 0.125
3 0.78125 0.48046875 0.125 0.125
1 0.63671875 0.48828125 0.125 0.125
1 0.640625 0.3515625 0.125 0.125
1 0.79296875 0.328125 0.125 0.125
1 0.8515625 0.49609375 0.125 0.125
1 0.85546875 0.328125 0.125 0.125
1 0.5 0.4921875 0.125 0.125
1 0.50390625 0.37890625 0.125 0.125
3 0.0625 0.859375 0.125 0.125
3 0.203125 0.85546875 0.125 0.125
3 0.2890625 0.859375 0.125 0.125
2 0.140625 0.86328125 0.125 0.125
2 0.421875 0.875 0.125 0.125
1 0.3515625 0.859375 0.125 0.125
3 0.56640625 0.5 0.125 0.125
3 0.57421875 0.87109375 0.125 0.125
3 0.63671875 0.875 0.125 0.125
3 0.78515625 0.859375 0.125 0.125
3 0.859375 0.859375 0.125 0.125
3 0.99609375 0.86328125 0.125 0.125
1 0.70703125 0.8671875 0.125 0.125
1 0.9375 0.8671875 0.125 0.125
