4 0.171875 0.07421875 0.125 0.125
4 0.3515625 0.0703125 0.125 0.125
3 0.09765625 0.2109375 0.125 0.125
3 0.1328125 0.4609375 0.125 0.125
3 0.19921875 0.484375 0.125 0.125
3 0.26953125 0.0703125 0.125 0.125
3 0.28125 0.47265625 0.125 0.125
3 0.359375 0.234375 0.125 0.125
3 0.37109375 0.4765625 0.125 0.125
3 0.44921875 0.484375 0.125 0.125
1 0.16796875 0.21484375 0.125 0.125
1 0.24609375 0.2109375 0.125 0.125
1 0.41796875 0.08984375 0.125 0.125
1 0.4453125 0.21875 0.125 0.125
1 0.0546875 0.49609375 0.125 0.125
3 0.96484375 0.15234375 0.125 0.125
3 0.51953125 0.4765625 0.125 0.125
3 0.53515625 0.21875 0.125 0.125
3 0.57421875 0.11328125 0.125 0.125
3 0.58203125 0.4765625 0.125 0.125
1 0.51171875 0.0703125 0.125 0.125
1 0.8984375 0.171875 0.125 0.125
3 0.03125 0.83984375 0.125 0.125
3 0.18359375 0.828125 0.125 0.125
3 0.2578125 0.8359375 0.125 0.125
3 0.359375 0.97265625 0.125 0.125
1 0.3671875 0.84765625 0.125 0.125
1 0.44140625 0.83984375 0.125 0.125
1 0.109375 0.83984375 0.125 0.125
3 0.51171875 0.83984375 0.125 0.125
3 0.51953125 0.96484375 0.125 0.125
3 0.58984375 0.85546875 0.125 0.125
1 0.8515625 0.859375 0.125 0.125
1 0.89453125 0.796875 0.125 0.125
1 0.98828125 0.90625 0.125 0.125
