3 0.046875 0.48828125 0.125 0.125
3 0.109375 0.0390625 0.125 0.125
3 0.12109375 0.4921875 0.125 0.125
3 0.19921875 0.49609375 0.125 0.125
3 0.25390625 0.48046875 0.125 0.125
3 0.33203125 0.48828125 0.125 0.125
1 0.40234375 0.4921875 0.125 0.125
3 0.9765625 0.01171875 0.125 0.125
1 0.6875 0.484375 0.125 0.125
3 0.25390625 0.90625 0.125 0.125
3 0.3984375 0.8828125 0.125 0.125
3 0.4765625 0.5 0.125 0.125
3 0.4765625 0.89453125 0.125 0.125
1 0.0390625 0.875 0.125 0.125
1 0.1171875 0.890625 0.125 0.125
1 0.18359375 0.890625 0.125 0.125
1 0.328125 0.8828125 0.125 0.125
4 0.62109375 0.51953125 0.125 0.125
3 0.546875 0.88671875 0.125 0.125
3 0.8828125 0.50390625 0.125 0.125
1 0.54296875 0.5 0.125 0.125
1 0.77734375 0.5 0.125 0.125
