3 0.0078125 0.29296875 0.125 0.125
3 0.015625 0.43359375 0.125 0.125
3 0.03125 0.1328125 0.125 0.125
3 0.0625 0.2890625 0.125 0.125
3 0.078125 0.421875 0.125 0.125
3 0.11328125 0.265625 0.125 0.125
3 0.1328125 0.109375 0.125 0.125
3 0.1328125 0.41015625 0.125 0.125
3 0.171875 0.25390625 0.125 0.125
3 0.18359375 0.09375 0.125 0.125
3 0.203125 0.3828125 0.125 0.125
3 0.23046875 0.234375 0.125 0.125
3 0.23828125 0.08203125 0.125 0.125
3 0.28515625 0.07421875 0.125 0.125
3 0.28515625 0.21484375 0.125 0.125
3 0.28515625 0.359375 0.125 0.125
3 0.33984375 0.05078125 0.125 0.125
3 0.34375 0.1953125 0.125 0.125
3 0.3515625 0.33984375 0.125 0.125
3 0.36328125 0.484375 0.125 0.125
3 0.40234375 0.0390625 0.125 0.125
3 0.41015625 0.31640625 0.125 0.125
3 0.41015625 0.46484375 0.125 0.125
3 0.4140625 0.171875 0.125 0.125
3 0.44921875 0.296875 0.125 0.125
3 0.46875 0.03125 0.125 0.125
3 0.46875 0.44921875 0.125 0.125
3 0.47265625 0.15625 0.125 0.125
1 0.08203125 0.12109375 0.125 0.125
3 0.51953125 0.2890625 0.125 0.125
3 0.52734375 0.01953125 0.125 0.125
3 0.52734375 0.140625 0.125 0.125
3 0.53515625 0.43359375 0.125 0.125
3 0.58203125 0.28125 0.125 0.125
3 0.5859375 0.00390625 0.125 0.125
3 0.59375 0.41015625 0.125 0.125
3 0.62890625 0.265625 0.125 0.125
3 0.6484375 0.12109375 0.125 0.125
3 0.65625 0.3984375 0.125 0.125
3 0.71875 0.390625 0.125 0.125
1 0.5859375 0.13671875 0.125 0.125
1 0.98828125 0.1015625 0.125 0.125
3 0.0234375 0.59375 0.125 0.125
3 0.03125 0.71875 0.125 0.125
3 0.05859375 0.86328125 0.125 0.125
3 0.0859375 0.5625 0.125 0.125
3 0.0859375 0.703125 0.125 0.125
3 0.08984375 0.9921875 0.125 0.125
3 0.1171875 0.83984375 0.125 0.125
3 0.13671875 0.55859375 0.125 0.125
3 0.14453125 0.6875 0.125 0.125
3 0.1484375 0.98046875 0.125 0.125
3 0.18359375 0.53125 0.125 0.125
3 0.1875 0.8203125 0.125 0.125
3 0.1953125 0.9609375 0.125 0.125
3 0.19921875 0.67578125 0.125 0.125
3 0.24609375 0.94140625 0.125 0.125
3 0.25 0.5234375 0.125 0.125
3 0.2578125 0.6484375 0.125 0.125
3 0.296875 0.6328125 0.125 0.125
3 0.30859375 0.5 0.125 0.125
3 0.36328125 0.625 0.125 0.125
3 0.4140625 0.609375 0.125 0.125
3 0.46875 0.5859375 0.125 0.125
3 0.53515625 0.56640625 0.125 0.125
3 0.56640625 0.94921875 0.125 0.125
3 0.5859375 0.55859375 0.125 0.125
3 0.62109375 0.9609375 0.125 0.125
3 0.65625 0.546875 0.125 0.125
3 0.7109375 0.5234375 0.125 0.125
1 0.5078125 0.9921875 0.125 0.125
