3 0.03125 0.49609375 0.125 0.125
3 0.05859375 0.12890625 0.125 0.125
3 0.1015625 0.48828125 0.125 0.125
3 0.1328125 0.265625 0.125 0.125
3 0.140625 0.125 0.125 0.125
3 0.2109375 0.28125 0.125 0.125
3 0.27734375 0.4921875 0.125 0.125
3 0.30078125 0.1484375 0.125 0.125
3 0.3828125 0.26953125 0.125 0.125
3 0.40234375 0.1171875 0.125 0.125
3 0.47265625 0.265625 0.125 0.125
1 0.37109375 0.49609375 0.125 0.125
1 0.48046875 0.13671875 0.125 0.125
1 0.05859375 0.2421875 0.125 0.125
1 0.18359375 0.4921875 0.125 0.125
1 0.2109375 0.15625 0.125 0.125
4 0.81640625 0.25390625 0.125 0.125
4 0.9765625 0.26953125 0.125 0.125
3 0.640625 0.140625 0.125 0.125
3 0.73046875 0.1328125 0.125 0.125
3 0.80859375 0.1328125 0.125 0.125
3 0.88671875 0.1328125 0.125 0.125
3 0.9765625 0.1328125 0.125 0.125
1 0.5546875 0.1484375 0.125 0.125
1 0.56640625 0.24609375 0.125 0.125
1 0.64453125 0.26171875 0.125 0.125
1 0.71875 0.265625 0.125 0.125
1 0.89453125 0.26953125 0.125 0.125
4 0.4765625 0.50390625 0.125 0.125
3 0.2109375 0.65625 0.125 0.125
1 0.37890625 0.6640625 0.125 0.125
1 0.44921875 0.94921875 0.125 0.125
1 0.453125 0.66015625 0.125 0.125
1 0.0390625 0.93359375 0.125 0.125
1 0.12109375 0.94140625 0.125 0.125
1 0.203125 0.94140625 0.125 0.125
1 0.2890625 0.93359375 0.125 0.125
1 0.29296875 0.6640625 0.125 0.125
1 0.359375 0.93359375 0.125 0.125
3 0.5390625 0.9453125 0.125 0.125
3 0.5546875 0.51171875 0.125 0.125
3 0.62890625 0.5078125 0.125 0.125
3 0.86328125 0.67578125 0.125 0.125
3 0.99609375 0.5078125 0.125 0.125
1 0.5390625 0.65234375 0.125 0.125
1 0.6171875 0.66015625 0.125 0.125
1 0.62109375 0.93359375 0.125 0.125
1 0.69921875 0.9375 0.125 0.125
1 0.703125 0.65234375 0.125 0.125
1 0.70703125 0.51171875 0.125 0.125
1 0.78125 0.671875 0.125 0.125
1 0.78515625 0.94140625 0.125 0.125
1 0.80078125 0.50390625 0.125 0.125
1 0.8671875 0.9296875 0.125 0.125
1 0.91015625 0.50390625 0.125 0.125
1 0.953125 0.93359375 0.125 0.125
