3 0.46875 0.37890625 0.125 0.125
3 0.47265625 0.45703125 0.125 0.125
2 0.109375 0.41015625 0.125 0.125
2 0.109375 0.48046875 0.125 0.125
2 0.1171875 0.06640625 0.125 0.125
2 0.1171875 0.140625 0.125 0.125
2 0.48828125 0.09765625 0.125 0.125
1 0.4765625 0.03125 0.125 0.125
3 0.6328125 0.31640625 0.125 0.125
3 0.65234375 0.03515625 0.125 0.125
3 0.9765625 0.38671875 0.125 0.125
2 0.98046875 0.10546875 0.125 0.125
2 0.984375 0.3125 0.125 0.125
1 0.62890625 0.17578125 0.125 0.125
1 0.62890625 0.3828125 0.125 0.125
1 0.63671875 0.2421875 0.125 0.125
1 0.99609375 0.23046875 0.125 0.125
1 0.47265625 0.59375 0.125 0.125
1 0.48046875 0.5234375 0.125 0.125
3 0.6328125 0.6015625 0.125 0.125
3 0.98046875 0.80859375 0.125 0.125
1 0.96875 0.66796875 0.125 0.125
1 0.9765625 0.51953125 0.125 0.125
1 0.9765625 0.8828125 0.125 0.125
1 0.9921875 0.7265625 0.125 0.125
