1 0.46875 0.48828125 0.125 0.125
3 0.64453125 0.25 0.125 0.125
3 0.71875 0.2578125 0.125 0.125
3 0.796875 0.24609375 0.125 0.125
3 0.953125 0.25 0.125 0.125
1 0.86328125 0.26171875 0.125 0.125
3 0.4609375 0.8203125 0.125 0.125
3 0.46484375 0.7578125 0.125 0.125
3 0.47265625 0.90234375 0.125 0.125
3 0.484375 0.6875 0.125 0.125
1 0.46875 0.97265625 0.125 0.125
1 0.4765625 0.6171875 0.125 0.125
1 0.484375 0.55078125 0.125 0.125
3 0.82421875 0.8359375 0.125 0.125
3 0.83203125 0.90625 0.125 0.125
3 0.83984375 0.62109375 0.125 0.125
3 0.84375 0.69921875 0.125 0.125
3 0.9921875 0.7109375 0.125 0.125
3 0.99609375 0.921875 0.125 0.125
1 0.828125 0.9765625 0.125 0.125
1 0.8359375 0.5625 0.125 0.125
1 0.83984375 0.76953125 0.125 0.125
1 0.99609375 0.6328125 0.125 0.125
