4 0.0546875 0.265625 0.125 0.125
4 0.203125 0.16796875 0.125 0.125
4 0.22265625 0.27734375 0.125 0.125
4 0.36328125 0.30078125 0.125 0.125
3 0.11328125 0.2890625 0.125 0.125
3 0.12890625 0.1640625 0.125 0.125
3 0.3046875 0.1640625 0.125 0.125
3 0.38671875 0.16015625 0.125 0.125
3 0.47265625 0.1640625 0.125 0.125
2 0.46484375 0.28515625 0.125 0.125
1 0.2890625 0.28125 0.125 0.125
4 0.640625 0.30078125 0.125 0.125
3 0.55078125 0.28125 0.125 0.125
3 0.65234375 0.1640625 0.125 0.125
3 0.96875 0.0390625 0.125 0.125
3 0.97265625 0.4921875 0.125 0.125
2 0.71875 0.3125 0.125 0.125
1 0.56640625 0.16796875 0.125 0.125
3 0.25390625 0.5546875 0.125 0.125
3 0.9140625 0.9140625 0.125 0.125
1 0.9609375 0.64453125 0.125 0.125
