4 0.19921875 0.1484375 0.125 0.125
3 0.03515625 0.1328125 0.125 0.125
3 0.1171875 0.13671875 0.125 0.125
1 0.01171875 0.3671875 0.125 0.125
1 0.09375 0.265625 0.125 0.125
1 0.5859375 0.40625 0.125 0.125
3 0.04296875 0.64453125 0.125 0.125
3 0.203125 0.52734375 0.125 0.125
3 0.21484375 0.65234375 0.125 0.125
3 0.29296875 0.51953125 0.125 0.125
3 0.359375 0.66796875 0.125 0.125
3 0.3671875 0.53515625 0.125 0.125
3 0.4453125 0.64453125 0.125 0.125
2 0.4453125 0.52734375 0.125 0.125
2 0.4921875 0.9375 0.125 0.125
1 0.046875 0.5390625 0.125 0.125
1 0.125 0.52734375 0.125 0.125
1 0.1328125 0.64453125 0.125 0.125
1 0.296875 0.6484375 0.125 0.125
4 0.75 0.5390625 0.125 0.125
3 0.515625 0.53125 0.125 0.125
3 0.51953125 0.65234375 0.125 0.125
3 0.78125 0.640625 0.125 0.125
3 0.81640625 0.5390625 0.125 0.125
3 0.8203125 0.69140625 0.125 0.125
3 0.90234375 0.5390625 0.125 0.125
3 0.9140625 0.640625 0.125 0.125
2 0.68359375 0.5546875 0.125 0.125
1 0.59765625 0.53125 0.125 0.125
1 0.59765625 0.6640625 0.125 0.125
1 0.67578125 0.66015625 0.125 0.125
