3 0.08203125 0.94140625 0.125 0.125
3 0.14453125 0.59375 0.125 0.125
3 0.22265625 0.96875 0.125 0.125
3 0.30859375 0.59765625 0.125 0.125
2 0.01171875 0.953125 0.125 0.125
2 0.29296875 0.94921875 0.125 0.125
1 0.15234375 0.9453125 0.125 0.125
1 0.36328125 0.94921875 0.125 0.125
1 0.42578125 0.9609375 0.125 0.125
1 0.48046875 0.58984375 0.125 0.125
3 0.578125 0.97265625 0.125 0.125
3 0.703125 0.96484375 0.125 0.125
3 0.71875 0.9765625 0.125 0.125
3 0.94140625 0.97265625 0.125 0.125
2 0.5078125 0.9765625 0.125 0.125
2 0.6875 0.58984375 0.125 0.125
2 0.7890625 0.97265625 0.125 0.125
1 0.85546875 0.97265625 0.125 0.125
