3 0.1875 0.31640625 0.125 0.125
3 0.4765625 0.30859375 0.125 0.125
3 0.48046875 0.14453125 0.125 0.125
2 0.18359375 0.1484375 0.125 0.125
1 0.3359375 0.1171875 0.125 0.125
1 0.40234375 0.11328125 0.125 0.125
3 0.546875 0.30078125 0.125 0.125
3 0.61328125 0.2890625 0.125 0.125
3 0.69140625 0.29296875 0.125 0.125
3 0.69921875 0.14453125 0.125 0.125
3 0.765625 0.125 0.125 0.125
3 0.82421875 0.3125 0.125 0.125
1 0.90234375 0.1484375 0.125 0.125
1 0.90625 0.28515625 0.125 0.125
1 0.96875 0.13671875 0.125 0.125
1 0.55078125 0.1328125 0.125 0.125
1 0.62109375 0.125 0.125 0.125
3 0.62109375 0.8671875 0.125 0.125
1 0.90234375 0.62890625 0.125 0.125
1 0.52734375 0.89453125 0.125 0.125
1 0.75 0.67578125 0.125 0.125
