3 0.23046875 0.1015625 0.125 0.125
3 0.23828125 0.29296875 0.125 0.125
1 0.22265625 0.3671875 0.125 0.125
1 0.2265625 0.4921875 0.125 0.125
3 0.54296875 0.41796875 0.125 0.125
3 0.55078125 0.296875 0.125 0.125
1 0.5625 0.16015625 0.125 0.125
4 0.04296875 0.609375 0.125 0.125
4 0.0703125 0.74609375 0.125 0.125
1 0.05078125 0.67578125 0.125 0.125
1 0.05078125 0.87890625 0.125 0.125
1 0.234375 0.68359375 0.125 0.125
3 0.55078125 0.609375 0.125 0.125
3 0.796875 0.71484375 0.125 0.125
1 0.63671875 0.70703125 0.125 0.125
1 0.734375 0.7265625 0.125 0.125
1 0.953125 0.734375 0.125 0.125
1 0.55859375 0.55078125 0.125 0.125
