3 0.0078125 0.16796875 0.125 0.125
3 0.01171875 0.23828125 0.125 0.125
3 0.01953125 0.3125 0.125 0.125
3 0.36328125 0.03125 0.125 0.125
3 0.37109375 0.16796875 0.125 0.125
3 0.48828125 0.171875 0.125 0.125
3 0.4921875 0.43359375 0.125 0.125
3 0.49609375 0.3046875 0.125 0.125
1 0.36328125 0.23828125 0.125 0.125
1 0.36328125 0.30859375 0.125 0.125
1 0.36328125 0.3671875 0.125 0.125
1 0.3671875 0.1015625 0.125 0.125
1 0.49609375 0.11328125 0.125 0.125
1 0.0234375 0.3671875 0.125 0.125
1 0.02734375 0.03125 0.125 0.125
1 0.0390625 0.4375 0.125 0.125
1 0.33984375 0.4296875 0.125 0.125
3 0.5 0.23046875 0.125 0.125
3 0.8671875 0.2421875 0.125 0.125
3 0.8671875 0.375 0.125 0.125
3 0.87109375 0.09765625 0.125 0.125
3 0.875 0.3046875 0.125 0.125
1 0.5 0.37109375 0.125 0.125
1 0.51953125 0.0390625 0.125 0.125
1 0.86328125 0.16796875 0.125 0.125
1 0.88671875 0.4375 0.125 0.125
3 0.0078125 0.5703125 0.125 0.125
3 0.0078125 0.6484375 0.125 0.125
3 0.34375 0.96875 0.125 0.125
3 0.34765625 0.62890625 0.125 0.125
3 0.3515625 0.5703125 0.125 0.125
3 0.3671875 0.83984375 0.125 0.125
3 0.48828125 0.640625 0.125 0.125
3 0.48828125 0.703125 0.125 0.125
3 0.4921875 0.5703125 0.125 0.125
1 0.36328125 0.91015625 0.125 0.125
1 0.375 0.76953125 0.125 0.125
1 0.49609375 0.96875 0.125 0.125
1 0.0078125 0.86328125 0.125 0.125
1 0.01171875 0.7890625 0.125 0.125
1 0.015625 0.72265625 0.125 0.125
1 0.34375 0.5 0.125 0.125
1 0.34375 0.70703125 0.125 0.125
3 0.8671875 0.640625 0.125 0.125
3 0.8671875 0.703125 0.125 0.125
3 0.87109375 0.5703125 0.125 0.125
3 0.875 0.50390625 0.125 0.125
1 0.5 0.83984375 0.125 0.125
1 0.50390625 0.5 0.125 0.125
1 0.8671875 0.78125 0.125 0.125
1 0.87109375 0.91015625 0.125 0.125
1 0.87109375 0.9765625 0.125 0.125
