4 0.0234375 0.33984375 0.125 0.125
3 0.03125 0.046875 0.125 0.125
3 0.47265625 0.17578125 0.125 0.125
3 0.01953125 0.48828125 0.125 0.125
3 0.0234375 0.1953125 0.125 0.125
2 0.02734375 0.4140625 0.125 0.125
1 0.02734375 0.12109375 0.125 0.125
1 0.03125 0.26953125 0.125 0.125
4 0.61328125 0.1875 0.125 0.125
3 0.75 0.19921875 0.125 0.125
3 0.8203125 0.1875 0.125 0.125
2 0.97265625 0.1875 0.125 0.125
1 0.89453125 0.1953125 0.125 0.125
1 0.52734375 0.48828125 0.125 0.125
1 0.5390625 0.19140625 0.125 0.125
4 0.3828125 0.5859375 0.125 0.125
3 0.02734375 0.62109375 0.125 0.125
3 0.03515625 0.546875 0.125 0.125
3 0.37890625 0.5078125 0.125 0.125
3 0.37890625 0.6484375 0.125 0.125
3 0.01953125 0.6953125 0.125 0.125
2 0.3828125 0.859375 0.125 0.125
1 0.37109375 0.796875 0.125 0.125
3 0.5 0.71875 0.125 0.125
3 0.52734375 0.57421875 0.125 0.125
3 0.90625 0.65234375 0.125 0.125
3 0.96875 0.8359375 0.125 0.125
2 0.82421875 0.79296875 0.125 0.125
2 0.97265625 0.65234375 0.125 0.125
1 0.82421875 0.6484375 0.125 0.125
1 0.89453125 0.8125 0.125 0.125
1 0.51171875 0.875 0.125 0.125
1 0.515625 0.66015625 0.125 0.125
1 0.52734375 0.796875 0.125 0.125
