3 0.296875 0.2578125 0.125 0.125
3 0.30859375 0.40234375 0.125 0.125
3 0.32421875 0.48046875 0.125 0.125
2 0.30078125 0.1953125 0.125 0.125
2 0.31640625 0.0390625 0.125 0.125
1 0.10546875 0.01953125 0.125 0.125
1 0.30859375 0.125 0.125 0.125
1 0.30859375 0.328125 0.125 0.125
4 0.68359375 0.2578125 0.125 0.125
3 0.66015625 0.46875 0.125 0.125
3 0.67578125 0.046875 0.125 0.125
1 0.67578125 0.1875 0.125 0.125
1 0.6796875 0.12109375 0.125 0.125
3 0.31640625 0.6875 0.125 0.125
3 0.32421875 0.54296875 0.125 0.125
1 0.3046875 0.6171875 0.125 0.125
1 0.66796875 0.54296875 0.125 0.125
