4 0.578125 0.421875 0.125 0.125
2 0.9921875 0.265625 0.125 0.125
2 0.99609375 0.22265625 0.125 0.125
3 0.57421875 0.12890625 0.125 0.125
3 0.58203125 0.203125 0.125 0.125
3 0.59765625 0.01953125 0.125 0.125
3 0.59765625 0.34765625 0.125 0.125
3 0.984375 0.10546875 0.125 0.125
1 0.58203125 0.26953125 0.125 0.125
1 0.59375 0.078125 0.125 0.125
1 0.68359375 0.10546875 0.125 0.125
1 0.703125 0.27734375 0.125 0.125
4 0.6953125 0.6015625 0.125 0.125
1 0.6328125 0.875 0.125 0.125
1 0.640625 0.9375 0.125 0.125
1 0.72265625 0.8046875 0.125 0.125
1 0.75 0.89453125 0.125 0.125
1 0.97265625 0.54296875 0.125 0.125
