4 0.48046875 0.3984375 0.125 0.125
3 0.08984375 0.1640625 0.125 0.125
3 0.2734375 0.27734375 0.125 0.125
3 0.3359375 0.15625 0.125 0.125
3 0.34375 0.30078125 0.125 0.125
3 0.38671875 0.1171875 0.125 0.125
3 0.40625 0.29296875 0.125 0.125
3 0.42578125 0.47265625 0.125 0.125
3 0.46484375 0.28515625 0.125 0.125
3 0.03515625 0.04296875 0.125 0.125
3 0.0390625 0.26953125 0.125 0.125
1 0.03515625 0.17578125 0.125 0.125
1 0.296875 0.015625 0.125 0.125
4 0.5390625 0.28125 0.125 0.125
4 0.58203125 0.3984375 0.125 0.125
3 0.6328125 0.2890625 0.125 0.125
3 0.7109375 0.45703125 0.125 0.125
3 0.7578125 0.3046875 0.125 0.125
3 0.87109375 0.2734375 0.125 0.125
3 0.87890625 0.078125 0.125 0.125
3 0.87890625 0.13671875 0.125 0.125
3 0.8828125 0.34375 0.125 0.125
3 0.89453125 0.21484375 0.125 0.125
3 0.90625 0.0078125 0.125 0.125
1 0.6484375 0.3828125 0.125 0.125
3 0.1171875 0.53125 0.125 0.125
3 0.19140625 0.875 0.125 0.125
3 0.4140625 0.67578125 0.125 0.125
3 0.03515625 0.99609375 0.125 0.125
2 0.0625 0.76171875 0.125 0.125
2 0.078125 0.65625 0.125 0.125
2 0.2109375 0.66796875 0.125 0.125
1 0.046875 0.875 0.125 0.125
1 0.1171875 0.93359375 0.125 0.125
1 0.26953125 0.93359375 0.125 0.125
1 0.39453125 0.53515625 0.125 0.125
1 0.48828125 0.640625 0.125 0.125
4 0.5546875 0.80859375 0.125 0.125
4 0.6953125 0.92578125 0.125 0.125
4 0.72265625 0.78125 0.125 0.125
2 0.62109375 0.93359375 0.125 0.125
1 0.52734375 0.7421875 0.125 0.125
1 0.53125 0.953125 0.125 0.125
