3 0.12109375 0.42578125 0.125 0.125
3 0.16015625 0.0625 0.125 0.125
3 0.30859375 0.07421875 0.125 0.125
3 0.37890625 0.0 0.125 0.125
3 0.44921875 0.07421875 0.125 0.125
1 0.0546875 0.3203125 0.125 0.125
1 0.1328125 0.328125 0.125 0.125
1 0.21484375 0.328125 0.125 0.125
1 0.30859375 0.328125 0.125 0.125
1 0.328125 0.421875 0.125 0.125
1 0.38671875 0.3359375 0.125 0.125
1 0.4765625 0.32421875 0.125 0.125
3 0.5859375 0.0703125 0.125 0.125
3 0.66015625 0.00390625 0.125 0.125
3 0.73046875 0.07421875 0.125 0.125
3 0.796875 0.0078125 0.125 0.125
3 0.87109375 0.00390625 0.125 0.125
3 0.94140625 0.078125 0.125 0.125
3 0.51953125 0.0 0.125 0.125
1 0.5625 0.3359375 0.125 0.125
1 0.64453125 0.33203125 0.125 0.125
1 0.71875 0.33203125 0.125 0.125
1 0.80078125 0.3203125 0.125 0.125
1 0.8828125 0.3203125 0.125 0.125
1 0.96484375 0.3203125 0.125 0.125
3 0.03515625 0.61328125 0.125 0.125
3 0.17578125 0.6328125 0.125 0.125
3 0.2578125 0.6484375 0.125 0.125
3 0.32421875 0.65234375 0.125 0.125
3 0.46875 0.640625 0.125 0.125
1 0.40234375 0.65625 0.125 0.125
3 0.8203125 0.6015625 0.125 0.125
3 0.53515625 0.6484375 0.125 0.125
1 0.609375 0.625 0.125 0.125
1 0.6796875 0.61328125 0.125 0.125
1 0.75390625 0.6328125 0.125 0.125
1 0.7578125 0.62109375 0.125 0.125
1 0.96875 0.6484375 0.125 0.125
