3 0.01953125 0.3828125 0.125 0.125
3 0.078125 0.21875 0.125 0.125
3 0.08203125 0.359375 0.125 0.125
3 0.15234375 0.1875 0.125 0.125
3 0.15234375 0.3359375 0.125 0.125
3 0.21484375 0.30078125 0.125 0.125
3 0.22265625 0.15625 0.125 0.125
3 0.27734375 0.265625 0.125 0.125
3 0.28125 0.12890625 0.125 0.125
3 0.30078125 0.48046875 0.125 0.125
3 0.33984375 0.2421875 0.125 0.125
3 0.3515625 0.1015625 0.125 0.125
3 0.36328125 0.45703125 0.125 0.125
3 0.40625 0.2109375 0.125 0.125
3 0.41015625 0.06640625 0.125 0.125
3 0.421875 0.41796875 0.125 0.125
3 0.46484375 0.1875 0.125 0.125
3 0.4765625 0.0390625 0.125 0.125
3 0.484375 0.390625 0.125 0.125
4 0.74609375 0.4453125 0.125 0.125
4 0.8125 0.42578125 0.125 0.125
3 0.53125 0.16015625 0.125 0.125
3 0.5390625 0.01171875 0.125 0.125
3 0.59765625 0.13671875 0.125 0.125
3 0.6015625 0.33203125 0.125 0.125
3 0.6328125 0.48828125 0.125 0.125
3 0.65625 0.1015625 0.125 0.125
3 0.69140625 0.47265625 0.125 0.125
2 0.73828125 0.265625 0.125 0.125
2 0.80078125 0.2421875 0.125 0.125
1 0.54296875 0.3671875 0.125 0.125
1 0.68359375 0.31640625 0.125 0.125
1 0.71875 0.08203125 0.125 0.125
1 0.87109375 0.39453125 0.125 0.125
4 0.23046875 0.51171875 0.125 0.125
4 0.26171875 0.65625 0.125 0.125
3 0.1953125 0.66796875 0.125 0.125
3 0.25390625 0.8671875 0.125 0.125
3 0.32421875 0.83203125 0.125 0.125
3 0.328125 0.62109375 0.125 0.125
3 0.359375 0.96875 0.125 0.125
3 0.37890625 0.80859375 0.125 0.125
3 0.42578125 0.9375 0.125 0.125
3 0.44140625 0.78515625 0.125 0.125
3 0.44921875 0.5703125 0.125 0.125
3 0.484375 0.9140625 0.125 0.125
1 0.10546875 0.58203125 0.125 0.125
1 0.171875 0.54296875 0.125 0.125
1 0.39453125 0.59765625 0.125 0.125
3 0.50390625 0.7578125 0.125 0.125
3 0.5078125 0.54296875 0.125 0.125
3 0.54296875 0.87890625 0.125 0.125
3 0.56640625 0.7265625 0.125 0.125
3 0.5703125 0.515625 0.125 0.125
3 0.62109375 0.8515625 0.125 0.125
3 0.63671875 0.7109375 0.125 0.125
3 0.671875 0.828125 0.125 0.125
3 0.6875 0.68359375 0.125 0.125
3 0.7421875 0.796875 0.125 0.125
3 0.7578125 0.65625 0.125 0.125
3 0.8046875 0.77734375 0.125 0.125
3 0.8203125 0.62890625 0.125 0.125
3 0.82421875 0.984375 0.125 0.125
3 0.8671875 0.75 0.125 0.125
3 0.87890625 0.60546875 0.125 0.125
3 0.88671875 0.96484375 0.125 0.125
3 0.921875 0.73046875 0.125 0.125
1 0.94140625 0.9453125 0.125 0.125
1 0.9453125 0.58203125 0.125 0.125
1 0.98828125 0.703125 0.125 0.125
