3 0.32421875 0.49609375 0.125 0.125
3 0.3984375 0.4921875 0.125 0.125
3 0.46875 0.49609375 0.125 0.125
1 0.24609375 0.48828125 0.125 0.125
1 0.265625 0.234375 0.125 0.125
1 0.3515625 0.234375 0.125 0.125
1 0.43359375 0.234375 0.125 0.125
4 0.6796875 0.49609375 0.125 0.125
3 0.86328125 0.4921875 0.125 0.125
3 0.53515625 0.49609375 0.125 0.125
1 0.5078125 0.234375 0.125 0.125
1 0.6015625 0.2265625 0.125 0.125
1 0.6796875 0.23046875 0.125 0.125
1 0.76171875 0.2421875 0.125 0.125
1 0.76171875 0.484375 0.125 0.125
1 0.83203125 0.25 0.125 0.125
1 0.9375 0.4765625 0.125 0.125
4 0.26171875 0.79296875 0.125 0.125
1 0.28125 0.63671875 0.125 0.125
