4 0.1015625 0.44921875 0.125 0.125
3 0.03125 0.46875 0.125 0.125
3 0.0859375 0.09765625 0.125 0.125
3 0.15625 0.1015625 0.125 0.125
3 0.171875 0.46484375 0.125 0.125
3 0.234375 0.453125 0.125 0.125
3 0.3046875 0.46484375 0.125 0.125
3 0.37109375 0.46484375 0.125 0.125
3 0.4375 0.10546875 0.125 0.125
2 0.3046875 0.109375 0.125 0.125
1 0.4375 0.4609375 0.125 0.125
1 0.234375 0.0859375 0.125 0.125
4 0.6484375 0.46875 0.125 0.125
4 0.84375 0.47265625 0.125 0.125
3 0.78515625 0.46484375 0.125 0.125
2 0.51171875 0.46484375 0.125 0.125
1 0.5 0.1015625 0.125 0.125
1 0.57421875 0.10546875 0.125 0.125
1 0.58203125 0.46875 0.125 0.125
1 0.6484375 0.1015625 0.125 0.125
1 0.7109375 0.453125 0.125 0.125
1 0.71484375 0.09375 0.125 0.125
1 0.78125 0.1171875 0.125 0.125
1 0.8515625 0.109375 0.125 0.125
1 0.91796875 0.46484375 0.125 0.125
1 0.92578125 0.1328125 0.125 0.125
3 0.0390625 0.58984375 0.125 0.125
3 0.10546875 0.59765625 0.125 0.125
3 0.15234375 0.953125 0.125 0.125
3 0.30078125 0.61328125 0.125 0.125
3 0.37109375 0.6171875 0.125 0.125
3 0.4296875 0.9453125 0.125 0.125
1 0.17578125 0.58984375 0.125 0.125
1 0.2265625 0.94140625 0.125 0.125
4 0.5 0.58984375 0.125 0.125
