3 0.01171875 0.27734375 0.125 0.125
3 0.0703125 0.27734375 0.125 0.125
1 0.6328125 0.07421875 0.125 0.125
3 0.0703125 0.984375 0.125 0.125
3 0.64453125 0.80859375 0.125 0.125
3 0.84375 0.55859375 0.125 0.125
3 0.91796875 0.55859375 0.125 0.125
3 0.96484375 0.765625 0.125 0.125
3 0.9765625 0.91015625 0.125 0.125
3 0.98828125 0.5546875 0.125 0.125
2 0.765625 0.5390625 0.125 0.125
1 0.64453125 0.73828125 0.125 0.125
1 0.64453125 0.87890625 0.125 0.125
1 0.64453125 0.94140625 0.125 0.125
1 0.671875 0.66015625 0.125 0.125
1 0.97265625 0.83203125 0.125 0.125
1 0.98046875 0.98046875 0.125 0.125
