4 0.18359375 0.34765625 0.125 0.125
3 0.3125 0.21484375 0.125 0.125
3 0.32421875 0.4921875 0.125 0.125
3 0.17578125 0.28125 0.125 0.125
3 0.1796875 0.4921875 0.125 0.125
2 0.19140625 0.21875 0.125 0.125
1 0.296875 0.28125 0.125 0.125
1 0.3046875 0.421875 0.125 0.125
1 0.3125 0.359375 0.125 0.125
3 0.62109375 0.2890625 0.125 0.125
2 0.65234375 0.140625 0.125 0.125
2 0.66015625 0.0078125 0.125 0.125
1 0.65234375 0.07421875 0.125 0.125
3 0.31640625 0.5625 0.125 0.125
2 0.16796875 0.5625 0.125 0.125
1 0.95703125 0.5859375 0.125 0.125
