3 0.0078125 0.23828125 0.125 0.125
3 0.08203125 0.25390625 0.125 0.125
3 0.22265625 0.26171875 0.125 0.125
3 0.36328125 0.25390625 0.125 0.125
1 0.0703125 0.47265625 0.125 0.125
1 0.1484375 0.25 0.125 0.125
1 0.44140625 0.2578125 0.125 0.125
2 0.7890625 0.25390625 0.125 0.125
2 0.91015625 0.21875 0.125 0.125
1 0.5859375 0.26171875 0.125 0.125
1 0.65234375 0.26171875 0.125 0.125
1 0.85546875 0.25390625 0.125 0.125
1 0.9921875 0.23828125 0.125 0.125
3 0.03125 0.58203125 0.125 0.125
1 0.0390625 0.7265625 0.125 0.125
1 0.375 0.96484375 0.125 0.125
1 0.42578125 0.5703125 0.125 0.125
1 0.5078125 0.90625 0.125 0.125
