4 0.015625 0.33984375 0.125 0.125
4 0.0234375 0.265625 0.125 0.125
4 0.1796875 0.41015625 0.125 0.125
4 0.1875 0.1328125 0.125 0.125
4 0.296875 0.125 0.125 0.125
3 0.03515625 0.140625 0.125 0.125
3 0.0390625 0.38671875 0.125 0.125
3 0.0390625 0.4765625 0.125 0.125
3 0.05078125 0.00390625 0.125 0.125
3 0.17578125 0.33984375 0.125 0.125
3 0.17578125 0.46484375 0.125 0.125
3 0.1796875 0.19921875 0.125 0.125
3 0.18359375 0.0078125 0.125 0.125
3 0.19921875 0.27734375 0.125 0.125
3 0.30078125 0.2890625 0.125 0.125
3 0.36328125 0.44140625 0.125 0.125
3 0.3671875 0.28125 0.125 0.125
3 0.4765625 0.109375 0.125 0.125
3 0.484375 0.265625 0.125 0.125
4 0.53515625 0.27734375 0.125 0.125
4 0.80078125 0.10546875 0.125 0.125
4 0.80859375 0.171875 0.125 0.125
3 0.6875 0.375 0.125 0.125
3 0.6875 0.4453125 0.125 0.125
3 0.53515625 0.09375 0.125 0.125
3 0.5546875 0.4453125 0.125 0.125
4 0.01953125 0.6015625 0.125 0.125
4 0.02734375 0.55078125 0.125 0.125
4 0.1796875 0.79296875 0.125 0.125
4 0.18359375 0.6640625 0.125 0.125
4 0.19921875 0.86328125 0.125 0.125
4 0.3203125 0.89453125 0.125 0.125
4 0.37109375 0.71875 0.125 0.125
4 0.49609375 0.9140625 0.125 0.125
3 0.05859375 0.8671875 0.125 0.125
3 0.171875 0.6015625 0.125 0.125
3 0.19140625 0.7421875 0.125 0.125
3 0.19921875 0.9375 0.125 0.125
3 0.19921875 0.99609375 0.125 0.125
2 0.16015625 0.54296875 0.125 0.125
4 0.5 0.76171875 0.125 0.125
4 0.55859375 0.91796875 0.125 0.125
4 0.5703125 0.58984375 0.125 0.125
4 0.66796875 0.66796875 0.125 0.125
4 0.6796875 0.9375 0.125 0.125
4 0.68359375 0.59375 0.125 0.125
4 0.80859375 0.9375 0.125 0.125
3 0.56640625 0.5078125 0.125 0.125
3 0.65234375 0.8515625 0.125 0.125
3 0.69140625 0.51953125 0.125 0.125
3 0.8125 0.796875 0.125 0.125
3 0.81640625 0.734375 0.125 0.125
3 0.81640625 0.86328125 0.125 0.125
3 0.8203125 0.59375 0.125 0.125
3 0.82421875 0.515625 0.125 0.125
3 0.50390625 0.60546875 0.125 0.125
