3 0.1015625 0.3984375 0.125 0.125
3 0.4296875 0.08984375 0.125 0.125
3 0.48046875 0.375 0.125 0.125
3 0.5078125 0.15234375 0.125 0.125
3 0.6171875 0.3671875 0.125 0.125
3 0.6875 0.36328125 0.125 0.125
1 0.546875 0.37109375 0.125 0.125
1 0.5546875 0.203125 0.125 0.125
1 0.9140625 0.40625 0.125 0.125
3 0.40234375 0.66796875 0.125 0.125
3 0.46875 0.66796875 0.125 0.125
2 0.19140625 0.8125 0.125 0.125
2 0.4765625 0.8203125 0.125 0.125
1 0.10546875 0.80859375 0.125 0.125
1 0.11328125 0.671875 0.125 0.125
1 0.17578125 0.67578125 0.125 0.125
1 0.2578125 0.671875 0.125 0.125
1 0.33203125 0.8359375 0.125 0.125
1 0.33984375 0.6796875 0.125 0.125
1 0.40234375 0.8203125 0.125 0.125
1 0.0390625 0.8203125 0.125 0.125
4 0.91015625 0.6484375 0.125 0.125
3 0.92578125 0.7734375 0.125 0.125
3 0.94140625 0.98046875 0.125 0.125
3 0.94921875 0.91015625 0.125 0.125
3 0.54296875 0.66796875 0.125 0.125
1 0.92578125 0.84375 0.125 0.125
