4 0.78515625 0.1953125 0.125 0.125
2 0.89453125 0.19140625 0.125 0.125
1 0.32421875 0.8828125 0.125 0.125
1 0.40625 0.8515625 0.125 0.125
1 0.46875 0.5703125 0.125 0.125
1 0.46875 0.859375 0.125 0.125
4 0.953125 0.57421875 0.125 0.125
3 0.53515625 0.859375 0.125 0.125
3 0.6640625 0.8671875 0.125 0.125
3 0.74609375 0.5703125 0.125 0.125
3 0.8046875 0.8671875 0.125 0.125
3 0.87890625 0.57421875 0.125 0.125
1 0.5390625 0.984375 0.125 0.125
1 0.5546875 0.56640625 0.125 0.125
1 0.66796875 0.56640625 0.125 0.125
1 0.7265625 0.859375 0.125 0.125
1 0.80859375 0.5625 0.125 0.125
1 0.87109375 0.87109375 0.125 0.125
1 0.93359375 0.8828125 0.125 0.125
