1 0.015625 0.19921875 0.125 0.125
1 0.05078125 0.3671875 0.125 0.125
1 0.06640625 0.16015625 0.125 0.125
1 0.1015625 0.3359375 0.125 0.125
1 0.1328125 0.12890625 0.125 0.125
1 0.16015625 0.30078125 0.125 0.125
1 0.21484375 0.2734375 0.125 0.125
1 0.2578125 0.47265625 0.125 0.125
1 0.32421875 0.4296875 0.125 0.125
4 0.8828125 0.46875 0.125 0.125
4 0.94921875 0.44140625 0.125 0.125
3 0.546875 0.11328125 0.125 0.125
3 0.58203125 0.26171875 0.125 0.125
3 0.59765625 0.0859375 0.125 0.125
3 0.65625 0.0546875 0.125 0.125
3 0.66796875 0.44140625 0.125 0.125
3 0.70703125 0.19921875 0.125 0.125
3 0.7109375 0.015625 0.125 0.125
3 0.7265625 0.421875 0.125 0.125
3 0.76953125 0.16796875 0.125 0.125
1 0.7890625 0.390625 0.125 0.125
1 0.82421875 0.15234375 0.125 0.125
1 0.8515625 0.359375 0.125 0.125
1 0.8828125 0.13671875 0.125 0.125
1 0.91796875 0.3359375 0.125 0.125
1 0.93359375 0.0859375 0.125 0.125
1 0.97265625 0.3046875 0.125 0.125
1 0.99609375 0.06640625 0.125 0.125
4 0.45703125 0.96875 0.125 0.125
3 0.3671875 0.609375 0.125 0.125
2 0.1875 0.703125 0.125 0.125
1 0.015625 0.79296875 0.125 0.125
1 0.07421875 0.76171875 0.125 0.125
1 0.078125 0.57421875 0.125 0.125
1 0.078125 0.9609375 0.125 0.125
1 0.12890625 0.73046875 0.125 0.125
1 0.140625 0.53515625 0.125 0.125
1 0.140625 0.93359375 0.125 0.125
1 0.1953125 0.5078125 0.125 0.125
1 0.203125 0.90234375 0.125 0.125
1 0.26171875 0.87109375 0.125 0.125
1 0.296875 0.64453125 0.125 0.125
1 0.32421875 0.84765625 0.125 0.125
1 0.32421875 0.98828125 0.125 0.125
1 0.3828125 0.8203125 0.125 0.125
1 0.39453125 0.98046875 0.125 0.125
1 0.4296875 0.77734375 0.125 0.125
1 0.4921875 0.75 0.125 0.125
1 0.01171875 0.6015625 0.125 0.125
3 0.6953125 0.546875 0.125 0.125
3 0.765625 0.51953125 0.125 0.125
3 0.7890625 0.75 0.125 0.125
3 0.8203125 0.5 0.125 0.125
3 0.82421875 0.875 0.125 0.125
3 0.84375 0.72265625 0.125 0.125
3 0.8828125 0.8359375 0.125 0.125
3 0.90234375 0.6875 0.125 0.125
3 0.9375 0.81640625 0.125 0.125
3 0.96875 0.6640625 0.125 0.125
1 0.515625 0.93359375 0.125 0.125
1 0.5625 0.89453125 0.125 0.125
