4 0.4765625 0.00390625 0.125 0.125
3 0.2109375 0.15625 0.125 0.125
1 0.37890625 0.1640625 0.125 0.125
1 0.44921875 0.44921875 0.125 0.125
1 0.453125 0.16015625 0.125 0.125
1 0.0390625 0.43359375 0.125 0.125
1 0.12109375 0.44140625 0.125 0.125
1 0.203125 0.44140625 0.125 0.125
1 0.2890625 0.43359375 0.125 0.125
1 0.29296875 0.1640625 0.125 0.125
1 0.359375 0.43359375 0.125 0.125
3 0.5390625 0.4453125 0.125 0.125
3 0.5546875 0.01171875 0.125 0.125
3 0.62890625 0.0078125 0.125 0.125
3 0.86328125 0.17578125 0.125 0.125
3 0.99609375 0.0078125 0.125 0.125
1 0.5390625 0.15234375 0.125 0.125
1 0.6171875 0.16015625 0.125 0.125
1 0.62109375 0.43359375 0.125 0.125
1 0.69921875 0.4375 0.125 0.125
1 0.703125 0.15234375 0.125 0.125
1 0.70703125 0.01171875 0.125 0.125
1 0.78125 0.171875 0.125 0.125
1 0.78515625 0.44140625 0.125 0.125
1 0.80078125 0.00390625 0.125 0.125
1 0.8671875 0.4296875 0.125 0.125
1 0.91015625 0.00390625 0.125 0.125
1 0.953125 0.43359375 0.125 0.125
4 0.34375 0.81640625 0.125 0.125
3 0.0234375 0.8046875 0.125 0.125
3 0.04296875 0.5703125 0.125 0.125
3 0.1015625 0.8125 0.125 0.125
3 0.125 0.5703125 0.125 0.125
3 0.18359375 0.8046875 0.125 0.125
3 0.203125 0.56640625 0.125 0.125
3 0.26953125 0.8125 0.125 0.125
3 0.296875 0.55859375 0.125 0.125
3 0.37109375 0.5703125 0.125 0.125
3 0.421875 0.8125 0.125 0.125
3 0.46484375 0.5625 0.125 0.125
3 0.49609375 0.82421875 0.125 0.125
4 0.890625 0.82421875 0.125 0.125
3 0.54296875 0.56640625 0.125 0.125
3 0.58203125 0.82421875 0.125 0.125
3 0.62109375 0.56640625 0.125 0.125
3 0.65625 0.8203125 0.125 0.125
3 0.70703125 0.56640625 0.125 0.125
3 0.73828125 0.81640625 0.125 0.125
3 0.796875 0.56640625 0.125 0.125
3 0.82421875 0.81640625 0.125 0.125
3 0.8671875 0.56640625 0.125 0.125
3 0.96875 0.8203125 0.125 0.125
1 0.95703125 0.56640625 0.125 0.125
