1 0.87890625 0.0078125 0.125 0.125
1 0.8984375 0.0859375 0.125 0.125
1 0.8984375 0.2265625 0.125 0.125
1 0.92578125 0.37890625 0.125 0.125
4 0.51171875 0.46484375 0.125 0.125
3 0.51171875 0.3984375 0.125 0.125
3 0.8984375 0.16015625 0.125 0.125
1 0.55078125 0.546875 0.125 0.125
1 0.91015625 0.58984375 0.125 0.125
1 0.9296875 0.6640625 0.125 0.125
1 0.9375 0.953125 0.125 0.125
4 0.55859375 0.6171875 0.125 0.125
4 0.5625 0.68359375 0.125 0.125
4 0.5703125 0.83203125 0.125 0.125
4 0.58203125 0.89453125 0.125 0.125
3 0.5625 0.75390625 0.125 0.125
3 0.91796875 0.80078125 0.125 0.125
