2 0.42578125 0.32421875 0.125 0.125
3 0.78125 0.1953125 0.125 0.125
3 0.84765625 0.34765625 0.125 0.125
3 0.92578125 0.19140625 0.125 0.125
3 0.92578125 0.33203125 0.125 0.125
3 0.5625 0.3203125 0.125 0.125
3 0.5703125 0.19140625 0.125 0.125
3 0.63671875 0.3203125 0.125 0.125
3 0.64453125 0.18359375 0.125 0.125
3 0.70703125 0.1875 0.125 0.125
3 0.71875 0.3203125 0.125 0.125
2 0.78125 0.32421875 0.125 0.125
1 0.84375 0.2109375 0.125 0.125
1 0.98828125 0.19140625 0.125 0.125
1 0.99609375 0.34765625 0.125 0.125
1 0.50390625 0.328125 0.125 0.125
3 0.8125 0.90625 0.125 0.125
3 0.8203125 0.84375 0.125 0.125
2 0.8515625 0.70703125 0.125 0.125
1 0.8125 0.98828125 0.125 0.125
1 0.828125 0.76953125 0.125 0.125
