3 0.05859375 0.14453125 0.125 0.125
3 0.05859375 0.4296875 0.125 0.125
3 0.07421875 0.21484375 0.125 0.125
3 0.07421875 0.35546875 0.125 0.125
3 0.078125 0.01171875 0.125 0.125
3 0.08203125 0.078125 0.125 0.125
3 0.3828125 0.421875 0.125 0.125
3 0.390625 0.1484375 0.125 0.125
3 0.39453125 0.3515625 0.125 0.125
3 0.40234375 0.08203125 0.125 0.125
1 0.05859375 0.4921875 0.125 0.125
1 0.39453125 0.48828125 0.125 0.125
1 0.3984375 0.0078125 0.125 0.125
3 0.0546875 0.84375 0.125 0.125
3 0.0625 0.64453125 0.125 0.125
3 0.390625 0.99609375 0.125 0.125
3 0.40625 0.71875 0.125 0.125
3 0.40625 0.7890625 0.125 0.125
2 0.06640625 0.71484375 0.125 0.125
2 0.3984375 0.92578125 0.125 0.125
1 0.0546875 0.78515625 0.125 0.125
1 0.05859375 0.57421875 0.125 0.125
1 0.24609375 0.796875 0.125 0.125
1 0.39453125 0.6484375 0.125 0.125
1 0.3984375 0.57421875 0.125 0.125
1 0.41015625 0.8515625 0.125 0.125
