3 0.1953125 0.203125 0.125 0.125
1 0.19140625 0.265625 0.125 0.125
1 0.36328125 0.36328125 0.125 0.125
3 0.65234375 0.19921875 0.125 0.125
1 0.65234375 0.41015625 0.125 0.125
3 0.15625 0.578125 0.125 0.125
3 0.16796875 0.65234375 0.125 0.125
3 0.17578125 0.5078125 0.125 0.125
3 0.44140625 0.91015625 0.125 0.125
1 0.15234375 0.796875 0.125 0.125
1 0.171875 0.72265625 0.125 0.125
1 0.171875 0.8671875 0.125 0.125
1 0.4140625 0.671875 0.125 0.125
3 0.63671875 0.8203125 0.125 0.125
3 0.734375 0.83203125 0.125 0.125
1 0.63671875 0.64453125 0.125 0.125
1 0.74609375 0.6328125 0.125 0.125
