3 0.07421875 0.13671875 0.125 0.125
3 0.375 0.44140625 0.125 0.125
3 0.4140625 0.37890625 0.125 0.125
1 0.07421875 0.0703125 0.125 0.125
1 0.08203125 0.36328125 0.125 0.125
1 0.09375 0.28125 0.125 0.125
1 0.3671875 0.28125 0.125 0.125
1 0.37109375 0.29296875 0.125 0.125
1 0.38671875 0.20703125 0.125 0.125
4 0.81640625 0.421875 0.125 0.125
3 0.51171875 0.1875 0.125 0.125
3 0.7890625 0.265625 0.125 0.125
1 0.5 0.3515625 0.125 0.125
1 0.09765625 0.5078125 0.125 0.125
1 0.37890625 0.515625 0.125 0.125
