4 0.27734375 0.08984375 0.125 0.125
3 0.17578125 0.30078125 0.125 0.125
3 0.1875 0.23046875 0.125 0.125
3 0.1875 0.36328125 0.125 0.125
3 0.19140625 0.09765625 0.125 0.125
3 0.3203125 0.421875 0.125 0.125
3 0.328125 0.35546875 0.125 0.125
2 0.18359375 0.49609375 0.125 0.125
1 0.21484375 0.42578125 0.125 0.125
1 0.328125 0.46875 0.125 0.125
3 0.77734375 0.0390625 0.125 0.125
3 0.90234375 0.4140625 0.125 0.125
1 0.8984375 0.26171875 0.125 0.125
1 0.90625 0.3359375 0.125 0.125
1 0.91015625 0.46875 0.125 0.125
3 0.16796875 0.6171875 0.125 0.125
2 0.3125 0.69921875 0.125 0.125
1 0.1484375 0.7421875 0.125 0.125
1 0.171875 0.6796875 0.125 0.125
1 0.1796875 0.55859375 0.125 0.125
1 0.28515625 0.76171875 0.125 0.125
1 0.3125 0.625 0.125 0.125
1 0.33203125 0.55859375 0.125 0.125
3 0.75 0.56640625 0.125 0.125
3 0.75 0.8203125 0.125 0.125
3 0.7578125 0.76953125 0.125 0.125
3 0.8828125 0.609375 0.125 0.125
3 0.890625 0.8046875 0.125 0.125
3 0.8984375 0.55078125 0.125 0.125
2 0.78125 0.71484375 0.125 0.125
2 0.8984375 0.68359375 0.125 0.125
1 0.7421875 0.6328125 0.125 0.125
