4 0.88671875 0.39453125 0.125 0.125
2 0.77734375 0.4765625 0.125 0.125
2 0.828125 0.4375 0.125 0.125
1 0.94140625 0.36328125 0.125 0.125
4 0.94921875 0.91796875 0.125 0.125
2 0.6171875 0.578125 0.125 0.125
2 0.671875 0.5546875 0.125 0.125
2 0.703125 0.71484375 0.125 0.125
2 0.7265625 0.5078125 0.125 0.125
2 0.87109375 0.59375 0.125 0.125
2 0.91015625 0.96875 0.125 0.125
1 0.7578125 0.66796875 0.125 0.125
1 0.81640625 0.84765625 0.125 0.125
1 0.8203125 0.6328125 0.125 0.125
1 0.87109375 0.80078125 0.125 0.125
1 0.921875 0.5390625 0.125 0.125
1 0.9296875 0.76953125 0.125 0.125
1 0.9765625 0.5 0.125 0.125
1 0.98046875 0.734375 0.125 0.125
