4 0.09375 0.0 0.125 0.125
4 0.2109375 0.328125 0.125 0.125
4 0.3359375 0.43359375 0.125 0.125
3 0.01171875 0.19921875 0.125 0.125
3 0.0234375 0.03125 0.125 0.125
3 0.07421875 0.1640625 0.125 0.125
3 0.08203125 0.3828125 0.125 0.125
3 0.1484375 0.1328125 0.125 0.125
3 0.1484375 0.35546875 0.125 0.125
3 0.20703125 0.109375 0.125 0.125
3 0.2578125 0.453125 0.125 0.125
3 0.28125 0.0703125 0.125 0.125
3 0.34765625 0.04296875 0.125 0.125
3 0.3984375 0.4140625 0.125 0.125
3 0.46484375 0.38671875 0.125 0.125
4 0.78125 0.0859375 0.125 0.125
4 0.8359375 0.21484375 0.125 0.125
4 0.9140625 0.1953125 0.125 0.125
4 0.97265625 0.1640625 0.125 0.125
3 0.84765625 0.0625 0.125 0.125
3 0.89453125 0.42578125 0.125 0.125
3 0.91796875 0.03125 0.125 0.125
3 0.96875 0.39453125 0.125 0.125
3 0.984375 0.00390625 0.125 0.125
1 0.53515625 0.36328125 0.125 0.125
4 0.00390625 0.57421875 0.125 0.125
4 0.07421875 0.55859375 0.125 0.125
4 0.1484375 0.5390625 0.125 0.125
