3 0.25 0.16015625 0.125 0.125
3 0.38671875 0.0859375 0.125 0.125
3 0.390625 0.15625 0.125 0.125
2 0.39453125 0.2265625 0.125 0.125
1 0.2421875 0.0078125 0.125 0.125
1 0.24609375 0.234375 0.125 0.125
1 0.25390625 0.0859375 0.125 0.125
1 0.3828125 0.37890625 0.125 0.125
3 0.7421875 0.4453125 0.125 0.125
3 0.74609375 0.15234375 0.125 0.125
3 0.74609375 0.3671875 0.125 0.125
3 0.75 0.296875 0.125 0.125
3 0.75390625 0.22265625 0.125 0.125
3 0.90234375 0.4375 0.125 0.125
3 0.90625 0.23828125 0.125 0.125
3 0.90625 0.30078125 0.125 0.125
1 0.90625 0.375 0.125 0.125
2 0.38671875 0.50390625 0.125 0.125
1 0.21875 0.578125 0.125 0.125
3 0.74609375 0.515625 0.125 0.125
3 0.91015625 0.5859375 0.125 0.125
1 0.73046875 0.5703125 0.125 0.125
1 0.9140625 0.7265625 0.125 0.125
