3 0.0625 0.234375 0.125 0.125
3 0.16796875 0.22265625 0.125 0.125
3 0.26171875 0.234375 0.125 0.125
3 0.359375 0.234375 0.125 0.125
2 0.3515625 0.49609375 0.125 0.125
1 0.078125 0.48828125 0.125 0.125
1 0.46484375 0.2265625 0.125 0.125
3 0.578125 0.234375 0.125 0.125
3 0.671875 0.23828125 0.125 0.125
1 0.58203125 0.49609375 0.125 0.125
3 0.125 0.7109375 0.125 0.125
3 0.19140625 0.69921875 0.125 0.125
3 0.26953125 0.7109375 0.125 0.125
3 0.34375 0.703125 0.125 0.125
3 0.40625 0.70703125 0.125 0.125
1 0.02734375 0.94921875 0.125 0.125
1 0.05078125 0.703125 0.125 0.125
1 0.1015625 0.95703125 0.125 0.125
1 0.1796875 0.96484375 0.125 0.125
1 0.265625 0.95703125 0.125 0.125
1 0.34375 0.95703125 0.125 0.125
1 0.421875 0.95703125 0.125 0.125
1 0.44921875 0.50390625 0.125 0.125
1 0.4765625 0.703125 0.125 0.125
1 0.671875 0.5 0.125 0.125
1 0.671875 0.9609375 0.125 0.125
1 0.6875 0.703125 0.125 0.125
1 0.51171875 0.9609375 0.125 0.125
1 0.546875 0.71484375 0.125 0.125
1 0.5859375 0.953125 0.125 0.125
1 0.61328125 0.703125 0.125 0.125
