1 0.08984375 0.3125 0.125 0.125
1 0.09765625 0.171875 0.125 0.125
1 0.09765625 0.3828125 0.125 0.125
1 0.1015625 0.45703125 0.125 0.125
1 0.109375 0.0390625 0.125 0.125
1 0.5234375 0.31640625 0.125 0.125
1 0.5234375 0.41015625 0.125 0.125
1 0.52734375 0.1015625 0.125 0.125
1 0.53515625 0.015625 0.125 0.125
3 0.09375 0.74609375 0.125 0.125
3 0.09765625 0.890625 0.125 0.125
3 0.1015625 0.8203125 0.125 0.125
1 0.08984375 0.61328125 0.125 0.125
1 0.09375 0.6796875 0.125 0.125
1 0.1015625 0.53515625 0.125 0.125
1 0.1015625 0.9609375 0.125 0.125
3 0.5625 0.921875 0.125 0.125
3 0.6328125 0.9375 0.125 0.125
3 0.69921875 0.9375 0.125 0.125
3 0.99609375 0.53125 0.125 0.125
2 0.84765625 0.515625 0.125 0.125
1 0.55078125 0.53125 0.125 0.125
1 0.6328125 0.54296875 0.125 0.125
1 0.70703125 0.52734375 0.125 0.125
1 0.765625 0.9375 0.125 0.125
1 0.7734375 0.51953125 0.125 0.125
