3 0.171875 0.0 0.125 0.125
3 0.49609375 0.0859375 0.125 0.125
1 0.00390625 0.04296875 0.125 0.125
3 0.984375 0.19921875 0.125 0.125
3 0.5 0.15625 0.125 0.125
1 0.5078125 0.0234375 0.125 0.125
1 0.9921875 0.40625 0.125 0.125
4 0.44921875 0.5390625 0.125 0.125
3 0.15234375 0.5625 0.125 0.125
3 0.38671875 0.546875 0.125 0.125
3 0.42578125 0.84375 0.125 0.125
3 0.42578125 0.953125 0.125 0.125
2 0.09765625 0.89453125 0.125 0.125
1 0.21875 0.55859375 0.125 0.125
1 0.2890625 0.56640625 0.125 0.125
1 0.453125 0.75390625 0.125 0.125
4 0.52734375 0.53515625 0.125 0.125
4 0.58203125 0.55859375 0.125 0.125
4 0.70703125 0.5703125 0.125 0.125
4 0.78125 0.56640625 0.125 0.125
4 0.85546875 0.5703125 0.125 0.125
3 0.8671875 0.98046875 0.125 0.125
1 0.84765625 0.90234375 0.125 0.125
1 0.8671875 0.7578125 0.125 0.125
