3 0.0390625 0.46875 0.125 0.125
4 0.0234375 0.83984375 0.125 0.125
3 0.03125 0.546875 0.125 0.125
3 0.47265625 0.67578125 0.125 0.125
3 0.01953125 0.98828125 0.125 0.125
3 0.0234375 0.6953125 0.125 0.125
2 0.02734375 0.9140625 0.125 0.125
1 0.02734375 0.62109375 0.125 0.125
1 0.03125 0.76953125 0.125 0.125
4 0.61328125 0.6875 0.125 0.125
3 0.75 0.69921875 0.125 0.125
3 0.8203125 0.6875 0.125 0.125
2 0.97265625 0.6875 0.125 0.125
1 0.89453125 0.6953125 0.125 0.125
1 0.52734375 0.98828125 0.125 0.125
1 0.5390625 0.69140625 0.125 0.125
