1 0.9609375 0.328125 0.125 0.125
3 0.30078125 0.5390625 0.125 0.125
3 0.46484375 0.53515625 0.125 0.125
3 0.48828125 0.953125 0.125 0.125
3 0.0 0.64453125 0.125 0.125
3 0.0 0.921875 0.125 0.125
3 0.0703125 0.66015625 0.125 0.125
3 0.1640625 0.9375 0.125 0.125
1 0.47265625 0.66015625 0.125 0.125
1 0.38671875 0.5390625 0.125 0.125
3 0.54296875 0.52734375 0.125 0.125
3 0.55078125 0.66015625 0.125 0.125
3 0.56640625 0.9609375 0.125 0.125
3 0.63671875 0.6484375 0.125 0.125
3 0.7109375 0.9609375 0.125 0.125
3 0.79296875 0.9609375 0.125 0.125
3 0.9609375 0.65234375 0.125 0.125
1 0.62890625 0.94921875 0.125 0.125
1 0.6328125 0.53515625 0.125 0.125
1 0.9609375 0.7265625 0.125 0.125
1 0.96484375 0.8671875 0.125 0.125
1 0.96875 0.77734375 0.125 0.125
