3 0.515625 0.265625 0.125 0.125
3 0.515625 0.453125 0.125 0.125
3 0.6796875 0.359375 0.125 0.125
1 0.50390625 0.078125 0.125 0.125
1 0.67578125 0.0859375 0.125 0.125
1 0.69140625 0.4453125 0.125 0.125
1 0.75390625 0.265625 0.125 0.125
3 0.2265625 0.7109375 0.125 0.125
1 0.21875 0.8046875 0.125 0.125
1 0.21875 0.9765625 0.125 0.125
1 0.2265625 0.89453125 0.125 0.125
1 0.48046875 0.9609375 0.125 0.125
4 0.671875 0.72265625 0.125 0.125
3 0.6640625 0.5859375 0.125 0.125
2 0.5078125 0.5625 0.125 0.125
1 0.50390625 0.75 0.125 0.125
1 0.50390625 0.8671875 0.125 0.125
1 0.5078125 0.66015625 0.125 0.125
