3 0.58203125 0.0078125 0.125 0.125
3 0.58203125 0.37109375 0.125 0.125
3 0.93359375 0.0234375 0.125 0.125
3 0.953125 0.171875 0.125 0.125
1 0.58203125 0.3046875 0.125 0.125
1 0.58203125 0.45703125 0.125 0.125
1 0.59375 0.2265625 0.125 0.125
1 0.59765625 0.0859375 0.125 0.125
1 0.94921875 0.37890625 0.125 0.125
2 0.05078125 0.90234375 0.125 0.125
3 0.09375 0.546875 0.125 0.125
3 0.265625 0.8984375 0.125 0.125
1 0.01171875 0.546875 0.125 0.125
1 0.12109375 0.890625 0.125 0.125
1 0.22265625 0.5546875 0.125 0.125
1 0.37109375 0.56640625 0.125 0.125
1 0.40234375 0.91796875 0.125 0.125
1 0.4453125 0.5546875 0.125 0.125
1 0.55078125 0.91015625 0.125 0.125
