3 0.64453125 0.40625 0.125 0.125
3 0.78515625 0.42578125 0.125 0.125
3 0.93359375 0.4140625 0.125 0.125
1 0.85546875 0.421875 0.125 0.125
1 0.50390625 0.40234375 0.125 0.125
1 0.57421875 0.40625 0.125 0.125
4 0.31640625 0.88671875 0.125 0.125
3 0.3046875 0.80859375 0.125 0.125
3 0.3125 0.66796875 0.125 0.125
1 0.3203125 0.58984375 0.125 0.125
1 0.3203125 0.7265625 0.125 0.125
1 0.328125 0.53125 0.125 0.125
4 0.83203125 0.9453125 0.125 0.125
3 0.65625 0.875 0.125 0.125
3 0.671875 0.9375 0.125 0.125
3 0.83203125 0.796875 0.125 0.125
2 0.89453125 0.87890625 0.125 0.125
1 0.671875 0.71484375 0.125 0.125
1 0.671875 0.8046875 0.125 0.125
1 0.84375 0.7265625 0.125 0.125
