3 0.09375 0.4140625 0.125 0.125
3 0.1953125 0.41015625 0.125 0.125
3 0.36328125 0.14453125 0.125 0.125
3 0.42578125 0.13671875 0.125 0.125
3 0.43359375 0.25390625 0.125 0.125
2 0.0 0.23828125 0.125 0.125
2 0.12109375 0.328125 0.125 0.125
1 0.26171875 0.4765625 0.125 0.125
1 0.4921875 0.1484375 0.125 0.125
1 0.49609375 0.27734375 0.125 0.125
3 0.6875 0.28125 0.125 0.125
4 0.68359375 0.18359375 0.125 0.125
4 0.72265625 0.3359375 0.125 0.125
2 0.5546875 0.09765625 0.125 0.125
2 0.578125 0.24609375 0.125 0.125
2 0.62890625 0.03125 0.125 0.125
2 0.73828125 0.01953125 0.125 0.125
1 0.5234375 0.4296875 0.125 0.125
1 0.59375 0.39453125 0.125 0.125
1 0.765625 0.1328125 0.125 0.125
3 0.01171875 0.6171875 0.125 0.125
3 0.15625 0.8359375 0.125 0.125
3 0.171875 0.53125 0.125 0.125
3 0.17578125 0.75390625 0.125 0.125
3 0.23046875 0.90234375 0.125 0.125
3 0.28125 0.5625 0.125 0.125
3 0.2890625 0.70703125 0.125 0.125
3 0.30859375 0.83203125 0.125 0.125
3 0.47265625 0.71875 0.125 0.125
4 0.15234375 0.62109375 0.125 0.125
1 0.02734375 0.95703125 0.125 0.125
1 0.078125 0.90625 0.125 0.125
1 0.09765625 0.51171875 0.125 0.125
1 0.16796875 0.94140625 0.125 0.125
1 0.2890625 0.625 0.125 0.125
3 0.69921875 0.58203125 0.125 0.125
4 0.66796875 0.828125 0.125 0.125
4 0.68359375 0.8984375 0.125 0.125
2 0.5546875 0.96875 0.125 0.125
1 0.6796875 0.75390625 0.125 0.125
1 0.69921875 0.66796875 0.125 0.125
