4 0.31640625 0.13671875 0.125 0.125
3 0.1875 0.03125 0.125 0.125
3 0.25 0.03125 0.125 0.125
3 0.26171875 0.41015625 0.125 0.125
3 0.3046875 0.0078125 0.125 0.125
3 0.31640625 0.40625 0.125 0.125
3 0.36328125 0.38671875 0.125 0.125
3 0.05859375 0.41796875 0.125 0.125
1 0.25 0.17578125 0.125 0.125
1 0.34765625 0.26953125 0.125 0.125
4 0.44921875 0.76171875 0.125 0.125
4 0.0390625 0.98828125 0.125 0.125
3 0.08984375 0.68359375 0.125 0.125
3 0.09765625 0.97265625 0.125 0.125
3 0.1328125 0.828125 0.125 0.125
3 0.15234375 0.953125 0.125 0.125
3 0.2578125 0.546875 0.125 0.125
3 0.328125 0.53125 0.125 0.125
3 0.33984375 0.63671875 0.125 0.125
3 0.38671875 0.5234375 0.125 0.125
3 0.38671875 0.921875 0.125 0.125
3 0.39453125 0.78515625 0.125 0.125
3 0.40625 0.65625 0.125 0.125
3 0.4375 0.91015625 0.125 0.125
3 0.01171875 0.5625 0.125 0.125
3 0.0234375 0.84375 0.125 0.125
3 0.03125 0.70703125 0.125 0.125
3 0.078125 0.81640625 0.125 0.125
