4 0.4375 0.3125 0.125 0.125
3 0.08203125 0.31640625 0.125 0.125
1 0.1484375 0.328125 0.125 0.125
1 0.2265625 0.3203125 0.125 0.125
1 0.00390625 0.32421875 0.125 0.125
3 0.85546875 0.32421875 0.125 0.125
3 0.5078125 0.3125 0.125 0.125
3 0.5859375 0.32421875 0.125 0.125
1 0.65234375 0.33203125 0.125 0.125
1 0.78515625 0.31640625 0.125 0.125
4 0.37109375 0.6171875 0.125 0.125
3 0.47265625 0.97265625 0.125 0.125
3 0.4765625 0.6171875 0.125 0.125
1 0.32421875 0.97265625 0.125 0.125
1 0.41015625 0.953125 0.125 0.125
3 0.5390625 0.97265625 0.125 0.125
3 0.5546875 0.6171875 0.125 0.125
3 0.61328125 0.9609375 0.125 0.125
3 0.6953125 0.98046875 0.125 0.125
1 0.6328125 0.6328125 0.125 0.125
1 0.703125 0.625 0.125 0.125
