4 0.33203125 0.4453125 0.125 0.125
3 0.15625 0.375 0.125 0.125
3 0.171875 0.4375 0.125 0.125
3 0.33203125 0.296875 0.125 0.125
2 0.39453125 0.37890625 0.125 0.125
1 0.171875 0.21484375 0.125 0.125
1 0.171875 0.3046875 0.125 0.125
1 0.34375 0.2265625 0.125 0.125
3 0.69140625 0.328125 0.125 0.125
2 0.6875 0.1171875 0.125 0.125
1 0.68359375 0.19140625 0.125 0.125
1 0.98046875 0.48046875 0.125 0.125
1 0.99609375 0.3203125 0.125 0.125
3 0.1640625 0.59375 0.125 0.125
3 0.1640625 0.6640625 0.125 0.125
3 0.1640625 0.7890625 0.125 0.125
3 0.1640625 0.87109375 0.125 0.125
3 0.16796875 0.734375 0.125 0.125
2 0.33203125 0.51953125 0.125 0.125
1 0.15625 0.515625 0.125 0.125
1 0.17578125 0.9453125 0.125 0.125
1 0.68359375 0.6953125 0.125 0.125
1 0.984375 0.6484375 0.125 0.125
