4 0.1015625 0.94921875 0.125 0.125
3 0.03125 0.96875 0.125 0.125
3 0.0859375 0.59765625 0.125 0.125
3 0.15625 0.6015625 0.125 0.125
3 0.171875 0.96484375 0.125 0.125
3 0.234375 0.953125 0.125 0.125
3 0.3046875 0.96484375 0.125 0.125
3 0.37109375 0.96484375 0.125 0.125
3 0.4375 0.60546875 0.125 0.125
2 0.3046875 0.609375 0.125 0.125
1 0.4375 0.9609375 0.125 0.125
1 0.234375 0.5859375 0.125 0.125
4 0.6484375 0.96875 0.125 0.125
4 0.84375 0.97265625 0.125 0.125
3 0.78515625 0.96484375 0.125 0.125
2 0.51171875 0.96484375 0.125 0.125
1 0.5 0.6015625 0.125 0.125
1 0.57421875 0.60546875 0.125 0.125
1 0.58203125 0.96875 0.125 0.125
1 0.6484375 0.6015625 0.125 0.125
1 0.7109375 0.953125 0.125 0.125
1 0.71484375 0.59375 0.125 0.125
1 0.78125 0.6171875 0.125 0.125
1 0.8515625 0.609375 0.125 0.125
1 0.91796875 0.96484375 0.125 0.125
1 0.92578125 0.6328125 0.125 0.125
