1 0.0234375 0.203125 0.125 0.125
1 0.02734375 0.35546875 0.125 0.125
1 0.09765625 0.20703125 0.125 0.125
1 0.09765625 0.34375 0.125 0.125
1 0.16796875 0.20703125 0.125 0.125
1 0.16796875 0.34375 0.125 0.125
1 0.23828125 0.34765625 0.125 0.125
1 0.2421875 0.1953125 0.125 0.125
3 0.58203125 0.0859375 0.125 0.125
3 0.5859375 0.30078125 0.125 0.125
3 0.58984375 0.15625 0.125 0.125
3 0.58984375 0.22265625 0.125 0.125
3 0.60546875 0.36328125 0.125 0.125
3 0.7421875 0.22265625 0.125 0.125
2 0.7421875 0.12890625 0.125 0.125
2 0.75 0.03515625 0.125 0.125
1 0.58984375 0.4453125 0.125 0.125
1 0.6015625 0.01953125 0.125 0.125
3 0.21875 0.875 0.125 0.125
1 0.2265625 0.734375 0.125 0.125
1 0.2265625 0.80078125 0.125 0.125
1 0.2265625 0.9453125 0.125 0.125
1 0.24609375 0.671875 0.125 0.125
3 0.58203125 0.58203125 0.125 0.125
3 0.58984375 0.65234375 0.125 0.125
3 0.59375 0.73046875 0.125 0.125
3 0.59765625 0.51953125 0.125 0.125
3 0.59765625 0.80078125 0.125 0.125
3 0.6015625 0.8671875 0.125 0.125
3 0.81640625 0.8359375 0.125 0.125
2 0.80078125 0.9140625 0.125 0.125
2 0.8046875 0.55859375 0.125 0.125
2 0.83203125 0.7109375 0.125 0.125
1 0.59375 0.94921875 0.125 0.125
