3 0.15234375 0.30859375 0.125 0.125
3 0.15625 0.3671875 0.125 0.125
3 0.1953125 0.125 0.125 0.125
3 0.20703125 0.41796875 0.125 0.125
3 0.25 0.4609375 0.125 0.125
3 0.2578125 0.33984375 0.125 0.125
3 0.28515625 0.26953125 0.125 0.125
3 0.30078125 0.15625 0.125 0.125
3 0.44921875 0.0078125 0.125 0.125
3 0.4609375 0.08203125 0.125 0.125
1 0.171875 0.05859375 0.125 0.125
1 0.171875 0.24609375 0.125 0.125
3 0.8828125 0.375 0.125 0.125
3 0.9140625 0.48046875 0.125 0.125
3 0.96875 0.18359375 0.125 0.125
4 0.5 0.41796875 0.125 0.125
4 0.578125 0.05078125 0.125 0.125
2 0.62890625 0.3046875 0.125 0.125
2 0.703125 0.42578125 0.125 0.125
3 0.5 0.33984375 0.125 0.125
3 0.6015625 0.265625 0.125 0.125
3 0.6328125 0.37890625 0.125 0.125
1 0.9921875 0.2578125 0.125 0.125
4 0.109375 0.80078125 0.125 0.125
3 0.21875 0.5234375 0.125 0.125
1 0.09765625 0.9375 0.125 0.125
1 0.22265625 0.80078125 0.125 0.125
4 0.51953125 0.67578125 0.125 0.125
4 0.92578125 0.703125 0.125 0.125
2 0.64453125 0.93359375 0.125 0.125
2 0.67578125 0.671875 0.125 0.125
2 0.90625 0.84375 0.125 0.125
2 0.9453125 0.91796875 0.125 0.125
3 0.5390625 0.75390625 0.125 0.125
3 0.72265625 0.93359375 0.125 0.125
1 0.51953125 0.83984375 0.125 0.125
1 0.5234375 0.578125 0.125 0.125
1 0.52734375 0.5 0.125 0.125
1 0.64453125 0.80859375 0.125 0.125
1 0.95703125 0.6328125 0.125 0.125
1 0.95703125 0.9921875 0.125 0.125
