3 0.3125 0.40625 0.125 0.125
3 0.3203125 0.34375 0.125 0.125
2 0.3515625 0.20703125 0.125 0.125
1 0.3125 0.48828125 0.125 0.125
1 0.328125 0.26953125 0.125 0.125
2 0.58203125 0.25390625 0.125 0.125
1 0.56640625 0.40234375 0.125 0.125
4 0.296875 0.69140625 0.125 0.125
4 0.30078125 0.9140625 0.125 0.125
3 0.30078125 0.5546875 0.125 0.125
3 0.30078125 0.8359375 0.125 0.125
1 0.30078125 0.625 0.125 0.125
1 0.30078125 0.7578125 0.125 0.125
1 0.55859375 0.5625 0.125 0.125
1 0.71875 0.59765625 0.125 0.125
