3 0.48046875 0.45703125 0.125 0.125
1 0.0859375 0.19921875 0.125 0.125
1 0.0859375 0.42578125 0.125 0.125
1 0.46875 0.3125 0.125 0.125
3 0.80859375 0.4453125 0.125 0.125
3 0.07421875 0.67578125 0.125 0.125
3 0.453125 0.671875 0.125 0.125
3 0.46875 0.59765625 0.125 0.125
3 0.4765625 0.7421875 0.125 0.125
2 0.4765625 0.92578125 0.125 0.125
1 0.08203125 0.5 0.125 0.125
1 0.08203125 0.97265625 0.125 0.125
1 0.4765625 0.53515625 0.125 0.125
3 0.78515625 0.60546875 0.125 0.125
2 0.69921875 0.94140625 0.125 0.125
2 0.765625 0.94921875 0.125 0.125
2 0.83984375 0.94140625 0.125 0.125
1 0.91796875 0.921875 0.125 0.125
