2 0.01953125 0.07421875 0.125 0.125
2 0.07421875 0.49609375 0.125 0.125
2 0.0859375 0.03125 0.125 0.125
2 0.1171875 0.453125 0.125 0.125
2 0.12890625 0.0 0.125 0.125
2 0.1875 0.4140625 0.125 0.125
2 0.41796875 0.484375 0.125 0.125
2 0.4765625 0.43359375 0.125 0.125
1 0.01171875 0.28515625 0.125 0.125
1 0.07421875 0.25 0.125 0.125
1 0.12890625 0.203125 0.125 0.125
1 0.18359375 0.16796875 0.125 0.125
1 0.25 0.37109375 0.125 0.125
1 0.2578125 0.140625 0.125 0.125
1 0.30859375 0.33203125 0.125 0.125
1 0.37109375 0.2890625 0.125 0.125
2 0.015625 0.53515625 0.125 0.125
2 0.03515625 0.73828125 0.125 0.125
2 0.046875 0.953125 0.125 0.125
2 0.10546875 0.70703125 0.125 0.125
2 0.1171875 0.92578125 0.125 0.125
2 0.17578125 0.63671875 0.125 0.125
2 0.17578125 0.88671875 0.125 0.125
2 0.23828125 0.83984375 0.125 0.125
2 0.296875 0.8046875 0.125 0.125
2 0.33984375 0.98828125 0.125 0.125
2 0.35546875 0.7734375 0.125 0.125
2 0.390625 0.953125 0.125 0.125
2 0.4140625 0.71875 0.125 0.125
1 0.23828125 0.59375 0.125 0.125
1 0.30859375 0.546875 0.125 0.125
1 0.3515625 0.51171875 0.125 0.125
1 0.4609375 0.91015625 0.125 0.125
1 0.47265625 0.68359375 0.125 0.125
4 0.7109375 0.7421875 0.125 0.125
1 0.51953125 0.859375 0.125 0.125
1 0.53515625 0.640625 0.125 0.125
1 0.578125 0.828125 0.125 0.125
1 0.58984375 0.59375 0.125 0.125
1 0.6484375 0.78515625 0.125 0.125
1 0.6875 0.98046875 0.125 0.125
1 0.765625 0.9453125 0.125 0.125
1 0.82421875 0.90625 0.125 0.125
