3 0.24609375 0.41796875 0.125 0.125
3 0.390625 0.0859375 0.125 0.125
3 0.45703125 0.41796875 0.125 0.125
3 0.10546875 0.43359375 0.125 0.125
4 0.8125 0.4296875 0.125 0.125
4 0.66796875 0.078125 0.125 0.125
3 0.67578125 0.44140625 0.125 0.125
3 0.74609375 0.43359375 0.125 0.125
3 0.875 0.09765625 0.125 0.125
3 0.9453125 0.09765625 0.125 0.125
1 0.80859375 0.08984375 0.125 0.125
1 0.93359375 0.4140625 0.125 0.125
3 0.46484375 0.6015625 0.125 0.125
1 0.25390625 0.58984375 0.125 0.125
4 0.90234375 0.6171875 0.125 0.125
4 0.98046875 0.59765625 0.125 0.125
3 0.546875 0.6015625 0.125 0.125
3 0.8359375 0.60546875 0.125 0.125
1 0.6953125 0.61328125 0.125 0.125
