3 0.08984375 0.99609375 0.125 0.125
3 0.09375 0.91796875 0.125 0.125
3 0.10546875 0.64453125 0.125 0.125
3 0.4453125 0.89453125 0.125 0.125
1 0.08203125 0.84375 0.125 0.125
1 0.35546875 0.890625 0.125 0.125
4 0.5859375 0.5078125 0.125 0.125
3 0.515625 0.50390625 0.125 0.125
3 0.5859375 0.8984375 0.125 0.125
3 0.65234375 0.87890625 0.125 0.125
3 0.65625 0.51171875 0.125 0.125
3 0.7265625 0.89453125 0.125 0.125
3 0.875 0.53125 0.125 0.125
3 0.95703125 0.5234375 0.125 0.125
1 0.515625 0.89453125 0.125 0.125
1 0.7265625 0.515625 0.125 0.125
1 0.796875 0.9140625 0.125 0.125
1 0.8046875 0.5078125 0.125 0.125
1 0.875 0.91015625 0.125 0.125
1 0.93359375 0.90625 0.125 0.125
