4 0.05078125 0.4765625 0.125 0.125
4 0.28515625 0.28125 0.125 0.125
3 0.29296875 0.16796875 0.125 0.125
3 0.05078125 0.375 0.125 0.125
1 0.05859375 0.26171875 0.125 0.125
1 0.29296875 0.4453125 0.125 0.125
3 0.28515625 0.6015625 0.125 0.125
3 0.05859375 0.578125 0.125 0.125
1 0.0546875 0.875 0.125 0.125
1 0.0625 0.7890625 0.125 0.125
1 0.06640625 0.6953125 0.125 0.125
3 0.5859375 0.859375 0.125 0.125
3 0.75 0.85546875 0.125 0.125
3 0.921875 0.85546875 0.125 0.125
3 0.984375 0.96484375 0.125 0.125
1 0.5546875 0.95703125 0.125 0.125
1 0.69140625 0.96484375 0.125 0.125
1 0.80078125 0.98046875 0.125 0.125
1 0.8984375 0.98046875 0.125 0.125
