3 0.0234375 0.0078125 0.125 0.125
3 0.07421875 0.44140625 0.125 0.125
3 0.09765625 0.0078125 0.125 0.125
3 0.21484375 0.42578125 0.125 0.125
3 0.21875 0.375 0.125 0.125
3 0.29296875 0.01171875 0.125 0.125
2 0.1640625 0.0078125 0.125 0.125
1 0.0546875 0.30859375 0.125 0.125
1 0.05859375 0.38671875 0.125 0.125
1 0.21484375 0.3046875 0.125 0.125
1 0.36328125 0.00390625 0.125 0.125
1 0.4453125 0.00390625 0.125 0.125
3 0.53125 0.44140625 0.125 0.125
3 0.5390625 0.171875 0.125 0.125
3 0.546875 0.30859375 0.125 0.125
1 0.51953125 0.38671875 0.125 0.125
1 0.5390625 0.2421875 0.125 0.125
1 0.54296875 0.09765625 0.125 0.125
3 0.05859375 0.7109375 0.125 0.125
3 0.05859375 0.84765625 0.125 0.125
3 0.0625 0.76953125 0.125 0.125
3 0.19921875 0.51171875 0.125 0.125
3 0.203125 0.71875 0.125 0.125
3 0.20703125 0.64453125 0.125 0.125
3 0.21484375 0.921875 0.125 0.125
3 0.21875 0.58203125 0.125 0.125
3 0.23046875 0.9921875 0.125 0.125
2 0.0703125 0.65234375 0.125 0.125
2 0.22265625 0.7890625 0.125 0.125
1 0.05859375 0.57421875 0.125 0.125
1 0.06640625 0.92578125 0.125 0.125
1 0.06640625 0.98828125 0.125 0.125
1 0.0703125 0.515625 0.125 0.125
3 0.51953125 0.98046875 0.125 0.125
3 0.52734375 0.5234375 0.125 0.125
1 0.5234375 0.91015625 0.125 0.125
1 0.53125 0.796875 0.125 0.125
1 0.53515625 0.72265625 0.125 0.125
1 0.5390625 0.578125 0.125 0.125
1 0.5390625 0.65234375 0.125 0.125
