3 0.546875 0.19921875 0.125 0.125
2 0.61328125 0.37109375 0.125 0.125
4 0.1171875 0.921875 0.125 0.125
3 0.27734375 0.59375 0.125 0.125
3 0.1015625 0.99609375 0.125 0.125
3 0.109375 0.52734375 0.125 0.125
3 0.109375 0.859375 0.125 0.125
3 0.12890625 0.65625 0.125 0.125
2 0.26171875 0.8671875 0.125 0.125
2 0.27734375 0.7265625 0.125 0.125
1 0.109375 0.71875 0.125 0.125
1 0.12109375 0.7890625 0.125 0.125
1 0.62109375 0.69921875 0.125 0.125
1 0.9921875 0.59765625 0.125 0.125
1 0.99609375 0.8828125 0.125 0.125
