3 0.28515625 0.48046875 0.125 0.125
3 0.41796875 0.48828125 0.125 0.125
2 0.4921875 0.49609375 0.125 0.125
1 0.015625 0.48046875 0.125 0.125
1 0.125 0.015625 0.125 0.125
1 0.1953125 0.0078125 0.125 0.125
1 0.21875 0.45703125 0.125 0.125
1 0.3515625 0.49609375 0.125 0.125
3 0.8828125 0.49609375 0.125 0.125
2 0.75 0.00390625 0.125 0.125
2 0.8984375 0.02734375 0.125 0.125
1 0.6875 0.48046875 0.125 0.125
1 0.7578125 0.48046875 0.125 0.125
1 0.828125 0.0078125 0.125 0.125
1 0.953125 0.49609375 0.125 0.125
1 0.5546875 0.48046875 0.125 0.125
3 0.2734375 0.9375 0.125 0.125
2 0.140625 0.77734375 0.125 0.125
1 0.27734375 0.7890625 0.125 0.125
1 0.421875 0.93359375 0.125 0.125
3 0.765625 0.9375 0.125 0.125
3 0.88671875 0.80078125 0.125 0.125
3 0.953125 0.80078125 0.125 0.125
1 0.6796875 0.77734375 0.125 0.125
1 0.75390625 0.79296875 0.125 0.125
1 0.8828125 0.94140625 0.125 0.125
1 0.95703125 0.93359375 0.125 0.125
1 0.61328125 0.92578125 0.125 0.125
