4 0.59375 0.4296875 0.125 0.125
4 0.62109375 0.16796875 0.125 0.125
4 0.62109375 0.48828125 0.125 0.125
4 0.63671875 0.03515625 0.125 0.125
4 0.71484375 0.12109375 0.125 0.125
3 0.6015625 0.34375 0.125 0.125
3 0.609375 0.23046875 0.125 0.125
3 0.703125 0.296875 0.125 0.125
1 0.59765625 0.27734375 0.125 0.125
1 0.6953125 0.390625 0.125 0.125
1 0.734375 0.20703125 0.125 0.125
1 0.77734375 0.30859375 0.125 0.125
4 0.609375 0.6171875 0.125 0.125
3 0.92578125 0.66015625 0.125 0.125
3 0.93359375 0.99609375 0.125 0.125
1 0.6171875 0.5625 0.125 0.125
1 0.72265625 0.62890625 0.125 0.125
1 0.734375 0.52734375 0.125 0.125
