4 0.296875 0.0859375 0.125 0.125
3 0.3125 0.3515625 0.125 0.125
3 0.31640625 0.0078125 0.125 0.125
1 0.3046875 0.15234375 0.125 0.125
2 0.64453125 0.01171875 0.125 0.125
1 0.671875 0.08203125 0.125 0.125
1 0.671875 0.1640625 0.125 0.125
1 0.671875 0.234375 0.125 0.125
3 0.6484375 0.7890625 0.125 0.125
3 0.65625 0.58984375 0.125 0.125
3 0.6640625 0.84765625 0.125 0.125
3 0.6640625 0.9140625 0.125 0.125
3 0.82421875 0.609375 0.125 0.125
3 0.90234375 0.71484375 0.125 0.125
2 0.640625 0.9765625 0.125 0.125
1 0.87109375 0.91796875 0.125 0.125
1 0.97265625 0.703125 0.125 0.125
