3 0.06640625 0.234375 0.125 0.125
3 0.13671875 0.02734375 0.125 0.125
3 0.14453125 0.27734375 0.125 0.125
3 0.1953125 0.1796875 0.125 0.125
3 0.1953125 0.3515625 0.125 0.125
3 0.23828125 0.0546875 0.125 0.125
3 0.25 0.1328125 0.125 0.125
4 0.10546875 0.11328125 0.125 0.125
4 0.16015625 0.4375 0.125 0.125
3 0.62890625 0.00390625 0.125 0.125
4 0.5859375 0.390625 0.125 0.125
4 0.61328125 0.2578125 0.125 0.125
1 0.62109375 0.14453125 0.125 0.125
3 0.06640625 0.81640625 0.125 0.125
3 0.19921875 0.91796875 0.125 0.125
3 0.34375 0.69921875 0.125 0.125
4 0.4296875 0.671875 0.125 0.125
2 0.26953125 0.59375 0.125 0.125
2 0.4921875 0.609375 0.125 0.125
1 0.01953125 0.9375 0.125 0.125
1 0.359375 0.79296875 0.125 0.125
3 0.52734375 0.5 0.125 0.125
1 0.609375 0.88671875 0.125 0.125
