3 0.12890625 0.4140625 0.125 0.125
3 0.13671875 0.171875 0.125 0.125
3 0.140625 0.0 0.125 0.125
1 0.13671875 0.08984375 0.125 0.125
1 0.13671875 0.2421875 0.125 0.125
4 0.68359375 0.1875 0.125 0.125
2 0.890625 0.22265625 0.125 0.125
1 0.66796875 0.33203125 0.125 0.125
1 0.67578125 0.0390625 0.125 0.125
1 0.68359375 0.26171875 0.125 0.125
1 0.69140625 0.484375 0.125 0.125
3 0.11328125 0.99609375 0.125 0.125
3 0.12109375 0.921875 0.125 0.125
3 0.1328125 0.5 0.125 0.125
3 0.1328125 0.671875 0.125 0.125
3 0.9609375 0.74609375 0.125 0.125
1 0.66015625 0.984375 0.125 0.125
1 0.66796875 0.5546875 0.125 0.125
1 0.671875 0.84375 0.125 0.125
1 0.9609375 0.63671875 0.125 0.125
