4 0.05859375 0.11328125 0.125 0.125
3 0.28125 0.4296875 0.125 0.125
3 0.30859375 0.2890625 0.125 0.125
3 0.36328125 0.4140625 0.125 0.125
3 0.03125 0.171875 0.125 0.125
3 0.05078125 0.31640625 0.125 0.125
3 0.06640625 0.23046875 0.125 0.125
2 0.0859375 0.44921875 0.125 0.125
2 0.30859375 0.0234375 0.125 0.125
1 0.05859375 0.0625 0.125 0.125
1 0.1875 0.4296875 0.125 0.125
1 0.19140625 0.18359375 0.125 0.125
1 0.1953125 0.33984375 0.125 0.125
1 0.3671875 0.265625 0.125 0.125
4 0.59375 0.12109375 0.125 0.125
3 0.57421875 0.3984375 0.125 0.125
3 0.88671875 0.0625 0.125 0.125
2 0.58203125 0.26171875 0.125 0.125
2 0.7109375 0.2890625 0.125 0.125
2 0.71484375 0.203125 0.125 0.125
1 0.60546875 0.0546875 0.125 0.125
1 0.65234375 0.34765625 0.125 0.125
4 0.1796875 0.74609375 0.125 0.125
4 0.171875 0.62890625 0.125 0.125
3 0.1875 0.69140625 0.125 0.125
3 0.03515625 0.5859375 0.125 0.125
3 0.04296875 0.5078125 0.125 0.125
2 0.33203125 0.98828125 0.125 0.125
1 0.046875 0.72265625 0.125 0.125
1 0.05078125 0.97265625 0.125 0.125
1 0.1640625 0.88671875 0.125 0.125
1 0.25 0.91015625 0.125 0.125
1 0.27734375 0.859375 0.125 0.125
1 0.30078125 0.66015625 0.125 0.125
1 0.3359375 0.578125 0.125 0.125
1 0.359375 0.76953125 0.125 0.125
1 0.42578125 0.53125 0.125 0.125
1 0.4609375 0.8671875 0.125 0.125
1 0.46875 0.73828125 0.125 0.125
1 0.46875 0.93359375 0.125 0.125
1 0.48046875 0.80859375 0.125 0.125
4 0.71484375 0.89453125 0.125 0.125
3 0.7109375 0.8359375 0.125 0.125
3 0.72265625 0.7734375 0.125 0.125
3 0.875 0.5390625 0.125 0.125
3 0.96875 0.515625 0.125 0.125
3 0.98828125 0.5703125 0.125 0.125
2 0.578125 0.94921875 0.125 0.125
