3 0.30859375 0.45703125 0.125 0.125
3 0.3125 0.328125 0.125 0.125
1 0.30078125 0.390625 0.125 0.125
1 0.3125 0.12890625 0.125 0.125
1 0.3125 0.1875 0.125 0.125
1 0.3125 0.25390625 0.125 0.125
3 0.58984375 0.34765625 0.125 0.125
3 0.60546875 0.2734375 0.125 0.125
2 0.75 0.49609375 0.125 0.125
1 0.58984375 0.42578125 0.125 0.125
1 0.59765625 0.49609375 0.125 0.125
1 0.73046875 0.359375 0.125 0.125
1 0.734375 0.2890625 0.125 0.125
1 0.734375 0.41796875 0.125 0.125
3 0.3203125 0.53125 0.125 0.125
3 0.3203125 0.73046875 0.125 0.125
2 0.30859375 0.86328125 0.125 0.125
1 0.30859375 0.66796875 0.125 0.125
1 0.31640625 0.5859375 0.125 0.125
3 0.58984375 0.5546875 0.125 0.125
3 0.72265625 0.62890625 0.125 0.125
2 0.7421875 0.55859375 0.125 0.125
2 0.98828125 0.89453125 0.125 0.125
2 0.56640625 0.89453125 0.125 0.125
1 0.6953125 0.95703125 0.125 0.125
1 0.71484375 0.765625 0.125 0.125
1 0.72265625 0.828125 0.125 0.125
