3 0.09375 0.16015625 0.125 0.125
3 0.09765625 0.02734375 0.125 0.125
3 0.15625 0.1640625 0.125 0.125
3 0.23046875 0.16015625 0.125 0.125
3 0.2421875 0.01953125 0.125 0.125
1 0.01953125 0.00390625 0.125 0.125
1 0.0234375 0.15234375 0.125 0.125
1 0.15625 0.03125 0.125 0.125
1 0.31640625 0.02734375 0.125 0.125
1 0.31640625 0.16796875 0.125 0.125
3 0.61328125 0.1796875 0.125 0.125
3 0.62109375 0.25 0.125 0.125
2 0.62109375 0.37890625 0.125 0.125
2 0.8359375 0.16796875 0.125 0.125
1 0.6171875 0.31640625 0.125 0.125
1 0.62109375 0.11328125 0.125 0.125
1 0.75390625 0.16796875 0.125 0.125
1 0.94921875 0.171875 0.125 0.125
3 0.29296875 0.86328125 0.125 0.125
3 0.29296875 0.9453125 0.125 0.125
3 0.32421875 0.52734375 0.125 0.125
3 0.41015625 0.52734375 0.125 0.125
3 0.47265625 0.52734375 0.125 0.125
1 0.046875 0.515625 0.125 0.125
1 0.1171875 0.52734375 0.125 0.125
1 0.19140625 0.52734375 0.125 0.125
1 0.2578125 0.53515625 0.125 0.125
4 0.87890625 0.5546875 0.125 0.125
3 0.60546875 0.5546875 0.125 0.125
3 0.80859375 0.56640625 0.125 0.125
1 0.6875 0.5625 0.125 0.125
1 0.94921875 0.53125 0.125 0.125
