4 0.15625 0.47265625 0.125 0.125
4 0.25 0.03125 0.125 0.125
4 0.296875 0.14453125 0.125 0.125
4 0.31640625 0.40234375 0.125 0.125
3 0.09765625 0.15234375 0.125 0.125
3 0.12109375 0.01171875 0.125 0.125
3 0.14453125 0.18359375 0.125 0.125
3 0.16015625 0.33203125 0.125 0.125
3 0.171875 0.40625 0.125 0.125
3 0.1875 0.0234375 0.125 0.125
3 0.19140625 0.18359375 0.125 0.125
3 0.3046875 0.2109375 0.125 0.125
3 0.3046875 0.26953125 0.125 0.125
3 0.30859375 0.33203125 0.125 0.125
3 0.3203125 0.02734375 0.125 0.125
3 0.0234375 0.40234375 0.125 0.125
1 0.3359375 0.46484375 0.125 0.125
4 0.01171875 0.94140625 0.125 0.125
4 0.1484375 0.8046875 0.125 0.125
4 0.17578125 0.53515625 0.125 0.125
4 0.1796875 0.66015625 0.125 0.125
3 0.15625 0.87109375 0.125 0.125
3 0.15625 0.94140625 0.125 0.125
3 0.171875 0.74609375 0.125 0.125
3 0.00390625 0.68359375 0.125 0.125
3 0.00390625 0.8046875 0.125 0.125
3 0.01953125 0.52734375 0.125 0.125
