3 0.28125 0.30078125 0.125 0.125
2 0.27734375 0.15625 0.125 0.125
1 0.1796875 0.30078125 0.125 0.125
1 0.39453125 0.01171875 0.125 0.125
1 0.4921875 0.28125 0.125 0.125
4 0.5234375 0.015625 0.125 0.125
3 0.68359375 0.30078125 0.125 0.125
3 0.765625 0.31640625 0.125 0.125
3 0.98046875 0.3046875 0.125 0.125
2 0.61328125 0.015625 0.125 0.125
2 0.72265625 0.0234375 0.125 0.125
2 0.90625 0.01171875 0.125 0.125
1 0.578125 0.30078125 0.125 0.125
1 0.8671875 0.30859375 0.125 0.125
4 0.2734375 0.62890625 0.125 0.125
4 0.36328125 0.62890625 0.125 0.125
4 0.0703125 0.6328125 0.125 0.125
3 0.47265625 0.640625 0.125 0.125
4 0.60546875 0.65625 0.125 0.125
4 0.6796875 0.62890625 0.125 0.125
3 0.78125 0.6328125 0.125 0.125
3 0.87109375 0.640625 0.125 0.125
3 0.96875 0.64453125 0.125 0.125
