3 0.265625 0.2734375 0.125 0.125
3 0.33984375 0.2734375 0.125 0.125
3 0.40234375 0.28515625 0.125 0.125
1 0.4765625 0.2890625 0.125 0.125
1 0.54296875 0.296875 0.125 0.125
3 0.046875 0.80078125 0.125 0.125
3 0.11328125 0.7890625 0.125 0.125
3 0.19140625 0.79296875 0.125 0.125
3 0.19921875 0.64453125 0.125 0.125
3 0.265625 0.625 0.125 0.125
3 0.32421875 0.8125 0.125 0.125
1 0.40234375 0.6484375 0.125 0.125
1 0.40625 0.78515625 0.125 0.125
1 0.46875 0.63671875 0.125 0.125
1 0.05078125 0.6328125 0.125 0.125
1 0.12109375 0.625 0.125 0.125
3 0.99609375 0.86328125 0.125 0.125
2 0.86328125 0.68359375 0.125 0.125
1 0.99609375 0.703125 0.125 0.125
