3 0.02734375 0.328125 0.125 0.125
3 0.03515625 0.1953125 0.125 0.125
3 0.10546875 0.19140625 0.125 0.125
3 0.23828125 0.328125 0.125 0.125
3 0.30859375 0.33203125 0.125 0.125
3 0.3125 0.1953125 0.125 0.125
3 0.37109375 0.33203125 0.125 0.125
3 0.4453125 0.33203125 0.125 0.125
3 0.453125 0.1875 0.125 0.125
1 0.09375 0.33203125 0.125 0.125
1 0.1640625 0.3359375 0.125 0.125
1 0.171875 0.21875 0.125 0.125
1 0.24609375 0.203125 0.125 0.125
1 0.3828125 0.1953125 0.125 0.125
1 0.5234375 0.203125 0.125 0.125
1 0.52734375 0.35546875 0.125 0.125
1 0.59765625 0.20703125 0.125 0.125
1 0.59765625 0.34375 0.125 0.125
1 0.66796875 0.20703125 0.125 0.125
1 0.66796875 0.34375 0.125 0.125
1 0.73828125 0.34765625 0.125 0.125
1 0.7421875 0.1953125 0.125 0.125
3 0.23828125 0.8046875 0.125 0.125
3 0.2421875 0.87109375 0.125 0.125
3 0.26171875 0.66015625 0.125 0.125
3 0.38671875 0.8046875 0.125 0.125
3 0.3984375 0.73046875 0.125 0.125
3 0.3984375 0.9453125 0.125 0.125
1 0.24609375 0.72265625 0.125 0.125
1 0.3828125 0.87890625 0.125 0.125
1 0.3984375 0.66015625 0.125 0.125
3 0.71875 0.875 0.125 0.125
1 0.7265625 0.734375 0.125 0.125
1 0.7265625 0.80078125 0.125 0.125
1 0.7265625 0.9453125 0.125 0.125
1 0.74609375 0.671875 0.125 0.125
