4 0.10546875 0.3515625 0.125 0.125
3 0.27734375 0.02734375 0.125 0.125
3 0.3203125 0.3515625 0.125 0.125
3 0.35546875 0.0390625 0.125 0.125
3 0.03125 0.34375 0.125 0.125
3 0.17578125 0.3515625 0.125 0.125
1 0.06640625 0.03125 0.125 0.125
1 0.14453125 0.0234375 0.125 0.125
1 0.21484375 0.03125 0.125 0.125
1 0.25 0.3515625 0.125 0.125
4 0.609375 0.0234375 0.125 0.125
3 0.5546875 0.03125 0.125 0.125
3 0.59765625 0.34765625 0.125 0.125
3 0.984375 0.0390625 0.125 0.125
2 0.7421875 0.37109375 0.125 0.125
2 0.96875 0.37109375 0.125 0.125
1 0.66796875 0.34375 0.125 0.125
1 0.69140625 0.015625 0.125 0.125
1 0.76171875 0.03125 0.125 0.125
1 0.81640625 0.3671875 0.125 0.125
1 0.828125 0.05078125 0.125 0.125
1 0.88671875 0.35546875 0.125 0.125
1 0.91796875 0.0234375 0.125 0.125
