4 0.234375 0.08203125 0.125 0.125
3 0.0234375 0.1015625 0.125 0.125
3 0.0859375 0.43359375 0.125 0.125
3 0.08984375 0.1015625 0.125 0.125
3 0.15234375 0.09765625 0.125 0.125
1 0.01171875 0.43359375 0.125 0.125
1 0.15234375 0.43359375 0.125 0.125
1 0.28515625 0.42578125 0.125 0.125
3 0.6328125 0.19140625 0.125 0.125
3 0.6328125 0.25390625 0.125 0.125
1 0.625 0.046875 0.125 0.125
3 0.05078125 0.625 0.125 0.125
3 0.203125 0.59765625 0.125 0.125
3 0.27734375 0.62890625 0.125 0.125
1 0.125 0.61328125 0.125 0.125
