4 0.1953125 0.3515625 0.125 0.125
4 0.26953125 0.34765625 0.125 0.125
4 0.33984375 0.3515625 0.125 0.125
4 0.41796875 0.35546875 0.125 0.125
4 0.546875 0.3515625 0.125 0.125
3 0.8203125 0.4609375 0.125 0.125
4 0.05078125 0.96875 0.125 0.125
4 0.0625 0.52734375 0.125 0.125
4 0.0625 0.74609375 0.125 0.125
4 0.06640625 0.8984375 0.125 0.125
2 0.0625 0.81640625 0.125 0.125
1 0.0625 0.68359375 0.125 0.125
1 0.06640625 0.6015625 0.125 0.125
4 0.80859375 0.7578125 0.125 0.125
4 0.81640625 0.8203125 0.125 0.125
3 0.8203125 0.96484375 0.125 0.125
1 0.80859375 0.59765625 0.125 0.125
