3 0.42578125 0.359375 0.125 0.125
1 0.41015625 0.2109375 0.125 0.125
3 0.9921875 0.4375 0.125 0.125
4 0.83203125 0.265625 0.125 0.125
2 0.9765625 0.35546875 0.125 0.125
3 0.96875 0.109375 0.125 0.125
1 0.83203125 0.4296875 0.125 0.125
1 0.84375 0.359375 0.125 0.125
4 0.41015625 0.77734375 0.125 0.125
2 0.4296875 0.609375 0.125 0.125
2 0.8125 0.8203125 0.125 0.125
2 0.95703125 0.7421875 0.125 0.125
3 0.78515625 0.97265625 0.125 0.125
3 0.80859375 0.50390625 0.125 0.125
3 0.81640625 0.74609375 0.125 0.125
3 0.82421875 0.58984375 0.125 0.125
3 0.96484375 0.82421875 0.125 0.125
3 0.9765625 0.5078125 0.125 0.125
1 0.95703125 0.9765625 0.125 0.125
1 0.9609375 0.57421875 0.125 0.125
