4 0.46484375 0.3828125 0.125 0.125
1 0.20703125 0.3984375 0.125 0.125
3 0.9453125 0.46875 0.125 0.125
1 0.57421875 0.109375 0.125 0.125
1 0.58984375 0.32421875 0.125 0.125
4 0.11328125 0.640625 0.125 0.125
2 0.1640625 0.75390625 0.125 0.125
1 0.0625 0.77734375 0.125 0.125
1 0.3671875 0.96875 0.125 0.125
1 0.4296875 0.96875 0.125 0.125
4 0.59375 0.96484375 0.125 0.125
4 0.81640625 0.75390625 0.125 0.125
4 0.8828125 0.7734375 0.125 0.125
3 0.93359375 0.765625 0.125 0.125
1 0.5 0.6796875 0.125 0.125
1 0.50390625 0.96484375 0.125 0.125
