1 0.3125 0.4453125 0.125 0.125
4 0.6796875 0.3125 0.125 0.125
4 0.8203125 0.03125 0.125 0.125
3 0.5625 0.43359375 0.125 0.125
2 0.828125 0.453125 0.125 0.125
2 0.87109375 0.0 0.125 0.125
2 0.87109375 0.21484375 0.125 0.125
2 0.88671875 0.4140625 0.125 0.125
2 0.9296875 0.37890625 0.125 0.125
2 0.953125 0.171875 0.125 0.125
2 0.9765625 0.3359375 0.125 0.125
2 0.984375 0.13671875 0.125 0.125
3 0.27734375 0.5390625 0.125 0.125
3 0.40234375 0.9140625 0.125 0.125
1 0.3984375 0.76171875 0.125 0.125
1 0.40625 0.8359375 0.125 0.125
1 0.41015625 0.96875 0.125 0.125
3 0.73828125 0.8046875 0.125 0.125
3 0.7421875 0.90234375 0.125 0.125
3 0.828125 0.89453125 0.125 0.125
2 0.953125 0.7890625 0.125 0.125
1 0.8515625 0.64453125 0.125 0.125
1 0.90234375 0.61328125 0.125 0.125
1 0.9609375 0.578125 0.125 0.125
