3 0.3828125 0.3046875 0.125 0.125
2 0.30859375 0.29296875 0.125 0.125
4 0.6015625 0.3046875 0.125 0.125
3 0.5234375 0.29296875 0.125 0.125
3 0.74609375 0.30859375 0.125 0.125
3 0.03125 0.9453125 0.125 0.125
3 0.03515625 0.80859375 0.125 0.125
3 0.21875 0.73828125 0.125 0.125
3 0.3984375 0.59765625 0.125 0.125
3 0.4765625 0.6015625 0.125 0.125
3 0.0078125 0.53515625 0.125 0.125
2 0.11328125 0.79296875 0.125 0.125
2 0.39453125 0.71875 0.125 0.125
1 0.44140625 0.765625 0.125 0.125
4 0.890625 0.6015625 0.125 0.125
4 0.7265625 0.59765625 0.125 0.125
3 0.609375 0.75 0.125 0.125
3 0.6484375 0.6015625 0.125 0.125
3 0.8125 0.61328125 0.125 0.125
3 0.97265625 0.609375 0.125 0.125
2 0.5546875 0.60546875 0.125 0.125
1 0.5546875 0.7265625 0.125 0.125
1 0.71484375 0.73046875 0.125 0.125
1 0.79296875 0.98828125 0.125 0.125
1 0.81640625 0.72265625 0.125 0.125
1 0.890625 0.7265625 0.125 0.125
1 0.97265625 0.7265625 0.125 0.125
