3 0.03515625 0.3515625 0.125 0.125
3 0.28125 0.359375 0.125 0.125
3 0.43359375 0.22265625 0.125 0.125
2 0.43359375 0.33984375 0.125 0.125
1 0.1015625 0.39453125 0.125 0.125
1 0.19140625 0.359375 0.125 0.125
1 0.34765625 0.21875 0.125 0.125
1 0.3515625 0.40234375 0.125 0.125
3 0.51171875 0.21484375 0.125 0.125
3 0.57421875 0.2734375 0.125 0.125
3 0.75 0.296875 0.125 0.125
3 0.890625 0.17578125 0.125 0.125
3 0.90234375 0.4765625 0.125 0.125
3 0.90625 0.265625 0.125 0.125
4 0.65625 0.23046875 0.125 0.125
4 0.75 0.21484375 0.125 0.125
2 0.609375 0.37890625 0.125 0.125
1 0.890625 0.33984375 0.125 0.125
3 0.03125 0.9609375 0.125 0.125
3 0.1171875 0.796875 0.125 0.125
3 0.421875 0.765625 0.125 0.125
3 0.453125 0.91015625 0.125 0.125
3 0.48046875 0.65625 0.125 0.125
3 0.4921875 0.60546875 0.125 0.125
2 0.0703125 0.85546875 0.125 0.125
1 0.08984375 0.65625 0.125 0.125
1 0.36328125 0.859375 0.125 0.125
3 0.66015625 0.85546875 0.125 0.125
3 0.671875 0.99609375 0.125 0.125
4 0.59375 0.98046875 0.125 0.125
4 0.62890625 0.75390625 0.125 0.125
1 0.51953125 0.87109375 0.125 0.125
1 0.63671875 0.6640625 0.125 0.125
1 0.953125 0.6875 0.125 0.125
1 0.96875 0.51953125 0.125 0.125
