3 0.65234375 0.30859375 0.125 0.125
3 0.65625 0.3671875 0.125 0.125
3 0.6953125 0.125 0.125 0.125
3 0.70703125 0.41796875 0.125 0.125
3 0.75 0.4609375 0.125 0.125
3 0.7578125 0.33984375 0.125 0.125
3 0.78515625 0.26953125 0.125 0.125
3 0.80078125 0.15625 0.125 0.125
3 0.94921875 0.0078125 0.125 0.125
3 0.9609375 0.08203125 0.125 0.125
1 0.671875 0.05859375 0.125 0.125
1 0.671875 0.24609375 0.125 0.125
4 0.609375 0.80078125 0.125 0.125
3 0.71875 0.5234375 0.125 0.125
1 0.59765625 0.9375 0.125 0.125
1 0.72265625 0.80078125 0.125 0.125
