4 0.26953125 0.26953125 0.125 0.125
1 0.265625 0.171875 0.125 0.125
1 0.34765625 0.28125 0.125 0.125
1 0.4375 0.26953125 0.125 0.125
4 0.5546875 0.265625 0.125 0.125
4 0.703125 0.16796875 0.125 0.125
4 0.72265625 0.27734375 0.125 0.125
4 0.86328125 0.30078125 0.125 0.125
3 0.61328125 0.2890625 0.125 0.125
3 0.62890625 0.1640625 0.125 0.125
3 0.8046875 0.1640625 0.125 0.125
3 0.88671875 0.16015625 0.125 0.125
3 0.97265625 0.1640625 0.125 0.125
2 0.96484375 0.28515625 0.125 0.125
1 0.7890625 0.28125 0.125 0.125
3 0.19921875 0.56640625 0.125 0.125
3 0.265625 0.546875 0.125 0.125
1 0.12890625 0.57421875 0.125 0.125
1 0.33203125 0.55859375 0.125 0.125
3 0.75390625 0.5546875 0.125 0.125
