3 0.4765625 0.05078125 0.125 0.125
3 0.484375 0.2734375 0.125 0.125
3 0.484375 0.4296875 0.125 0.125
3 0.02734375 0.26171875 0.125 0.125
3 0.04296875 0.09765625 0.125 0.125
3 0.05078125 0.484375 0.125 0.125
3 0.09375 0.234375 0.125 0.125
3 0.1015625 0.0625 0.125 0.125
3 0.11328125 0.45703125 0.125 0.125
3 0.15234375 0.20703125 0.125 0.125
3 0.16796875 0.04296875 0.125 0.125
3 0.17578125 0.42578125 0.125 0.125
3 0.21484375 0.171875 0.125 0.125
3 0.23046875 0.01171875 0.125 0.125
3 0.234375 0.390625 0.125 0.125
3 0.2734375 0.1328125 0.125 0.125
3 0.3046875 0.359375 0.125 0.125
3 0.34375 0.1015625 0.125 0.125
3 0.3515625 0.484375 0.125 0.125
3 0.4140625 0.0859375 0.125 0.125
3 0.41796875 0.4609375 0.125 0.125
3 0.42578125 0.30078125 0.125 0.125
1 0.36328125 0.3359375 0.125 0.125
4 0.5546875 0.2421875 0.125 0.125
3 0.55078125 0.3984375 0.125 0.125
3 0.609375 0.37890625 0.125 0.125
3 0.9921875 0.2734375 0.125 0.125
1 0.9453125 0.15625 0.125 0.125
4 0.16015625 0.953125 0.125 0.125
4 0.234375 0.92578125 0.125 0.125
4 0.37109375 0.8671875 0.125 0.125
3 0.03515625 0.62890625 0.125 0.125
3 0.1015625 0.6015625 0.125 0.125
3 0.1171875 0.82421875 0.125 0.125
3 0.16015625 0.578125 0.125 0.125
3 0.1875 0.796875 0.125 0.125
3 0.22265625 0.55078125 0.125 0.125
3 0.2421875 0.765625 0.125 0.125
3 0.28515625 0.51953125 0.125 0.125
3 0.30078125 0.90625 0.125 0.125
3 0.4296875 0.8359375 0.125 0.125
2 0.015625 0.9140625 0.125 0.125
1 0.36328125 0.7109375 0.125 0.125
1 0.43359375 0.68359375 0.125 0.125
4 0.5 0.80859375 0.125 0.125
4 0.63671875 0.74609375 0.125 0.125
4 0.66015625 0.96484375 0.125 0.125
4 0.6953125 0.73046875 0.125 0.125
3 0.5 0.64453125 0.125 0.125
3 0.5625 0.62109375 0.125 0.125
3 0.56640625 0.7734375 0.125 0.125
3 0.62890625 0.58984375 0.125 0.125
3 0.76171875 0.6953125 0.125 0.125
3 0.79296875 0.921875 0.125 0.125
3 0.859375 0.89453125 0.125 0.125
1 0.734375 0.9375 0.125 0.125
