3 0.03515625 0.18359375 0.125 0.125
3 0.25390625 0.20703125 0.125 0.125
3 0.27734375 0.4453125 0.125 0.125
3 0.3984375 0.203125 0.125 0.125
3 0.4765625 0.1953125 0.125 0.125
1 0.328125 0.203125 0.125 0.125
3 0.546875 0.19921875 0.125 0.125
3 0.5546875 0.4375 0.125 0.125
3 0.61328125 0.1875 0.125 0.125
3 0.69921875 0.44140625 0.125 0.125
3 0.765625 0.203125 0.125 0.125
1 0.69140625 0.20703125 0.125 0.125
1 0.90234375 0.21484375 0.125 0.125
3 0.12109375 0.85546875 0.125 0.125
3 0.12109375 0.93359375 0.125 0.125
3 0.12890625 0.7890625 0.125 0.125
3 0.2578125 0.6484375 0.125 0.125
3 0.2578125 0.7890625 0.125 0.125
3 0.26171875 0.72265625 0.125 0.125
3 0.28125 0.5078125 0.125 0.125
3 0.28515625 0.59375 0.125 0.125
2 0.125 0.66015625 0.125 0.125
2 0.2578125 0.9921875 0.125 0.125
1 0.2578125 0.92578125 0.125 0.125
1 0.26171875 0.8515625 0.125 0.125
3 0.546875 0.73046875 0.125 0.125
3 0.5546875 0.50390625 0.125 0.125
3 0.5546875 0.98828125 0.125 0.125
3 0.55859375 0.79296875 0.125 0.125
3 0.5703125 0.57421875 0.125 0.125
3 0.5703125 0.85546875 0.125 0.125
3 0.68359375 0.66015625 0.125 0.125
3 0.69921875 0.5703125 0.125 0.125
3 0.69921875 0.859375 0.125 0.125
3 0.703125 0.984375 0.125 0.125
3 0.70703125 0.92578125 0.125 0.125
2 0.5625 0.92578125 0.125 0.125
1 0.6875 0.7890625 0.125 0.125
1 0.69140625 0.71875 0.125 0.125
1 0.71484375 0.51171875 0.125 0.125
