3 0.12109375 0.28515625 0.125 0.125
3 0.25 0.2421875 0.125 0.125
3 0.25 0.390625 0.125 0.125
2 0.16015625 0.078125 0.125 0.125
1 0.10546875 0.43359375 0.125 0.125
1 0.125 0.359375 0.125 0.125
1 0.24609375 0.1640625 0.125 0.125
1 0.2578125 0.0546875 0.125 0.125
3 0.67578125 0.2109375 0.125 0.125
3 0.6796875 0.27734375 0.125 0.125
3 0.9609375 0.3203125 0.125 0.125
3 0.98046875 0.0390625 0.125 0.125
1 0.5390625 0.171875 0.125 0.125
1 0.54296875 0.23046875 0.125 0.125
1 0.55078125 0.015625 0.125 0.125
1 0.55078125 0.3046875 0.125 0.125
1 0.55859375 0.375 0.125 0.125
1 0.5625 0.08984375 0.125 0.125
1 0.69140625 0.3515625 0.125 0.125
1 0.703125 0.05078125 0.125 0.125
1 0.703125 0.42578125 0.125 0.125
1 0.94140625 0.46484375 0.125 0.125
1 0.94921875 0.16796875 0.125 0.125
1 0.96484375 0.11328125 0.125 0.125
3 0.11328125 0.58203125 0.125 0.125
1 0.20703125 0.87109375 0.125 0.125
1 0.234375 0.53515625 0.125 0.125
1 0.34765625 0.890625 0.125 0.125
1 0.4296875 0.875 0.125 0.125
1 0.4921875 0.8828125 0.125 0.125
3 0.9609375 0.6875 0.125 0.125
2 0.90234375 0.76171875 0.125 0.125
1 0.65625 0.578125 0.125 0.125
1 0.9453125 0.61328125 0.125 0.125
1 0.96875 0.53515625 0.125 0.125
