3 0.03515625 0.3671875 0.125 0.125
3 0.0859375 0.23046875 0.125 0.125
3 0.09765625 0.37109375 0.125 0.125
3 0.1640625 0.35546875 0.125 0.125
3 0.29296875 0.37109375 0.125 0.125
3 0.359375 0.2109375 0.125 0.125
3 0.36328125 0.3515625 0.125 0.125
3 0.4296875 0.2265625 0.125 0.125
3 0.4296875 0.37109375 0.125 0.125
1 0.01953125 0.21875 0.125 0.125
1 0.15234375 0.21875 0.125 0.125
1 0.2265625 0.23046875 0.125 0.125
1 0.2265625 0.35546875 0.125 0.125
1 0.30078125 0.2265625 0.125 0.125
4 0.65625 0.23828125 0.125 0.125
4 0.94921875 0.0546875 0.125 0.125
3 0.5625 0.37109375 0.125 0.125
3 0.578125 0.23046875 0.125 0.125
3 0.6484375 0.37109375 0.125 0.125
3 0.5078125 0.2265625 0.125 0.125
2 0.90234375 0.1953125 0.125 0.125
1 0.921875 0.33203125 0.125 0.125
4 0.4296875 0.64453125 0.125 0.125
3 0.1640625 0.6484375 0.125 0.125
3 0.29296875 0.640625 0.125 0.125
3 0.3671875 0.63671875 0.125 0.125
1 0.02734375 0.640625 0.125 0.125
1 0.09765625 0.6484375 0.125 0.125
1 0.234375 0.6484375 0.125 0.125
3 0.5 0.640625 0.125 0.125
1 0.56640625 0.6484375 0.125 0.125
1 0.64453125 0.65234375 0.125 0.125
1 0.921875 0.57421875 0.125 0.125
