3 0.10546875 0.1484375 0.125 0.125
3 0.25 0.1484375 0.125 0.125
1 0.03515625 0.15234375 0.125 0.125
1 0.4765625 0.12890625 0.125 0.125
4 0.74609375 0.33203125 0.125 0.125
2 0.890625 0.3359375 0.125 0.125
1 0.95703125 0.3359375 0.125 0.125
1 0.15234375 0.8203125 0.125 0.125
1 0.28125 0.80078125 0.125 0.125
1 0.48828125 0.8125 0.125 0.125
3 0.69140625 0.8125 0.125 0.125
3 0.8359375 0.68359375 0.125 0.125
3 0.8359375 0.8203125 0.125 0.125
3 0.5625 0.81640625 0.125 0.125
3 0.69140625 0.66015625 0.125 0.125
2 0.625 0.8203125 0.125 0.125
