3 0.0390625 0.2109375 0.125 0.125
2 0.05859375 0.09375 0.125 0.125
1 0.046875 0.16015625 0.125 0.125
4 0.50390625 0.10546875 0.125 0.125
4 0.5703125 0.4453125 0.125 0.125
4 0.57421875 0.09765625 0.125 0.125
3 0.6015625 0.22265625 0.125 0.125
3 0.65625 0.0859375 0.125 0.125
3 0.6640625 0.22265625 0.125 0.125
3 0.72265625 0.09375 0.125 0.125
3 0.7734375 0.4609375 0.125 0.125
1 0.625 0.375 0.125 0.125
1 0.93359375 0.38671875 0.125 0.125
1 0.94140625 0.48046875 0.125 0.125
3 0.875 0.8359375 0.125 0.125
3 0.92578125 0.73046875 0.125 0.125
2 0.50390625 0.578125 0.125 0.125
2 0.625 0.69921875 0.125 0.125
1 0.546875 0.56640625 0.125 0.125
