3 0.15234375 0.23828125 0.125 0.125
3 0.35546875 0.08203125 0.125 0.125
3 0.46484375 0.1796875 0.125 0.125
3 0.05078125 0.10546875 0.125 0.125
1 0.15234375 0.1015625 0.125 0.125
3 0.53125 0.17578125 0.125 0.125
3 0.6171875 0.2265625 0.125 0.125
3 0.6796875 0.29296875 0.125 0.125
3 0.734375 0.35546875 0.125 0.125
3 0.83203125 0.46875 0.125 0.125
1 0.9140625 0.27734375 0.125 0.125
1 0.94140625 0.39453125 0.125 0.125
3 0.0859375 0.5703125 0.125 0.125
3 0.16015625 0.50390625 0.125 0.125
3 0.23046875 0.57421875 0.125 0.125
3 0.296875 0.5078125 0.125 0.125
3 0.37109375 0.50390625 0.125 0.125
3 0.44140625 0.578125 0.125 0.125
3 0.01953125 0.5 0.125 0.125
1 0.0625 0.8359375 0.125 0.125
1 0.14453125 0.83203125 0.125 0.125
1 0.21875 0.83203125 0.125 0.125
1 0.30078125 0.8203125 0.125 0.125
1 0.3828125 0.8203125 0.125 0.125
1 0.46484375 0.8203125 0.125 0.125
3 0.5078125 0.51171875 0.125 0.125
3 0.80859375 0.7109375 0.125 0.125
3 0.84375 0.54296875 0.125 0.125
3 0.84375 0.61328125 0.125 0.125
1 0.66796875 0.7890625 0.125 0.125
1 0.91796875 0.98828125 0.125 0.125
1 0.96875 0.52734375 0.125 0.125
1 0.97265625 0.6953125 0.125 0.125
