3 0.37109375 0.3984375 0.125 0.125
1 0.2421875 0.00390625 0.125 0.125
1 0.94921875 0.2734375 0.125 0.125
1 0.65625 0.27734375 0.125 0.125
3 0.05859375 0.734375 0.125 0.125
3 0.16796875 0.5390625 0.125 0.125
1 0.0703125 0.53515625 0.125 0.125
1 0.26171875 0.5390625 0.125 0.125
1 0.453125 0.5390625 0.125 0.125
1 0.46484375 0.90234375 0.125 0.125
3 0.54296875 0.88671875 0.125 0.125
3 0.640625 0.88671875 0.125 0.125
3 0.73828125 0.89453125 0.125 0.125
3 0.93359375 0.890625 0.125 0.125
1 0.84765625 0.74609375 0.125 0.125
1 0.8515625 0.90234375 0.125 0.125
