3 0.4453125 0.46875 0.125 0.125
1 0.07421875 0.109375 0.125 0.125
1 0.08984375 0.32421875 0.125 0.125
4 0.6484375 0.35546875 0.125 0.125
3 0.5390625 0.4453125 0.125 0.125
3 0.57421875 0.1953125 0.125 0.125
3 0.6171875 0.46875 0.125 0.125
3 0.68359375 0.49609375 0.125 0.125
1 0.7265625 0.33984375 0.125 0.125
4 0.09375 0.96484375 0.125 0.125
4 0.31640625 0.75390625 0.125 0.125
4 0.3828125 0.7734375 0.125 0.125
3 0.43359375 0.765625 0.125 0.125
1 0.0 0.6796875 0.125 0.125
1 0.00390625 0.96484375 0.125 0.125
4 0.75390625 0.75390625 0.125 0.125
4 0.76171875 0.94140625 0.125 0.125
4 0.8046875 0.734375 0.125 0.125
3 0.53125 0.94140625 0.125 0.125
3 0.60546875 0.92578125 0.125 0.125
3 0.6796875 0.92578125 0.125 0.125
2 0.515625 0.76171875 0.125 0.125
1 0.59765625 0.7578125 0.125 0.125
1 0.671875 0.7578125 0.125 0.125
