4 0.171875 0.43359375 0.125 0.125
4 0.2734375 0.4296875 0.125 0.125
4 0.37890625 0.421875 0.125 0.125
3 0.0859375 0.421875 0.125 0.125
3 0.46484375 0.4296875 0.125 0.125
4 0.5625 0.4375 0.125 0.125
4 0.66015625 0.4375 0.125 0.125
3 0.71875 0.15625 0.125 0.125
3 0.99609375 0.140625 0.125 0.125
1 0.8046875 0.1484375 0.125 0.125
1 0.90234375 0.1484375 0.125 0.125
3 0.42578125 0.765625 0.125 0.125
4 0.734375 0.7734375 0.125 0.125
3 0.51953125 0.76171875 0.125 0.125
3 0.93359375 0.77734375 0.125 0.125
1 0.640625 0.76171875 0.125 0.125
