4 0.00390625 0.10546875 0.125 0.125
4 0.0703125 0.4453125 0.125 0.125
4 0.07421875 0.09765625 0.125 0.125
3 0.1015625 0.22265625 0.125 0.125
3 0.15625 0.0859375 0.125 0.125
3 0.1640625 0.22265625 0.125 0.125
3 0.22265625 0.09375 0.125 0.125
3 0.2734375 0.4609375 0.125 0.125
1 0.125 0.375 0.125 0.125
1 0.43359375 0.38671875 0.125 0.125
1 0.44140625 0.48046875 0.125 0.125
4 0.87890625 0.05859375 0.125 0.125
4 0.8828125 0.19140625 0.125 0.125
3 0.515625 0.38671875 0.125 0.125
3 0.75 0.390625 0.125 0.125
2 0.7421875 0.2890625 0.125 0.125
3 0.375 0.8359375 0.125 0.125
3 0.42578125 0.73046875 0.125 0.125
2 0.00390625 0.578125 0.125 0.125
2 0.125 0.69921875 0.125 0.125
1 0.046875 0.56640625 0.125 0.125
4 0.859375 0.671875 0.125 0.125
3 0.59765625 0.77734375 0.125 0.125
3 0.671875 0.6328125 0.125 0.125
3 0.72265625 0.66015625 0.125 0.125
3 0.796875 0.6875 0.125 0.125
3 0.875 0.52734375 0.125 0.125
2 0.55078125 0.671875 0.125 0.125
1 0.70703125 0.88671875 0.125 0.125
1 0.73828125 0.98828125 0.125 0.125
