3 0.109375 0.46875 0.125 0.125
3 0.1796875 0.109375 0.125 0.125
3 0.1796875 0.453125 0.125 0.125
3 0.25390625 0.11328125 0.125 0.125
3 0.25390625 0.47265625 0.125 0.125
3 0.32421875 0.4609375 0.125 0.125
3 0.38671875 0.46484375 0.125 0.125
1 0.02734375 0.09375 0.125 0.125
1 0.04296875 0.47265625 0.125 0.125
1 0.1015625 0.0859375 0.125 0.125
1 0.33203125 0.109375 0.125 0.125
1 0.390625 0.1171875 0.125 0.125
3 0.171875 0.69921875 0.125 0.125
3 0.24609375 0.6796875 0.125 0.125
3 0.3984375 0.69921875 0.125 0.125
1 0.02734375 0.6875 0.125 0.125
1 0.1015625 0.6796875 0.125 0.125
1 0.32421875 0.703125 0.125 0.125
