3 0.0859375 0.0703125 0.125 0.125
3 0.16015625 0.00390625 0.125 0.125
3 0.23046875 0.07421875 0.125 0.125
3 0.296875 0.0078125 0.125 0.125
3 0.37109375 0.00390625 0.125 0.125
3 0.44140625 0.078125 0.125 0.125
3 0.01953125 0.0 0.125 0.125
1 0.0625 0.3359375 0.125 0.125
1 0.14453125 0.33203125 0.125 0.125
1 0.21875 0.33203125 0.125 0.125
1 0.30078125 0.3203125 0.125 0.125
1 0.3828125 0.3203125 0.125 0.125
1 0.46484375 0.3203125 0.125 0.125
3 0.5078125 0.01171875 0.125 0.125
3 0.80859375 0.2109375 0.125 0.125
3 0.84375 0.04296875 0.125 0.125
3 0.84375 0.11328125 0.125 0.125
1 0.66796875 0.2890625 0.125 0.125
1 0.91796875 0.48828125 0.125 0.125
1 0.96875 0.02734375 0.125 0.125
1 0.97265625 0.1953125 0.125 0.125
3 0.3203125 0.6015625 0.125 0.125
3 0.03515625 0.6484375 0.125 0.125
1 0.109375 0.625 0.125 0.125
1 0.1796875 0.61328125 0.125 0.125
1 0.25390625 0.6328125 0.125 0.125
1 0.2578125 0.62109375 0.125 0.125
1 0.46875 0.6484375 0.125 0.125
3 0.89453125 0.6328125 0.125 0.125
3 0.9140625 0.55859375 0.125 0.125
3 0.96875 0.91796875 0.125 0.125
2 0.88671875 0.9921875 0.125 0.125
1 0.5390625 0.640625 0.125 0.125
1 0.6171875 0.6328125 0.125 0.125
