3 0.22265625 0.35546875 0.125 0.125
3 0.36328125 0.3671875 0.125 0.125
3 0.42578125 0.3671875 0.125 0.125
1 0.0 0.36328125 0.125 0.125
1 0.07421875 0.34765625 0.125 0.125
1 0.1484375 0.34765625 0.125 0.125
1 0.2890625 0.34765625 0.125 0.125
3 0.50390625 0.3671875 0.125 0.125
1 0.5703125 0.36328125 0.125 0.125
1 0.6328125 0.375 0.125 0.125
4 0.29296875 0.5546875 0.125 0.125
3 0.0 0.57421875 0.125 0.125
3 0.2265625 0.57421875 0.125 0.125
3 0.28125 0.9375 0.125 0.125
3 0.42578125 0.578125 0.125 0.125
3 0.49609375 0.58984375 0.125 0.125
2 0.15234375 0.5703125 0.125 0.125
2 0.35546875 0.578125 0.125 0.125
1 0.2109375 0.9296875 0.125 0.125
1 0.3515625 0.92578125 0.125 0.125
1 0.42578125 0.9140625 0.125 0.125
3 0.56640625 0.94921875 0.125 0.125
3 0.64453125 0.57421875 0.125 0.125
3 0.64453125 0.93359375 0.125 0.125
1 0.50390625 0.9375 0.125 0.125
1 0.55859375 0.56640625 0.125 0.125
