3 0.23828125 0.421875 0.125 0.125
3 0.4921875 0.41015625 0.125 0.125
3 0.60546875 0.40625 0.125 0.125
3 0.62890625 0.4921875 0.125 0.125
3 0.87109375 0.484375 0.125 0.125
3 0.875 0.39453125 0.125 0.125
2 0.88671875 0.27734375 0.125 0.125
1 0.5 0.49609375 0.125 0.125
1 0.59765625 0.18359375 0.125 0.125
1 0.72265625 0.1484375 0.125 0.125
1 0.796875 0.1484375 0.125 0.125
3 0.11328125 0.8828125 0.125 0.125
3 0.23046875 0.50390625 0.125 0.125
3 0.234375 0.80859375 0.125 0.125
3 0.23828125 0.73046875 0.125 0.125
3 0.26953125 0.55859375 0.125 0.125
3 0.4921875 0.875 0.125 0.125
1 0.234375 0.65234375 0.125 0.125
1 0.47265625 0.63671875 0.125 0.125
3 0.6171875 0.5703125 0.125 0.125
3 0.6171875 0.80078125 0.125 0.125
3 0.62109375 0.6484375 0.125 0.125
3 0.859375 0.91796875 0.125 0.125
1 0.62109375 0.7265625 0.125 0.125
1 0.87890625 0.8203125 0.125 0.125
