2 0.48828125 0.42578125 0.125 0.125
3 0.0625 0.40625 0.125 0.125
3 0.12890625 0.0234375 0.125 0.125
3 0.19921875 0.015625 0.125 0.125
3 0.3359375 0.3984375 0.125 0.125
1 0.1953125 0.3984375 0.125 0.125
1 0.265625 0.39453125 0.125 0.125
1 0.28515625 0.02734375 0.125 0.125
1 0.41015625 0.3984375 0.125 0.125
2 0.98046875 0.3984375 0.125 0.125
3 0.546875 0.41015625 0.125 0.125
3 0.62109375 0.40625 0.125 0.125
3 0.6875 0.05078125 0.125 0.125
3 0.75390625 0.05078125 0.125 0.125
3 0.8203125 0.0390625 0.125 0.125
3 0.83203125 0.3984375 0.125 0.125
1 0.52734375 0.03515625 0.125 0.125
1 0.609375 0.0625 0.125 0.125
1 0.6875 0.390625 0.125 0.125
1 0.7578125 0.3984375 0.125 0.125
1 0.90234375 0.0390625 0.125 0.125
1 0.9765625 0.0703125 0.125 0.125
