3 0.4375 0.06640625 0.125 0.125
3 0.625 0.41796875 0.125 0.125
3 0.703125 0.421875 0.125 0.125
3 0.8359375 0.421875 0.125 0.125
3 0.91796875 0.421875 0.125 0.125
3 0.94140625 0.10546875 0.125 0.125
3 0.984375 0.41796875 0.125 0.125
2 0.65234375 0.07421875 0.125 0.125
2 0.859375 0.10546875 0.125 0.125
1 0.546875 0.41796875 0.125 0.125
1 0.71875 0.0625 0.125 0.125
1 0.765625 0.41796875 0.125 0.125
1 0.78515625 0.07421875 0.125 0.125
4 0.2421875 0.7265625 0.125 0.125
2 0.2265625 0.91796875 0.125 0.125
1 0.2421875 0.5390625 0.125 0.125
1 0.3359375 0.90234375 0.125 0.125
4 0.84375 0.546875 0.125 0.125
3 0.625 0.8828125 0.125 0.125
3 0.69921875 0.91015625 0.125 0.125
3 0.70703125 0.5546875 0.125 0.125
3 0.76171875 0.90234375 0.125 0.125
3 0.76953125 0.5625 0.125 0.125
3 0.8359375 0.8984375 0.125 0.125
3 0.91015625 0.54296875 0.125 0.125
2 0.97265625 0.890625 0.125 0.125
1 0.91796875 0.90234375 0.125 0.125
1 0.99609375 0.5546875 0.125 0.125
1 0.6328125 0.5625 0.125 0.125
