3 0.32421875 0.453125 0.125 0.125
1 0.3359375 0.296875 0.125 0.125
3 0.546875 0.3203125 0.125 0.125
3 0.55859375 0.45703125 0.125 0.125
3 0.62109375 0.32421875 0.125 0.125
3 0.69140625 0.46875 0.125 0.125
3 0.76171875 0.32421875 0.125 0.125
3 0.828125 0.31640625 0.125 0.125
3 0.91015625 0.3203125 0.125 0.125
3 0.97265625 0.48828125 0.125 0.125
3 0.98828125 0.32421875 0.125 0.125
2 0.69140625 0.328125 0.125 0.125
2 0.90625 0.48828125 0.125 0.125
1 0.625 0.46875 0.125 0.125
1 0.8359375 0.4765625 0.125 0.125
3 0.46484375 0.7578125 0.125 0.125
1 0.33203125 0.59765625 0.125 0.125
3 0.53125 0.7578125 0.125 0.125
3 0.828125 0.80078125 0.125 0.125
1 0.8984375 0.81640625 0.125 0.125
