4 0.83984375 0.0859375 0.125 0.125
3 0.5 0.37890625 0.125 0.125
3 0.5 0.4453125 0.125 0.125
3 0.52734375 0.12109375 0.125 0.125
3 0.90234375 0.421875 0.125 0.125
3 0.96875 0.42578125 0.125 0.125
3 0.97265625 0.078125 0.125 0.125
1 0.5 0.31640625 0.125 0.125
1 0.515625 0.2421875 0.125 0.125
1 0.82421875 0.4296875 0.125 0.125
1 0.91015625 0.08203125 0.125 0.125
2 0.49609375 0.84375 0.125 0.125
3 0.8359375 0.83984375 0.125 0.125
3 0.84765625 0.7734375 0.125 0.125
2 0.5078125 0.72265625 0.125 0.125
2 0.515625 0.63671875 0.125 0.125
2 0.82421875 0.91015625 0.125 0.125
1 0.515625 0.515625 0.125 0.125
1 0.8359375 0.62890625 0.125 0.125
1 0.84375 0.69140625 0.125 0.125
1 0.85546875 0.984375 0.125 0.125
1 0.86328125 0.5703125 0.125 0.125
