3 0.01171875 0.07421875 0.125 0.125
3 0.01171875 0.26953125 0.125 0.125
3 0.17578125 0.359375 0.125 0.125
3 0.21875 0.31640625 0.125 0.125
2 0.36328125 0.10546875 0.125 0.125
2 0.40625 0.0703125 0.125 0.125
2 0.40625 0.26953125 0.125 0.125
2 0.46484375 0.03515625 0.125 0.125
2 0.46484375 0.234375 0.125 0.125
2 0.0703125 0.2421875 0.125 0.125
2 0.14453125 0.05859375 0.125 0.125
2 0.19921875 0.01171875 0.125 0.125
2 0.3046875 0.1484375 0.125 0.125
1 0.25390625 0.18359375 0.125 0.125
1 0.34375 0.296875 0.125 0.125
4 0.5078125 0.19140625 0.125 0.125
4 0.62890625 0.3046875 0.125 0.125
4 0.71875 0.046875 0.125 0.125
2 0.76171875 0.3984375 0.125 0.125
1 0.5234375 0.01171875 0.125 0.125
1 0.5703125 0.15625 0.125 0.125
1 0.59375 0.35546875 0.125 0.125
1 0.62109375 0.12890625 0.125 0.125
1 0.6640625 0.0859375 0.125 0.125
1 0.6953125 0.2734375 0.125 0.125
1 0.7578125 0.234375 0.125 0.125
1 0.76171875 0.0078125 0.125 0.125
1 0.8203125 0.19140625 0.125 0.125
1 0.828125 0.359375 0.125 0.125
1 0.8671875 0.15625 0.125 0.125
1 0.8828125 0.328125 0.125 0.125
1 0.921875 0.12109375 0.125 0.125
1 0.921875 0.2890625 0.125 0.125
1 0.96875 0.0859375 0.125 0.125
1 0.984375 0.265625 0.125 0.125
