3 0.0390625 0.4453125 0.125 0.125
3 0.0546875 0.01171875 0.125 0.125
3 0.12890625 0.0078125 0.125 0.125
3 0.36328125 0.17578125 0.125 0.125
3 0.49609375 0.0078125 0.125 0.125
1 0.0390625 0.15234375 0.125 0.125
1 0.1171875 0.16015625 0.125 0.125
1 0.12109375 0.43359375 0.125 0.125
1 0.19921875 0.4375 0.125 0.125
1 0.203125 0.15234375 0.125 0.125
1 0.20703125 0.01171875 0.125 0.125
1 0.28125 0.171875 0.125 0.125
1 0.28515625 0.44140625 0.125 0.125
1 0.30078125 0.00390625 0.125 0.125
1 0.3671875 0.4296875 0.125 0.125
1 0.41015625 0.00390625 0.125 0.125
1 0.453125 0.43359375 0.125 0.125
4 0.53515625 0.4296875 0.125 0.125
3 0.82421875 0.20703125 0.125 0.125
3 0.96875 0.171875 0.125 0.125
3 0.98046875 0.44140625 0.125 0.125
1 0.51171875 0.16796875 0.125 0.125
1 0.58984375 0.18359375 0.125 0.125
1 0.59765625 0.01953125 0.125 0.125
1 0.6171875 0.41796875 0.125 0.125
1 0.66015625 0.01171875 0.125 0.125
1 0.69921875 0.421875 0.125 0.125
1 0.75390625 0.18359375 0.125 0.125
1 0.90625 0.1640625 0.125 0.125
4 0.390625 0.82421875 0.125 0.125
3 0.04296875 0.56640625 0.125 0.125
3 0.08203125 0.82421875 0.125 0.125
3 0.12109375 0.56640625 0.125 0.125
3 0.15625 0.8203125 0.125 0.125
3 0.20703125 0.56640625 0.125 0.125
3 0.23828125 0.81640625 0.125 0.125
3 0.296875 0.56640625 0.125 0.125
3 0.32421875 0.81640625 0.125 0.125
3 0.3671875 0.56640625 0.125 0.125
3 0.46875 0.8203125 0.125 0.125
1 0.45703125 0.56640625 0.125 0.125
3 0.63671875 0.81640625 0.125 0.125
3 0.70703125 0.81640625 0.125 0.125
3 0.97265625 0.80078125 0.125 0.125
3 0.98046875 0.625 0.125 0.125
3 0.5703125 0.82421875 0.125 0.125
1 0.546875 0.82421875 0.125 0.125
1 0.55078125 0.56640625 0.125 0.125
1 0.62109375 0.5703125 0.125 0.125
1 0.7109375 0.56640625 0.125 0.125
