2 0.02734375 0.421875 0.125 0.125
2 0.09765625 0.3828125 0.125 0.125
2 0.15625 0.3359375 0.125 0.125
2 0.21875 0.30078125 0.125 0.125
2 0.27734375 0.484375 0.125 0.125
2 0.28515625 0.26171875 0.125 0.125
2 0.33984375 0.44921875 0.125 0.125
2 0.34765625 0.21875 0.125 0.125
2 0.39453125 0.40625 0.125 0.125
2 0.4609375 0.3671875 0.125 0.125
1 0.05859375 0.203125 0.125 0.125
1 0.1171875 0.16015625 0.125 0.125
1 0.17578125 0.11328125 0.125 0.125
1 0.2421875 0.07421875 0.125 0.125
1 0.30859375 0.01953125 0.125 0.125
2 0.5234375 0.32421875 0.125 0.125
4 0.13671875 0.83203125 0.125 0.125
2 0.03125 0.66015625 0.125 0.125
2 0.09765625 0.6171875 0.125 0.125
2 0.15625 0.5625 0.125 0.125
2 0.19140625 0.7890625 0.125 0.125
2 0.2109375 0.53125 0.125 0.125
2 0.23046875 0.99609375 0.125 0.125
2 0.2578125 0.75390625 0.125 0.125
2 0.27734375 0.95703125 0.125 0.125
2 0.328125 0.703125 0.125 0.125
2 0.3359375 0.91015625 0.125 0.125
2 0.39453125 0.87109375 0.125 0.125
2 0.40234375 0.66015625 0.125 0.125
2 0.46875 0.609375 0.125 0.125
1 0.46484375 0.84375 0.125 0.125
2 0.51953125 0.57421875 0.125 0.125
2 0.57421875 0.99609375 0.125 0.125
2 0.5859375 0.53125 0.125 0.125
2 0.6171875 0.953125 0.125 0.125
2 0.62890625 0.5 0.125 0.125
2 0.6875 0.9140625 0.125 0.125
2 0.91796875 0.984375 0.125 0.125
2 0.9765625 0.93359375 0.125 0.125
1 0.51171875 0.78515625 0.125 0.125
1 0.57421875 0.75 0.125 0.125
1 0.62890625 0.703125 0.125 0.125
1 0.68359375 0.66796875 0.125 0.125
1 0.75 0.87109375 0.125 0.125
1 0.7578125 0.640625 0.125 0.125
1 0.80859375 0.83203125 0.125 0.125
1 0.87109375 0.7890625 0.125 0.125
