3 0.1015625 0.34375 0.125 0.125
3 0.140625 0.01953125 0.125 0.125
3 0.21484375 0.02734375 0.125 0.125
3 0.24609375 0.3515625 0.125 0.125
3 0.28125 0.0234375 0.125 0.125
3 0.4140625 0.0234375 0.125 0.125
3 0.45703125 0.359375 0.125 0.125
1 0.02734375 0.3515625 0.125 0.125
1 0.05859375 0.01953125 0.125 0.125
1 0.171875 0.3515625 0.125 0.125
1 0.31640625 0.34765625 0.125 0.125
1 0.34765625 0.03125 0.125 0.125
1 0.3828125 0.35546875 0.125 0.125
1 0.4921875 0.0390625 0.125 0.125
4 0.60546875 0.3515625 0.125 0.125
3 0.77734375 0.02734375 0.125 0.125
3 0.8203125 0.3515625 0.125 0.125
3 0.85546875 0.0390625 0.125 0.125
3 0.53125 0.34375 0.125 0.125
3 0.67578125 0.3515625 0.125 0.125
1 0.56640625 0.03125 0.125 0.125
1 0.64453125 0.0234375 0.125 0.125
1 0.71484375 0.03125 0.125 0.125
1 0.75 0.3515625 0.125 0.125
