3 0.1484375 0.11328125 0.125 0.125
3 0.421875 0.2109375 0.125 0.125
1 0.140625 0.265625 0.125 0.125
1 0.4453125 0.07421875 0.125 0.125
3 0.5859375 0.17578125 0.125 0.125
2 0.578125 0.25390625 0.125 0.125
1 0.57421875 0.00390625 0.125 0.125
3 0.1171875 0.78515625 0.125 0.125
3 0.22265625 0.89453125 0.125 0.125
3 0.234375 0.96484375 0.125 0.125
3 0.25 0.63671875 0.125 0.125
3 0.453125 0.796875 0.125 0.125
3 0.484375 0.7421875 0.125 0.125
1 0.1796875 0.62890625 0.125 0.125
1 0.4609375 0.63671875 0.125 0.125
1 0.47265625 0.57421875 0.125 0.125
3 0.59765625 0.5078125 0.125 0.125
