4 0.01171875 0.2109375 0.125 0.125
4 0.19921875 0.0703125 0.125 0.125
4 0.3671875 0.02734375 0.125 0.125
4 0.49609375 0.37109375 0.125 0.125
3 0.14453125 0.140625 0.125 0.125
3 0.4921875 0.06640625 0.125 0.125
3 0.4921875 0.203125 0.125 0.125
1 0.3125 0.03125 0.125 0.125
4 0.6640625 0.40234375 0.125 0.125
4 0.671875 0.1328125 0.125 0.125
4 0.8203125 0.00390625 0.125 0.125
4 0.82421875 0.0703125 0.125 0.125
4 0.82421875 0.14453125 0.125 0.125
4 0.82421875 0.265625 0.125 0.125
4 0.83203125 0.328125 0.125 0.125
3 0.671875 0.0625 0.125 0.125
3 0.67578125 0.265625 0.125 0.125
3 0.67578125 0.328125 0.125 0.125
3 0.5546875 0.05078125 0.125 0.125
3 0.55859375 0.37109375 0.125 0.125
1 0.546875 0.22265625 0.125 0.125
3 0.40234375 0.58203125 0.125 0.125
4 0.515625 0.578125 0.125 0.125
4 0.75 0.65625 0.125 0.125
4 0.8125 0.7578125 0.125 0.125
3 0.58203125 0.6015625 0.125 0.125
3 0.82421875 0.8984375 0.125 0.125
3 0.86328125 0.734375 0.125 0.125
