3 0.31640625 0.3515625 0.125 0.125
3 0.32421875 0.4921875 0.125 0.125
3 0.33984375 0.28515625 0.125 0.125
3 0.1640625 0.40234375 0.125 0.125
1 0.1484375 0.25390625 0.125 0.125
1 0.16015625 0.33203125 0.125 0.125
1 0.31640625 0.20703125 0.125 0.125
3 0.62109375 0.37890625 0.125 0.125
3 0.62109375 0.453125 0.125 0.125
1 0.62109375 0.3125 0.125 0.125
3 0.32421875 0.82421875 0.125 0.125
3 0.32421875 0.88671875 0.125 0.125
3 0.3359375 0.5703125 0.125 0.125
3 0.15234375 0.5 0.125 0.125
3 0.15234375 0.57421875 0.125 0.125
1 0.16015625 0.6484375 0.125 0.125
1 0.16015625 0.72265625 0.125 0.125
1 0.16796875 0.80078125 0.125 0.125
1 0.3125 0.7578125 0.125 0.125
1 0.31640625 0.96484375 0.125 0.125
1 0.3203125 0.65234375 0.125 0.125
3 0.62109375 0.89453125 0.125 0.125
1 0.62890625 0.53125 0.125 0.125
