4 0.30859375 0.265625 0.125 0.125
3 0.046875 0.09765625 0.125 0.125
3 0.09375 0.28125 0.125 0.125
3 0.1328125 0.10546875 0.125 0.125
3 0.171875 0.28515625 0.125 0.125
3 0.203125 0.109375 0.125 0.125
3 0.34375 0.1015625 0.125 0.125
3 0.3828125 0.27734375 0.125 0.125
3 0.421875 0.09375 0.125 0.125
3 0.48046875 0.1015625 0.125 0.125
3 0.015625 0.2734375 0.125 0.125
2 0.453125 0.2890625 0.125 0.125
1 0.2265625 0.2734375 0.125 0.125
1 0.26953125 0.1015625 0.125 0.125
3 0.53125 0.2734375 0.125 0.125
3 0.55078125 0.1015625 0.125 0.125
3 0.62890625 0.125 0.125 0.125
3 0.69921875 0.11328125 0.125 0.125
3 0.875 0.48828125 0.125 0.125
2 0.84375 0.0859375 0.125 0.125
1 0.87890625 0.3671875 0.125 0.125
4 0.31640625 0.98828125 0.125 0.125
4 0.48828125 0.625 0.125 0.125
3 0.30859375 0.55078125 0.125 0.125
3 0.30859375 0.70703125 0.125 0.125
3 0.328125 0.91796875 0.125 0.125
3 0.3359375 0.62890625 0.125 0.125
3 0.45703125 0.83984375 0.125 0.125
3 0.45703125 0.98828125 0.125 0.125
3 0.4609375 0.70703125 0.125 0.125
3 0.46484375 0.91796875 0.125 0.125
1 0.30859375 0.83984375 0.125 0.125
1 0.4609375 0.7734375 0.125 0.125
3 0.86328125 0.9375 0.125 0.125
3 0.875 0.7109375 0.125 0.125
2 0.88671875 0.59375 0.125 0.125
1 0.87109375 0.81640625 0.125 0.125
