1 0.09375 0.4453125 0.125 0.125
1 0.18359375 0.4375 0.125 0.125
3 0.5703125 0.4765625 0.125 0.125
3 0.68359375 0.30859375 0.125 0.125
3 0.76953125 0.31640625 0.125 0.125
3 0.83984375 0.31640625 0.125 0.125
2 0.55859375 0.31640625 0.125 0.125
3 0.33203125 0.68359375 0.125 0.125
1 0.30078125 0.7734375 0.125 0.125
4 0.53125 0.78125 0.125 0.125
3 0.5390625 0.859375 0.125 0.125
3 0.546875 0.70703125 0.125 0.125
3 0.55859375 0.62890625 0.125 0.125
3 0.56640625 0.55859375 0.125 0.125
3 0.984375 0.859375 0.125 0.125
1 0.9765625 0.78515625 0.125 0.125
