3 0.48046875 0.4609375 0.125 0.125
3 0.48828125 0.390625 0.125 0.125
1 0.04296875 0.08203125 0.125 0.125
1 0.11328125 0.45703125 0.125 0.125
1 0.1171875 0.3828125 0.125 0.125
1 0.4765625 0.03515625 0.125 0.125
1 0.49609375 0.3203125 0.125 0.125
3 0.9765625 0.390625 0.125 0.125
3 0.98828125 0.31640625 0.125 0.125
2 0.6484375 0.04296875 0.125 0.125
1 0.64453125 0.3828125 0.125 0.125
3 0.11328125 0.88671875 0.125 0.125
3 0.46875 0.5234375 0.125 0.125
3 0.48828125 0.59375 0.125 0.125
3 0.49609375 0.6640625 0.125 0.125
3 0.49609375 0.73046875 0.125 0.125
2 0.1015625 0.94921875 0.125 0.125
2 0.11328125 0.52734375 0.125 0.125
2 0.12109375 0.8125 0.125 0.125
1 0.1015625 0.734375 0.125 0.125
1 0.1171875 0.59765625 0.125 0.125
1 0.125 0.66015625 0.125 0.125
3 0.9765625 0.87109375 0.125 0.125
3 0.64453125 0.52734375 0.125 0.125
