3 0.52734375 0.4609375 0.125 0.125
3 0.59765625 0.44921875 0.125 0.125
3 0.66796875 0.45703125 0.125 0.125
3 0.73828125 0.30078125 0.125 0.125
3 0.7421875 0.4609375 0.125 0.125
3 0.81640625 0.328125 0.125 0.125
1 0.8046875 0.45703125 0.125 0.125
1 0.890625 0.46484375 0.125 0.125
1 0.89453125 0.3203125 0.125 0.125
1 0.94921875 0.46875 0.125 0.125
1 0.95703125 0.32421875 0.125 0.125
3 0.04296875 0.98828125 0.125 0.125
3 0.19140625 0.98828125 0.125 0.125
3 0.1953125 0.76953125 0.125 0.125
3 0.20703125 0.9140625 0.125 0.125
1 0.1875 0.62890625 0.125 0.125
1 0.1953125 0.71484375 0.125 0.125
1 0.203125 0.84765625 0.125 0.125
3 0.5859375 0.828125 0.125 0.125
3 0.6640625 0.8359375 0.125 0.125
3 0.66796875 0.96875 0.125 0.125
3 0.734375 0.828125 0.125 0.125
3 0.80078125 0.984375 0.125 0.125
3 0.875 0.99609375 0.125 0.125
2 0.87890625 0.81640625 0.125 0.125
1 0.515625 0.828125 0.125 0.125
1 0.515625 0.9765625 0.125 0.125
1 0.5859375 0.96484375 0.125 0.125
1 0.72265625 0.98046875 0.125 0.125
1 0.80859375 0.83203125 0.125 0.125
