4 0.12109375 0.01953125 0.125 0.125
3 0.046875 0.38671875 0.125 0.125
3 0.3828125 0.00390625 0.125 0.125
1 0.04296875 0.0 0.125 0.125
1 0.27734375 0.0 0.125 0.125
3 0.109375 0.96875 0.125 0.125
3 0.1796875 0.609375 0.125 0.125
3 0.1796875 0.953125 0.125 0.125
3 0.25390625 0.61328125 0.125 0.125
3 0.25390625 0.97265625 0.125 0.125
3 0.32421875 0.9609375 0.125 0.125
3 0.38671875 0.96484375 0.125 0.125
1 0.02734375 0.59375 0.125 0.125
1 0.04296875 0.97265625 0.125 0.125
1 0.1015625 0.5859375 0.125 0.125
1 0.33203125 0.609375 0.125 0.125
1 0.390625 0.6171875 0.125 0.125
