4 0.37109375 0.1171875 0.125 0.125
3 0.47265625 0.47265625 0.125 0.125
3 0.4765625 0.1171875 0.125 0.125
1 0.32421875 0.47265625 0.125 0.125
1 0.41015625 0.453125 0.125 0.125
3 0.5390625 0.47265625 0.125 0.125
3 0.5546875 0.1171875 0.125 0.125
3 0.61328125 0.4609375 0.125 0.125
3 0.6953125 0.48046875 0.125 0.125
1 0.6328125 0.1328125 0.125 0.125
1 0.703125 0.125 0.125 0.125
3 0.20703125 0.93359375 0.125 0.125
3 0.359375 0.9453125 0.125 0.125
3 0.39453125 0.59375 0.125 0.125
3 0.42578125 0.94140625 0.125 0.125
3 0.46875 0.59765625 0.125 0.125
2 0.11328125 0.52734375 0.125 0.125
2 0.18359375 0.54296875 0.125 0.125
1 0.12890625 0.94140625 0.125 0.125
1 0.28125 0.9375 0.125 0.125
1 0.484375 0.94140625 0.125 0.125
1 0.04296875 0.53125 0.125 0.125
1 0.0546875 0.93359375 0.125 0.125
4 0.63671875 0.92578125 0.125 0.125
3 0.54296875 0.609375 0.125 0.125
3 0.6796875 0.6171875 0.125 0.125
3 0.703125 0.9375 0.125 0.125
1 0.5625 0.9296875 0.125 0.125
1 0.6171875 0.609375 0.125 0.125
