3 0.234375 0.2890625 0.125 0.125
3 0.24609375 0.16015625 0.125 0.125
3 0.24609375 0.23046875 0.125 0.125
3 0.2578125 0.09765625 0.125 0.125
1 0.24609375 0.4453125 0.125 0.125
1 0.2578125 0.04296875 0.125 0.125
4 0.6171875 0.421875 0.125 0.125
3 0.77734375 0.09375 0.125 0.125
3 0.6015625 0.49609375 0.125 0.125
3 0.609375 0.02734375 0.125 0.125
3 0.609375 0.359375 0.125 0.125
3 0.62890625 0.15625 0.125 0.125
2 0.76171875 0.3671875 0.125 0.125
2 0.77734375 0.2265625 0.125 0.125
1 0.609375 0.21875 0.125 0.125
1 0.62109375 0.2890625 0.125 0.125
3 0.23828125 0.9921875 0.125 0.125
3 0.2421875 0.57421875 0.125 0.125
3 0.25 0.5078125 0.125 0.125
2 0.24609375 0.8359375 0.125 0.125
2 0.23828125 0.921875 0.125 0.125
1 0.2421875 0.6328125 0.125 0.125
3 0.60546875 0.56640625 0.125 0.125
