3 0.04296875 0.02734375 0.125 0.125
3 0.05078125 0.16015625 0.125 0.125
3 0.06640625 0.4609375 0.125 0.125
3 0.13671875 0.1484375 0.125 0.125
3 0.2109375 0.4609375 0.125 0.125
3 0.29296875 0.4609375 0.125 0.125
3 0.4609375 0.15234375 0.125 0.125
1 0.12890625 0.44921875 0.125 0.125
1 0.1328125 0.03515625 0.125 0.125
1 0.4609375 0.2265625 0.125 0.125
1 0.46484375 0.3671875 0.125 0.125
1 0.46875 0.27734375 0.125 0.125
1 0.96484375 0.1328125 0.125 0.125
3 0.765625 0.51953125 0.125 0.125
3 0.85546875 0.50390625 0.125 0.125
