3 0.078125 0.234375 0.125 0.125
3 0.171875 0.23828125 0.125 0.125
1 0.08203125 0.49609375 0.125 0.125
2 0.72265625 0.234375 0.125 0.125
2 0.8046875 0.23828125 0.125 0.125
1 0.89453125 0.2421875 0.125 0.125
1 0.98828125 0.2421875 0.125 0.125
1 0.171875 0.5 0.125 0.125
1 0.171875 0.9609375 0.125 0.125
1 0.1875 0.703125 0.125 0.125
1 0.01171875 0.9609375 0.125 0.125
1 0.046875 0.71484375 0.125 0.125
1 0.0859375 0.953125 0.125 0.125
1 0.11328125 0.703125 0.125 0.125
3 0.765625 0.6328125 0.125 0.125
3 0.6875 0.6328125 0.125 0.125
1 0.6015625 0.65234375 0.125 0.125
