4 0.203125 0.12109375 0.125 0.125
3 0.49609375 0.0 0.125 0.125
3 0.13671875 0.4140625 0.125 0.125
2 0.21875 0.4140625 0.125 0.125
1 0.13671875 0.09375 0.125 0.125
3 0.5078125 0.0703125 0.125 0.125
3 0.5078125 0.1484375 0.125 0.125
3 0.84375 0.46875 0.125 0.125
3 0.84765625 0.12890625 0.125 0.125
3 0.8515625 0.0703125 0.125 0.125
3 0.8671875 0.33984375 0.125 0.125
3 0.98828125 0.140625 0.125 0.125
3 0.98828125 0.203125 0.125 0.125
3 0.9921875 0.0703125 0.125 0.125
1 0.86328125 0.41015625 0.125 0.125
1 0.875 0.26953125 0.125 0.125
1 0.99609375 0.46875 0.125 0.125
1 0.5078125 0.36328125 0.125 0.125
1 0.51171875 0.2890625 0.125 0.125
1 0.515625 0.22265625 0.125 0.125
1 0.84375 0.0 0.125 0.125
1 0.84375 0.20703125 0.125 0.125
3 0.390625 0.86328125 0.125 0.125
3 0.21484375 0.56640625 0.125 0.125
4 0.9921875 0.890625 0.125 0.125
3 0.66015625 0.88671875 0.125 0.125
3 0.7265625 0.89453125 0.125 0.125
3 0.99609375 0.53515625 0.125 0.125
2 0.83203125 0.54296875 0.125 0.125
1 0.99609375 0.6171875 0.125 0.125
1 0.58203125 0.8984375 0.125 0.125
1 0.83203125 0.6171875 0.125 0.125
