3 0.1875 0.28125 0.125 0.125
4 0.18359375 0.18359375 0.125 0.125
4 0.22265625 0.3359375 0.125 0.125
2 0.0546875 0.09765625 0.125 0.125
2 0.078125 0.24609375 0.125 0.125
2 0.12890625 0.03125 0.125 0.125
2 0.23828125 0.01953125 0.125 0.125
1 0.0234375 0.4296875 0.125 0.125
1 0.09375 0.39453125 0.125 0.125
1 0.265625 0.1328125 0.125 0.125
3 0.19921875 0.58203125 0.125 0.125
4 0.16796875 0.828125 0.125 0.125
4 0.18359375 0.8984375 0.125 0.125
2 0.0546875 0.96875 0.125 0.125
1 0.1796875 0.75390625 0.125 0.125
1 0.19921875 0.66796875 0.125 0.125
3 0.60546875 0.76953125 0.125 0.125
