4 0.20703125 0.28515625 0.125 0.125
4 0.24609375 0.21484375 0.125 0.125
3 0.19140625 0.48828125 0.125 0.125
3 0.22265625 0.3671875 0.125 0.125
1 0.16796875 0.41796875 0.125 0.125
1 0.328125 0.1953125 0.125 0.125
1 0.3984375 0.17578125 0.125 0.125
1 0.45703125 0.3515625 0.125 0.125
3 0.90625 0.41796875 0.125 0.125
4 0.99609375 0.47265625 0.125 0.125
3 0.73046875 0.46484375 0.125 0.125
1 0.5234375 0.38671875 0.125 0.125
1 0.5625 0.2578125 0.125 0.125
1 0.609375 0.21484375 0.125 0.125
3 0.15234375 0.80859375 0.125 0.125
3 0.15625 0.8671875 0.125 0.125
3 0.1953125 0.625 0.125 0.125
3 0.20703125 0.91796875 0.125 0.125
3 0.25 0.9609375 0.125 0.125
3 0.2578125 0.83984375 0.125 0.125
3 0.28515625 0.76953125 0.125 0.125
3 0.30078125 0.65625 0.125 0.125
3 0.44921875 0.5078125 0.125 0.125
3 0.4609375 0.58203125 0.125 0.125
1 0.171875 0.55859375 0.125 0.125
1 0.171875 0.74609375 0.125 0.125
3 0.8828125 0.875 0.125 0.125
3 0.9140625 0.98046875 0.125 0.125
3 0.96875 0.68359375 0.125 0.125
4 0.5 0.91796875 0.125 0.125
4 0.578125 0.55078125 0.125 0.125
2 0.62890625 0.8046875 0.125 0.125
2 0.703125 0.92578125 0.125 0.125
3 0.5 0.83984375 0.125 0.125
3 0.6015625 0.765625 0.125 0.125
3 0.6328125 0.87890625 0.125 0.125
1 0.9921875 0.7578125 0.125 0.125
