4 0.42578125 0.44921875 0.125 0.125
3 0.61328125 0.16796875 0.125 0.125
3 0.625 0.08984375 0.125 0.125
3 0.74609375 0.08984375 0.125 0.125
2 0.59765625 0.45703125 0.125 0.125
2 0.6015625 0.3203125 0.125 0.125
2 0.6015625 0.37890625 0.125 0.125
1 0.60546875 0.01953125 0.125 0.125
1 0.62109375 0.23828125 0.125 0.125
1 0.734375 0.02734375 0.125 0.125
4 0.171875 0.609375 0.125 0.125
4 0.1796875 0.80859375 0.125 0.125
3 0.171875 0.546875 0.125 0.125
3 0.60546875 0.67578125 0.125 0.125
3 0.765625 0.5859375 0.125 0.125
2 0.6015625 0.53515625 0.125 0.125
2 0.60546875 0.61328125 0.125 0.125
