3 0.13671875 0.0390625 0.125 0.125
3 0.203125 0.03125 0.125 0.125
3 0.23828125 0.3671875 0.125 0.125
1 0.0625 0.02734375 0.125 0.125
1 0.171875 0.375 0.125 0.125
1 0.2734375 0.03125 0.125 0.125
1 0.31640625 0.36328125 0.125 0.125
1 0.390625 0.359375 0.125 0.125
1 0.42578125 0.08203125 0.125 0.125
3 0.9609375 0.046875 0.125 0.125
3 0.484375 0.60546875 0.125 0.125
1 0.44140625 0.9921875 0.125 0.125
1 0.46484375 0.74609375 0.125 0.125
1 0.46484375 0.8203125 0.125 0.125
1 0.47265625 0.6796875 0.125 0.125
3 0.90234375 0.91015625 0.125 0.125
3 0.98046875 0.79296875 0.125 0.125
