3 0.0625 0.0859375 0.125 0.125
2 0.0625 0.2578125 0.125 0.125
1 0.0625 0.34375 0.125 0.125
1 0.07421875 0.484375 0.125 0.125
1 0.40625 0.29296875 0.125 0.125
1 0.41796875 0.03125 0.125 0.125
3 0.5234375 0.46875 0.125 0.125
3 0.5390625 0.046875 0.125 0.125
3 0.0625 0.56640625 0.125 0.125
3 0.38671875 0.7109375 0.125 0.125
1 0.05078125 0.83203125 0.125 0.125
1 0.0703125 0.73828125 0.125 0.125
3 0.515625 0.65625 0.125 0.125
3 0.53125 0.7265625 0.125 0.125
3 0.5546875 0.5390625 0.125 0.125
1 0.98828125 0.59765625 0.125 0.125
