4 0.1953125 0.1015625 0.125 0.125
1 0.1328125 0.375 0.125 0.125
1 0.140625 0.4375 0.125 0.125
1 0.22265625 0.3046875 0.125 0.125
1 0.25 0.39453125 0.125 0.125
1 0.47265625 0.04296875 0.125 0.125
3 0.90234375 0.0390625 0.125 0.125
4 0.5390625 0.26171875 0.125 0.125
4 0.7890625 0.3671875 0.125 0.125
3 0.76171875 0.01953125 0.125 0.125
3 0.79296875 0.44140625 0.125 0.125
1 0.51953125 0.44140625 0.125 0.125
1 0.6171875 0.2890625 0.125 0.125
1 0.64453125 0.375 0.125 0.125
4 0.25 0.59375 0.125 0.125
3 0.12890625 0.7890625 0.125 0.125
1 0.1015625 0.69921875 0.125 0.125
1 0.140625 0.5 0.125 0.125
1 0.14453125 0.6015625 0.125 0.125
1 0.18359375 0.99609375 0.125 0.125
1 0.2421875 0.82421875 0.125 0.125
3 0.95703125 0.8828125 0.125 0.125
4 0.69140625 0.671875 0.125 0.125
2 0.6640625 0.859375 0.125 0.125
1 0.5234375 0.54296875 0.125 0.125
1 0.703125 0.5 0.125 0.125
1 0.80078125 0.5234375 0.125 0.125
1 0.86328125 0.921875 0.125 0.125
