3 0.0078125 0.1875 0.125 0.125
3 0.0078125 0.328125 0.125 0.125
3 0.07421875 0.1953125 0.125 0.125
3 0.08203125 0.3515625 0.125 0.125
3 0.1484375 0.203125 0.125 0.125
3 0.16015625 0.35546875 0.125 0.125
3 0.2265625 0.3515625 0.125 0.125
3 0.28515625 0.1875 0.125 0.125
3 0.29296875 0.34375 0.125 0.125
3 0.4296875 0.3203125 0.125 0.125
3 0.4375 0.1953125 0.125 0.125
2 0.359375 0.3359375 0.125 0.125
1 0.359375 0.1796875 0.125 0.125
3 0.5 0.2265625 0.125 0.125
3 0.5 0.35546875 0.125 0.125
3 0.5859375 0.1875 0.125 0.125
1 0.76953125 0.0625 0.125 0.125
3 0.109375 0.859375 0.125 0.125
3 0.11328125 0.7109375 0.125 0.125
3 0.1796875 0.70703125 0.125 0.125
3 0.18359375 0.8671875 0.125 0.125
3 0.25390625 0.70703125 0.125 0.125
3 0.32421875 0.84375 0.125 0.125
3 0.390625 0.859375 0.125 0.125
1 0.2578125 0.84765625 0.125 0.125
1 0.328125 0.7109375 0.125 0.125
1 0.41015625 0.71875 0.125 0.125
1 0.46484375 0.8515625 0.125 0.125
3 0.5703125 0.546875 0.125 0.125
