3 0.01171875 0.37890625 0.125 0.125
3 0.07421875 0.20703125 0.125 0.125
3 0.24609375 0.08984375 0.125 0.125
3 0.43359375 0.0703125 0.125 0.125
1 0.33984375 0.07421875 0.125 0.125
1 0.078125 0.375 0.125 0.125
3 0.53125 0.07421875 0.125 0.125
3 0.7109375 0.08203125 0.125 0.125
3 0.7890625 0.40234375 0.125 0.125
3 0.97265625 0.09375 0.125 0.125
1 0.62109375 0.08203125 0.125 0.125
1 0.8125 0.07421875 0.125 0.125
1 0.89453125 0.0859375 0.125 0.125
4 0.078125 0.875 0.125 0.125
3 0.01171875 0.72265625 0.125 0.125
3 0.078125 0.73828125 0.125 0.125
2 0.01171875 0.8671875 0.125 0.125
