3 0.15234375 0.33203125 0.125 0.125
3 0.16015625 0.1875 0.125 0.125
3 0.23046875 0.3203125 0.125 0.125
3 0.23828125 0.1875 0.125 0.125
3 0.3046875 0.3203125 0.125 0.125
3 0.38671875 0.3203125 0.125 0.125
2 0.37890625 0.17578125 0.125 0.125
2 0.44921875 0.1796875 0.125 0.125
1 0.3125 0.1953125 0.125 0.125
1 0.453125 0.32421875 0.125 0.125
3 0.52734375 0.328125 0.125 0.125
3 0.53515625 0.1953125 0.125 0.125
3 0.60546875 0.19140625 0.125 0.125
3 0.73828125 0.328125 0.125 0.125
3 0.80859375 0.33203125 0.125 0.125
3 0.8125 0.1953125 0.125 0.125
3 0.87109375 0.33203125 0.125 0.125
3 0.9453125 0.33203125 0.125 0.125
3 0.953125 0.1875 0.125 0.125
1 0.59375 0.33203125 0.125 0.125
1 0.6640625 0.3359375 0.125 0.125
1 0.671875 0.21875 0.125 0.125
1 0.74609375 0.203125 0.125 0.125
1 0.8828125 0.1953125 0.125 0.125
3 0.2421875 0.9453125 0.125 0.125
3 0.24609375 0.65234375 0.125 0.125
3 0.24609375 0.8671875 0.125 0.125
3 0.25 0.796875 0.125 0.125
3 0.25390625 0.72265625 0.125 0.125
3 0.40234375 0.9375 0.125 0.125
3 0.40625 0.73828125 0.125 0.125
3 0.40625 0.80078125 0.125 0.125
1 0.40625 0.875 0.125 0.125
3 0.73828125 0.8046875 0.125 0.125
3 0.7421875 0.87109375 0.125 0.125
3 0.76171875 0.66015625 0.125 0.125
3 0.88671875 0.8046875 0.125 0.125
3 0.8984375 0.73046875 0.125 0.125
3 0.8984375 0.9453125 0.125 0.125
1 0.74609375 0.72265625 0.125 0.125
1 0.8828125 0.87890625 0.125 0.125
1 0.8984375 0.66015625 0.125 0.125
