3 0.15234375 0.35546875 0.125 0.125
3 0.54296875 0.48828125 0.125 0.125
3 0.69140625 0.48828125 0.125 0.125
3 0.6953125 0.26953125 0.125 0.125
3 0.70703125 0.4140625 0.125 0.125
1 0.6875 0.12890625 0.125 0.125
1 0.6953125 0.21484375 0.125 0.125
1 0.703125 0.34765625 0.125 0.125
3 0.16796875 0.71875 0.125 0.125
2 0.1796875 0.578125 0.125 0.125
3 0.53515625 0.796875 0.125 0.125
3 0.67578125 0.70703125 0.125 0.125
3 0.69140625 0.63671875 0.125 0.125
2 0.53125 0.6796875 0.125 0.125
1 0.68359375 0.76953125 0.125 0.125
1 0.7109375 0.55859375 0.125 0.125
