3 0.09375 0.46484375 0.125 0.125
3 0.1640625 0.12109375 0.125 0.125
3 0.30078125 0.12109375 0.125 0.125
3 0.4375 0.45703125 0.125 0.125
3 0.0 0.46875 0.125 0.125
3 0.015625 0.125 0.125 0.125
1 0.21875 0.48046875 0.125 0.125
1 0.2265625 0.12890625 0.125 0.125
1 0.37890625 0.1171875 0.125 0.125
1 0.44921875 0.125 0.125 0.125
4 0.609375 0.46875 0.125 0.125
4 0.90234375 0.484375 0.125 0.125
3 0.59375 0.125 0.125 0.125
3 0.7421875 0.13671875 0.125 0.125
3 0.7578125 0.4765625 0.125 0.125
3 0.80859375 0.125 0.125 0.125
1 0.82421875 0.484375 0.125 0.125
