4 0.703125 0.0703125 0.125 0.125
3 0.68359375 0.3671875 0.125 0.125
3 0.68359375 0.43359375 0.125 0.125
3 0.69140625 0.2890625 0.125 0.125
3 0.99609375 0.44140625 0.125 0.125
1 0.69140625 0.14453125 0.125 0.125
1 0.6953125 0.22265625 0.125 0.125
1 0.7109375 0.00390625 0.125 0.125
4 0.375 0.54296875 0.125 0.125
4 0.44921875 0.53515625 0.125 0.125
3 0.09375 0.546875 0.125 0.125
3 0.1640625 0.55078125 0.125 0.125
3 0.2265625 0.99609375 0.125 0.125
3 0.234375 0.55859375 0.125 0.125
3 0.2890625 0.99609375 0.125 0.125
1 0.1484375 0.99609375 0.125 0.125
1 0.3046875 0.55859375 0.125 0.125
1 0.4375 0.99609375 0.125 0.125
3 0.671875 0.5 0.125 0.125
3 0.99609375 0.5859375 0.125 0.125
1 0.50390625 0.54296875 0.125 0.125
