1 0.03125 0.4375 0.125 0.125
1 0.3203125 0.2109375 0.125 0.125
4 0.89453125 0.25390625 0.125 0.125
4 0.58984375 0.1171875 0.125 0.125
4 0.66796875 0.453125 0.125 0.125
3 0.95703125 0.2734375 0.125 0.125
1 0.58984375 0.4140625 0.125 0.125
1 0.84765625 0.47265625 0.125 0.125
3 0.0390625 0.7109375 0.125 0.125
2 0.05859375 0.59375 0.125 0.125
1 0.046875 0.66015625 0.125 0.125
4 0.50390625 0.60546875 0.125 0.125
4 0.5703125 0.9453125 0.125 0.125
4 0.57421875 0.59765625 0.125 0.125
3 0.6015625 0.72265625 0.125 0.125
3 0.65625 0.5859375 0.125 0.125
3 0.6640625 0.72265625 0.125 0.125
3 0.72265625 0.59375 0.125 0.125
3 0.7734375 0.9609375 0.125 0.125
1 0.625 0.875 0.125 0.125
1 0.93359375 0.88671875 0.125 0.125
1 0.94140625 0.98046875 0.125 0.125
