3 0.1484375 0.33984375 0.125 0.125
3 0.21484375 0.33984375 0.125 0.125
3 0.46875 0.49609375 0.125 0.125
2 0.0078125 0.33203125 0.125 0.125
2 0.08203125 0.32421875 0.125 0.125
2 0.11328125 0.0625 0.125 0.125
2 0.359375 0.33203125 0.125 0.125
1 0.6484375 0.34765625 0.125 0.125
1 0.7265625 0.3515625 0.125 0.125
3 0.3828125 0.99609375 0.125 0.125
2 0.25 0.50390625 0.125 0.125
2 0.3984375 0.52734375 0.125 0.125
1 0.1875 0.98046875 0.125 0.125
1 0.2578125 0.98046875 0.125 0.125
1 0.328125 0.5078125 0.125 0.125
1 0.453125 0.99609375 0.125 0.125
1 0.0546875 0.98046875 0.125 0.125
3 0.765625 0.50390625 0.125 0.125
3 0.6015625 0.97265625 0.125 0.125
3 0.609375 0.515625 0.125 0.125
3 0.6640625 0.98046875 0.125 0.125
3 0.68359375 0.5078125 0.125 0.125
1 0.5390625 0.5078125 0.125 0.125
