3 0.09375 0.96484375 0.125 0.125
3 0.1640625 0.62109375 0.125 0.125
3 0.30078125 0.62109375 0.125 0.125
3 0.4375 0.95703125 0.125 0.125
3 0.0 0.96875 0.125 0.125
3 0.015625 0.625 0.125 0.125
1 0.21875 0.98046875 0.125 0.125
1 0.2265625 0.62890625 0.125 0.125
1 0.37890625 0.6171875 0.125 0.125
1 0.44921875 0.625 0.125 0.125
4 0.609375 0.96875 0.125 0.125
4 0.90234375 0.984375 0.125 0.125
3 0.59375 0.625 0.125 0.125
3 0.7421875 0.63671875 0.125 0.125
3 0.7578125 0.9765625 0.125 0.125
3 0.80859375 0.625 0.125 0.125
1 0.82421875 0.984375 0.125 0.125
