3 0.28515625 0.1015625 0.125 0.125
3 0.05859375 0.078125 0.125 0.125
1 0.0546875 0.375 0.125 0.125
1 0.0625 0.2890625 0.125 0.125
1 0.06640625 0.1953125 0.125 0.125
3 0.5859375 0.359375 0.125 0.125
3 0.75 0.35546875 0.125 0.125
3 0.921875 0.35546875 0.125 0.125
3 0.984375 0.46484375 0.125 0.125
1 0.5546875 0.45703125 0.125 0.125
1 0.69140625 0.46484375 0.125 0.125
1 0.80078125 0.48046875 0.125 0.125
1 0.8984375 0.48046875 0.125 0.125
4 0.0625 0.58984375 0.125 0.125
4 0.06640625 0.88671875 0.125 0.125
3 0.28125 0.76171875 0.125 0.125
3 0.046875 0.67578125 0.125 0.125
3 0.0625 0.99609375 0.125 0.125
3 0.06640625 0.5 0.125 0.125
1 0.05859375 0.7734375 0.125 0.125
3 0.73046875 0.91015625 0.125 0.125
3 0.80859375 0.8984375 0.125 0.125
1 0.75 0.76171875 0.125 0.125
1 0.8984375 0.90234375 0.125 0.125
1 0.92578125 0.76171875 0.125 0.125
