3 0.3046875 0.37890625 0.125 0.125
3 0.3125 0.31640625 0.125 0.125
3 0.47265625 0.3828125 0.125 0.125
2 0.3359375 0.24609375 0.125 0.125
1 0.3359375 0.17578125 0.125 0.125
1 0.4453125 0.171875 0.125 0.125
1 0.4765625 0.25 0.125 0.125
3 0.8828125 0.2421875 0.125 0.125
1 0.85546875 0.39453125 0.125 0.125
1 0.86328125 0.31640625 0.125 0.125
1 0.8671875 0.17578125 0.125 0.125
1 0.87109375 0.0234375 0.125 0.125
3 0.14453125 0.75 0.125 0.125
3 0.21875 0.7578125 0.125 0.125
3 0.296875 0.74609375 0.125 0.125
3 0.453125 0.75 0.125 0.125
1 0.36328125 0.76171875 0.125 0.125
3 0.5234375 0.76171875 0.125 0.125
3 0.58984375 0.74609375 0.125 0.125
3 0.66796875 0.7578125 0.125 0.125
3 0.82421875 0.91796875 0.125 0.125
2 0.828125 0.53515625 0.125 0.125
1 0.828125 0.9921875 0.125 0.125
