3 0.2265625 0.1640625 0.125 0.125
3 0.4609375 0.10546875 0.125 0.125
3 0.4609375 0.39453125 0.125 0.125
1 0.22265625 0.2890625 0.125 0.125
1 0.328125 0.09765625 0.125 0.125
1 0.44140625 0.28515625 0.125 0.125
1 0.4453125 0.49609375 0.125 0.125
1 0.45703125 0.00390625 0.125 0.125
1 0.45703125 0.19140625 0.125 0.125
3 0.734375 0.18359375 0.125 0.125
3 0.62109375 0.45703125 0.125 0.125
3 0.625 0.21484375 0.125 0.125
1 0.73828125 0.4765625 0.125 0.125
3 0.22265625 0.5 0.125 0.125
1 0.31640625 0.63671875 0.125 0.125
1 0.42578125 0.78125 0.125 0.125
1 0.44140625 0.5859375 0.125 0.125
3 0.73046875 0.9296875 0.125 0.125
1 0.625 0.94921875 0.125 0.125
