3 0.0859375 0.3359375 0.125 0.125
2 0.3359375 0.1875 0.125 0.125
4 0.8828125 0.0859375 0.125 0.125
3 0.52734375 0.12109375 0.125 0.125
3 0.53515625 0.046875 0.125 0.125
3 0.87890625 0.0078125 0.125 0.125
3 0.87890625 0.1484375 0.125 0.125
3 0.51953125 0.1953125 0.125 0.125
2 0.8828125 0.359375 0.125 0.125
1 0.87109375 0.296875 0.125 0.125
3 0.09375 0.62890625 0.125 0.125
3 0.3359375 0.52734375 0.125 0.125
3 0.43359375 0.5546875 0.125 0.125
3 0.8203125 0.5546875 0.125 0.125
2 0.5 0.5625 0.125 0.125
1 0.66796875 0.5625 0.125 0.125
