3 0.2265625 0.2109375 0.125 0.125
1 0.21875 0.3046875 0.125 0.125
1 0.21875 0.4765625 0.125 0.125
1 0.2265625 0.39453125 0.125 0.125
1 0.48046875 0.4609375 0.125 0.125
4 0.671875 0.22265625 0.125 0.125
3 0.6640625 0.0859375 0.125 0.125
2 0.5078125 0.0625 0.125 0.125
1 0.50390625 0.25 0.125 0.125
1 0.50390625 0.3671875 0.125 0.125
1 0.5078125 0.16015625 0.125 0.125
3 0.109375 0.796875 0.125 0.125
3 0.21875 0.6171875 0.125 0.125
1 0.21875 0.546875 0.125 0.125
1 0.50390625 0.5390625 0.125 0.125
1 0.84375 0.78515625 0.125 0.125
