4 0.02734375 0.03515625 0.125 0.125
4 0.08203125 0.05859375 0.125 0.125
4 0.20703125 0.0703125 0.125 0.125
4 0.28125 0.06640625 0.125 0.125
4 0.35546875 0.0703125 0.125 0.125
3 0.3671875 0.48046875 0.125 0.125
1 0.34765625 0.40234375 0.125 0.125
1 0.3671875 0.2578125 0.125 0.125
3 0.8203125 0.2421875 0.125 0.125
1 0.80078125 0.48046875 0.125 0.125
3 0.3515625 0.703125 0.125 0.125
1 0.3515625 0.5546875 0.125 0.125
1 0.35546875 0.6328125 0.125 0.125
3 0.8125 0.62109375 0.125 0.125
1 0.65625 0.890625 0.125 0.125
1 0.66015625 0.6796875 0.125 0.125
1 0.66796875 0.80859375 0.125 0.125
1 0.80078125 0.95703125 0.125 0.125
1 0.80859375 0.55078125 0.125 0.125
