3 0.32421875 0.32421875 0.125 0.125
3 0.32421875 0.38671875 0.125 0.125
3 0.3359375 0.0703125 0.125 0.125
3 0.15234375 0.0 0.125 0.125
3 0.15234375 0.07421875 0.125 0.125
1 0.16015625 0.1484375 0.125 0.125
1 0.16015625 0.22265625 0.125 0.125
1 0.16796875 0.30078125 0.125 0.125
1 0.3125 0.2578125 0.125 0.125
1 0.31640625 0.46484375 0.125 0.125
1 0.3203125 0.15234375 0.125 0.125
3 0.62109375 0.39453125 0.125 0.125
1 0.62890625 0.03125 0.125 0.125
1 0.15234375 0.546875 0.125 0.125
1 0.3125 0.6015625 0.125 0.125
3 0.60546875 0.68359375 0.125 0.125
1 0.921875 0.890625 0.125 0.125
