3 0.14453125 0.4375 0.125 0.125
3 0.15625 0.3671875 0.125 0.125
3 0.43359375 0.37109375 0.125 0.125
3 0.44140625 0.22265625 0.125 0.125
3 0.44140625 0.30078125 0.125 0.125
3 0.01171875 0.42578125 0.125 0.125
1 0.01171875 0.49609375 0.125 0.125
1 0.015625 0.28125 0.125 0.125
1 0.01953125 0.36328125 0.125 0.125
1 0.140625 0.49609375 0.125 0.125
1 0.171875 0.30078125 0.125 0.125
1 0.4453125 0.43359375 0.125 0.125
3 0.56640625 0.30078125 0.125 0.125
3 0.5703125 0.3671875 0.125 0.125
2 0.84765625 0.0703125 0.125 0.125
2 0.84765625 0.15625 0.125 0.125
2 0.86328125 0.2890625 0.125 0.125
1 0.85546875 0.3515625 0.125 0.125
1 0.85546875 0.484375 0.125 0.125
1 0.87890625 0.2265625 0.125 0.125
1 0.56640625 0.24609375 0.125 0.125
1 0.578125 0.4453125 0.125 0.125
4 0.43359375 0.6953125 0.125 0.125
3 0.1484375 0.63671875 0.125 0.125
3 0.4140625 0.7734375 0.125 0.125
3 0.44140625 0.5703125 0.125 0.125
3 0.44140625 0.63671875 0.125 0.125
3 0.44921875 0.51171875 0.125 0.125
3 0.0 0.625 0.125 0.125
2 0.1328125 0.56640625 0.125 0.125
2 0.15625 0.97265625 0.125 0.125
2 0.4296875 0.9140625 0.125 0.125
1 0.14453125 0.76953125 0.125 0.125
1 0.15234375 0.83984375 0.125 0.125
1 0.15625 0.703125 0.125 0.125
3 0.56640625 0.8515625 0.125 0.125
3 0.57421875 0.984375 0.125 0.125
3 0.58203125 0.6484375 0.125 0.125
2 0.578125 0.78125 0.125 0.125
2 0.8359375 0.8984375 0.125 0.125
2 0.86328125 0.75 0.125 0.125
1 0.86328125 0.625 0.125 0.125
