4 0.24609375 0.33203125 0.125 0.125
2 0.390625 0.3359375 0.125 0.125
1 0.45703125 0.3359375 0.125 0.125
3 0.5234375 0.3359375 0.125 0.125
3 0.19140625 0.8125 0.125 0.125
3 0.3359375 0.68359375 0.125 0.125
3 0.3359375 0.8203125 0.125 0.125
3 0.0625 0.81640625 0.125 0.125
3 0.19140625 0.66015625 0.125 0.125
2 0.125 0.8203125 0.125 0.125
4 0.625 0.578125 0.125 0.125
3 0.62109375 0.6484375 0.125 0.125
3 0.65234375 0.79296875 0.125 0.125
3 0.65234375 0.84375 0.125 0.125
1 0.796875 0.9375 0.125 0.125
