3 0.32421875 0.125 0.125 0.125
3 0.3984375 0.140625 0.125 0.125
3 0.125 0.1484375 0.125 0.125
1 0.0546875 0.26171875 0.125 0.125
1 0.05859375 0.13671875 0.125 0.125
1 0.125 0.2734375 0.125 0.125
1 0.18359375 0.13671875 0.125 0.125
1 0.1875 0.26953125 0.125 0.125
1 0.265625 0.13671875 0.125 0.125
1 0.265625 0.28515625 0.125 0.125
1 0.32421875 0.2734375 0.125 0.125
1 0.39453125 0.27734375 0.125 0.125
1 0.46875 0.12890625 0.125 0.125
3 0.7734375 0.30859375 0.125 0.125
2 0.7734375 0.41015625 0.125 0.125
1 0.78125 0.2421875 0.125 0.125
1 0.8515625 0.0625 0.125 0.125
3 0.12890625 0.609375 0.125 0.125
2 0.390625 0.6015625 0.125 0.125
1 0.06640625 0.6171875 0.125 0.125
1 0.1875 0.60546875 0.125 0.125
1 0.33203125 0.59765625 0.125 0.125
3 0.51953125 0.58984375 0.125 0.125
3 0.5859375 0.59765625 0.125 0.125
1 0.66015625 0.609375 0.125 0.125
