4 0.4765625 0.0625 0.125 0.125
3 0.36328125 0.37109375 0.125 0.125
3 0.375 0.1328125 0.125 0.125
3 0.390625 0.19140625 0.125 0.125
3 0.4765625 0.2109375 0.125 0.125
3 0.484375 0.296875 0.125 0.125
3 0.49609375 0.44921875 0.125 0.125
1 0.34375 0.47265625 0.125 0.125
1 0.3671875 0.296875 0.125 0.125
1 0.37890625 0.0546875 0.125 0.125
1 0.4921875 0.12890625 0.125 0.125
3 0.5078125 0.36328125 0.125 0.125
3 0.74609375 0.48046875 0.125 0.125
1 0.7578125 0.29296875 0.125 0.125
1 0.91796875 0.421875 0.125 0.125
3 0.3515625 0.6171875 0.125 0.125
3 0.359375 0.68359375 0.125 0.125
3 0.36328125 0.8515625 0.125 0.125
3 0.46875 0.9296875 0.125 0.125
3 0.47265625 0.77734375 0.125 0.125
3 0.47265625 0.8515625 0.125 0.125
3 0.4765625 0.61328125 0.125 0.125
1 0.34765625 0.92578125 0.125 0.125
1 0.37109375 0.76171875 0.125 0.125
1 0.3828125 0.5234375 0.125 0.125
1 0.48828125 0.69140625 0.125 0.125
4 0.75 0.859375 0.125 0.125
1 0.5 0.52734375 0.125 0.125
1 0.73828125 0.5390625 0.125 0.125
1 0.75390625 0.60546875 0.125 0.125
1 0.7578125 0.7421875 0.125 0.125
1 0.8984375 0.5 0.125 0.125
1 0.9140625 0.78515625 0.125 0.125
