1 0.10546875 0.43359375 0.125 0.125
1 0.234375 0.08203125 0.125 0.125
1 0.23828125 0.28125 0.125 0.125
1 0.42578125 0.25390625 0.125 0.125
1 0.6484375 0.20703125 0.125 0.125
1 0.72265625 0.2265625 0.125 0.125
1 0.796875 0.18359375 0.125 0.125
3 0.06640625 0.59375 0.125 0.125
3 0.37109375 0.72265625 0.125 0.125
3 0.62109375 0.69140625 0.125 0.125
3 0.6328125 0.58984375 0.125 0.125
3 0.73046875 0.5703125 0.125 0.125
1 0.7421875 0.66015625 0.125 0.125
1 0.76171875 0.75390625 0.125 0.125
1 0.76953125 0.8671875 0.125 0.125
