3 0.1953125 0.26953125 0.125 0.125
1 0.30859375 0.265625 0.125 0.125
1 0.37890625 0.12109375 0.125 0.125
1 0.44140625 0.28125 0.125 0.125
1 0.453125 0.1171875 0.125 0.125
4 0.7890625 0.12890625 0.125 0.125
3 0.66015625 0.28125 0.125 0.125
3 0.7890625 0.2734375 0.125 0.125
3 0.85546875 0.12890625 0.125 0.125
2 0.9296875 0.13671875 0.125 0.125
1 0.52734375 0.28125 0.125 0.125
1 0.5859375 0.1328125 0.125 0.125
1 0.59375 0.28125 0.125 0.125
1 0.71875 0.125 0.125 0.125
1 0.71875 0.26171875 0.125 0.125
1 0.8515625 0.2578125 0.125 0.125
1 0.921875 0.2734375 0.125 0.125
1 0.98046875 0.26171875 0.125 0.125
3 0.12109375 0.59375 0.125 0.125
1 0.2421875 0.59375 0.125 0.125
1 0.38671875 0.5859375 0.125 0.125
1 0.0546875 0.59375 0.125 0.125
4 0.578125 0.6015625 0.125 0.125
3 0.9921875 0.6015625 0.125 0.125
1 0.51953125 0.6015625 0.125 0.125
1 0.72265625 0.6015625 0.125 0.125
1 0.85546875 0.59765625 0.125 0.125
1 0.921875 0.6015625 0.125 0.125
