4 0.00390625 0.421875 0.125 0.125
1 0.48046875 0.453125 0.125 0.125
3 0.5625 0.45703125 0.125 0.125
3 0.6328125 0.4375 0.125 0.125
1 0.70703125 0.44921875 0.125 0.125
1 0.203125 0.64453125 0.125 0.125
1 0.40625 0.66015625 0.125 0.125
1 0.4765625 0.6640625 0.125 0.125
3 0.828125 0.6640625 0.125 0.125
3 0.97265625 0.65625 0.125 0.125
3 0.54296875 0.671875 0.125 0.125
3 0.76171875 0.6640625 0.125 0.125
1 0.61328125 0.65234375 0.125 0.125
1 0.68359375 0.6484375 0.125 0.125
1 0.8984375 0.6640625 0.125 0.125
