4 0.05859375 0.26953125 0.125 0.125
4 0.2265625 0.296875 0.125 0.125
3 0.15234375 0.015625 0.125 0.125
1 0.17578125 0.33984375 0.125 0.125
1 0.26171875 0.2109375 0.125 0.125
4 0.5625 0.03515625 0.125 0.125
3 0.640625 0.15625 0.125 0.125
3 0.68359375 0.015625 0.125 0.125
3 0.71875 0.1640625 0.125 0.125
3 0.7890625 0.12109375 0.125 0.125
3 0.796875 0.23046875 0.125 0.125
3 0.83203125 0.0 0.125 0.125
3 0.859375 0.1328125 0.125 0.125
3 0.91796875 0.0 0.125 0.125
3 0.9296875 0.13671875 0.125 0.125
2 0.73828125 0.30859375 0.125 0.125
1 0.515625 0.4921875 0.125 0.125
4 0.328125 0.65234375 0.125 0.125
4 0.38671875 0.66796875 0.125 0.125
3 0.00390625 0.64453125 0.125 0.125
3 0.0703125 0.625 0.125 0.125
3 0.1953125 0.6015625 0.125 0.125
3 0.33203125 0.5078125 0.125 0.125
4 0.6171875 0.51953125 0.125 0.125
2 0.71875 0.66015625 0.125 0.125
2 0.97265625 0.7265625 0.125 0.125
1 0.62109375 0.6640625 0.125 0.125
1 0.66796875 0.546875 0.125 0.125
