3 0.09375 0.046875 0.125 0.125
3 0.2265625 0.03515625 0.125 0.125
3 0.4453125 0.05078125 0.125 0.125
3 0.49609375 0.27734375 0.125 0.125
1 0.01953125 0.03515625 0.125 0.125
1 0.1640625 0.03515625 0.125 0.125
1 0.30078125 0.046875 0.125 0.125
1 0.375 0.05078125 0.125 0.125
3 0.578125 0.04296875 0.125 0.125
3 0.72265625 0.02734375 0.125 0.125
3 0.79296875 0.04296875 0.125 0.125
3 0.875 0.04296875 0.125 0.125
2 0.8828125 0.2890625 0.125 0.125
1 0.5078125 0.04296875 0.125 0.125
1 0.65234375 0.2578125 0.125 0.125
1 0.72265625 0.27734375 0.125 0.125
1 0.4375 0.62109375 0.125 0.125
3 0.8671875 0.62109375 0.125 0.125
2 0.58203125 0.63671875 0.125 0.125
2 0.71875 0.6171875 0.125 0.125
