4 0.39453125 0.375 0.125 0.125
3 0.0546875 0.015625 0.125 0.125
3 0.39453125 0.16015625 0.125 0.125
3 0.40234375 0.453125 0.125 0.125
1 0.39453125 0.0859375 0.125 0.125
4 0.5234375 0.37109375 0.125 0.125
3 0.53515625 0.0234375 0.125 0.125
3 0.64453125 0.21484375 0.125 0.125
3 0.67578125 0.3125 0.125 0.125
3 0.6796875 0.4296875 0.125 0.125
3 0.69921875 0.09375 0.125 0.125
3 0.69921875 0.3671875 0.125 0.125
3 0.7109375 0.03515625 0.125 0.125
3 0.75 0.2265625 0.125 0.125
3 0.81640625 0.32421875 0.125 0.125
1 0.515625 0.4453125 0.125 0.125
1 0.828125 0.46875 0.125 0.125
4 0.0390625 0.78125 0.125 0.125
4 0.08203125 0.8984375 0.125 0.125
3 0.1328125 0.7890625 0.125 0.125
3 0.2109375 0.95703125 0.125 0.125
3 0.2578125 0.8046875 0.125 0.125
3 0.37109375 0.7734375 0.125 0.125
3 0.37890625 0.578125 0.125 0.125
3 0.37890625 0.63671875 0.125 0.125
3 0.3828125 0.84375 0.125 0.125
3 0.39453125 0.71484375 0.125 0.125
3 0.40625 0.5078125 0.125 0.125
1 0.1484375 0.8828125 0.125 0.125
4 0.515625 0.83984375 0.125 0.125
4 0.5234375 0.765625 0.125 0.125
4 0.6796875 0.91015625 0.125 0.125
4 0.6875 0.6328125 0.125 0.125
4 0.796875 0.625 0.125 0.125
3 0.53515625 0.640625 0.125 0.125
3 0.5390625 0.88671875 0.125 0.125
3 0.5390625 0.9765625 0.125 0.125
3 0.55078125 0.50390625 0.125 0.125
3 0.67578125 0.83984375 0.125 0.125
3 0.67578125 0.96484375 0.125 0.125
3 0.6796875 0.69921875 0.125 0.125
3 0.68359375 0.5078125 0.125 0.125
3 0.69921875 0.77734375 0.125 0.125
3 0.80078125 0.7890625 0.125 0.125
3 0.86328125 0.94140625 0.125 0.125
3 0.8671875 0.78125 0.125 0.125
3 0.9765625 0.609375 0.125 0.125
3 0.984375 0.765625 0.125 0.125
