3 0.12109375 0.328125 0.125 0.125
3 0.3359375 0.33203125 0.125 0.125
1 0.18359375 0.328125 0.125 0.125
1 0.265625 0.33203125 0.125 0.125
1 0.3984375 0.32421875 0.125 0.125
1 0.46484375 0.328125 0.125 0.125
4 0.80078125 0.328125 0.125 0.125
3 0.5234375 0.3359375 0.125 0.125
3 0.7265625 0.32421875 0.125 0.125
1 0.59375 0.3359375 0.125 0.125
1 0.6640625 0.30859375 0.125 0.125
4 0.39453125 0.66796875 0.125 0.125
3 0.05859375 0.6796875 0.125 0.125
3 0.1171875 0.82421875 0.125 0.125
3 0.1875 0.69140625 0.125 0.125
3 0.3984375 0.82421875 0.125 0.125
3 0.45703125 0.83203125 0.125 0.125
1 0.04296875 0.81640625 0.125 0.125
1 0.25 0.71875 0.125 0.125
1 0.32421875 0.69140625 0.125 0.125
3 0.51953125 0.83984375 0.125 0.125
3 0.65625 0.84765625 0.125 0.125
3 0.796875 0.8359375 0.125 0.125
2 0.73046875 0.8515625 0.125 0.125
1 0.5859375 0.6796875 0.125 0.125
1 0.5859375 0.83984375 0.125 0.125
1 0.66015625 0.68359375 0.125 0.125
1 0.734375 0.703125 0.125 0.125
