4 0.0625 0.03515625 0.125 0.125
3 0.140625 0.15625 0.125 0.125
3 0.18359375 0.015625 0.125 0.125
3 0.21875 0.1640625 0.125 0.125
3 0.2890625 0.12109375 0.125 0.125
3 0.296875 0.23046875 0.125 0.125
3 0.33203125 0.0 0.125 0.125
3 0.359375 0.1328125 0.125 0.125
3 0.41796875 0.0 0.125 0.125
3 0.4296875 0.13671875 0.125 0.125
2 0.23828125 0.30859375 0.125 0.125
1 0.015625 0.4921875 0.125 0.125
3 0.5078125 0.12109375 0.125 0.125
3 0.62109375 0.08984375 0.125 0.125
3 0.6953125 0.33984375 0.125 0.125
4 0.1171875 0.51953125 0.125 0.125
2 0.21875 0.66015625 0.125 0.125
2 0.47265625 0.7265625 0.125 0.125
1 0.12109375 0.6640625 0.125 0.125
1 0.16796875 0.546875 0.125 0.125
4 0.55078125 0.58984375 0.125 0.125
3 0.5234375 0.56640625 0.125 0.125
3 0.6015625 0.6328125 0.125 0.125
3 0.73046875 0.6875 0.125 0.125
3 0.7734375 0.52734375 0.125 0.125
