4 0.0234375 0.015625 0.125 0.125
3 0.18359375 0.30078125 0.125 0.125
3 0.265625 0.31640625 0.125 0.125
3 0.48046875 0.3046875 0.125 0.125
2 0.11328125 0.015625 0.125 0.125
2 0.22265625 0.0234375 0.125 0.125
2 0.40625 0.01171875 0.125 0.125
1 0.078125 0.30078125 0.125 0.125
1 0.3671875 0.30859375 0.125 0.125
4 0.10546875 0.65625 0.125 0.125
4 0.1796875 0.62890625 0.125 0.125
3 0.28125 0.6328125 0.125 0.125
3 0.37109375 0.640625 0.125 0.125
3 0.46875 0.64453125 0.125 0.125
4 0.5859375 0.65625 0.125 0.125
4 0.65625 0.640625 0.125 0.125
3 0.765625 0.64453125 0.125 0.125
1 0.8671875 0.63671875 0.125 0.125
