4 0.22265625 0.3359375 0.125 0.125
1 0.09375 0.33984375 0.125 0.125
4 0.99609375 0.46875 0.125 0.125
3 0.85546875 0.0859375 0.125 0.125
3 0.859375 0.16796875 0.125 0.125
3 0.87109375 0.0 0.125 0.125
3 0.97265625 0.08984375 0.125 0.125
3 0.9765625 0.171875 0.125 0.125
3 0.98046875 0.24609375 0.125 0.125
3 0.9921875 0.39453125 0.125 0.125
1 0.8671875 0.24609375 0.125 0.125
1 0.87890625 0.3125 0.125 0.125
1 0.98828125 0.3203125 0.125 0.125
4 0.9765625 0.5625 0.125 0.125
3 0.86328125 0.87109375 0.125 0.125
3 0.875 0.6328125 0.125 0.125
3 0.890625 0.69140625 0.125 0.125
3 0.9765625 0.7109375 0.125 0.125
3 0.984375 0.796875 0.125 0.125
3 0.99609375 0.94921875 0.125 0.125
1 0.84375 0.97265625 0.125 0.125
1 0.8671875 0.796875 0.125 0.125
1 0.87890625 0.5546875 0.125 0.125
1 0.9921875 0.62890625 0.125 0.125
