3 0.1953125 0.16796875 0.125 0.125
3 0.48046875 0.453125 0.125 0.125
2 0.01171875 0.41796875 0.125 0.125
2 0.21875 0.4453125 0.125 0.125
1 0.00390625 0.0546875 0.125 0.125
1 0.1796875 0.328125 0.125 0.125
1 0.796875 0.49609375 0.125 0.125
4 0.13671875 0.8046875 0.125 0.125
4 0.31640625 0.9921875 0.125 0.125
4 0.34375 0.90234375 0.125 0.125
2 0.0703125 0.55859375 0.125 0.125
2 0.1171875 0.734375 0.125 0.125
2 0.16796875 0.8671875 0.125 0.125
2 0.19140625 0.57421875 0.125 0.125
2 0.26171875 0.52734375 0.125 0.125
2 0.3046875 0.7734375 0.125 0.125
2 0.36328125 0.51171875 0.125 0.125
1 0.0 0.921875 0.125 0.125
1 0.0234375 0.99609375 0.125 0.125
1 0.09765625 0.63671875 0.125 0.125
1 0.171875 0.953125 0.125 0.125
1 0.3046875 0.83984375 0.125 0.125
3 0.99609375 0.91015625 0.125 0.125
2 0.90234375 0.90625 0.125 0.125
2 0.9453125 0.65625 0.125 0.125
