3 0.34375 0.4765625 0.125 0.125
3 0.42578125 0.48046875 0.125 0.125
2 0.3671875 0.03125 0.125 0.125
1 0.1484375 0.49609375 0.125 0.125
4 0.9921875 0.046875 0.125 0.125
3 0.5625 0.49609375 0.125 0.125
3 0.8359375 0.49609375 0.125 0.125
2 0.796875 0.046875 0.125 0.125
1 0.72265625 0.3515625 0.125 0.125
1 0.86328125 0.3359375 0.125 0.125
1 0.984375 0.3515625 0.125 0.125
1 0.9921875 0.49609375 0.125 0.125
1 0.578125 0.05078125 0.125 0.125
3 0.0625 0.91796875 0.125 0.125
3 0.125 0.78125 0.125 0.125
3 0.125 0.91796875 0.125 0.125
3 0.41015625 0.91015625 0.125 0.125
3 0.41796875 0.77734375 0.125 0.125
3 0.48046875 0.796875 0.125 0.125
2 0.19140625 0.78515625 0.125 0.125
2 0.2734375 0.50390625 0.125 0.125
1 0.1953125 0.9140625 0.125 0.125
1 0.265625 0.7734375 0.125 0.125
1 0.33984375 0.90234375 0.125 0.125
3 0.55078125 0.7890625 0.125 0.125
3 0.55078125 0.93359375 0.125 0.125
3 0.62109375 0.9375 0.125 0.125
3 0.62890625 0.796875 0.125 0.125
3 0.6953125 0.5 0.125 0.125
3 0.6953125 0.796875 0.125 0.125
3 0.76953125 0.81640625 0.125 0.125
3 0.83984375 0.828125 0.125 0.125
3 0.91015625 0.828125 0.125 0.125
3 0.98046875 0.9765625 0.125 0.125
3 0.98828125 0.8359375 0.125 0.125
1 0.6953125 0.93359375 0.125 0.125
1 0.765625 0.94140625 0.125 0.125
1 0.83984375 0.95703125 0.125 0.125
1 0.91015625 0.95703125 0.125 0.125
