3 0.16015625 0.35546875 0.125 0.125
3 0.171875 0.49609375 0.125 0.125
4 0.09375 0.48046875 0.125 0.125
4 0.12890625 0.25390625 0.125 0.125
1 0.01953125 0.37109375 0.125 0.125
1 0.13671875 0.1640625 0.125 0.125
1 0.453125 0.1875 0.125 0.125
1 0.46875 0.01953125 0.125 0.125
3 0.5078125 0.40234375 0.125 0.125
3 0.51171875 0.09765625 0.125 0.125
3 0.84375 0.1640625 0.125 0.125
4 0.51953125 0.328125 0.125 0.125
2 0.65234375 0.01171875 0.125 0.125
2 0.76171875 0.078125 0.125 0.125
3 0.0078125 0.98828125 0.125 0.125
3 0.125 0.79296875 0.125 0.125
3 0.125 0.96484375 0.125 0.125
3 0.15625 0.85546875 0.125 0.125
3 0.1640625 0.65234375 0.125 0.125
3 0.3671875 0.7578125 0.125 0.125
3 0.46875 0.90625 0.125 0.125
3 0.47265625 0.56640625 0.125 0.125
2 0.02734375 0.82421875 0.125 0.125
1 0.0078125 0.57421875 0.125 0.125
1 0.0703125 0.6796875 0.125 0.125
1 0.171875 0.73046875 0.125 0.125
1 0.40234375 0.63671875 0.125 0.125
3 0.51171875 0.80859375 0.125 0.125
3 0.515625 0.51171875 0.125 0.125
3 0.52734375 0.9609375 0.125 0.125
