3 0.47265625 0.18359375 0.125 0.125
3 0.47265625 0.2578125 0.125 0.125
2 0.4609375 0.3125 0.125 0.125
1 0.3125 0.3203125 0.125 0.125
1 0.33203125 0.11328125 0.125 0.125
1 0.46484375 0.39453125 0.125 0.125
3 0.8359375 0.32421875 0.125 0.125
3 0.8359375 0.46875 0.125 0.125
3 0.98046875 0.47265625 0.125 0.125
1 0.83203125 0.18359375 0.125 0.125
3 0.296875 0.9609375 0.125 0.125
3 0.30859375 0.8203125 0.125 0.125
3 0.45703125 0.96484375 0.125 0.125
3 0.4609375 0.81640625 0.125 0.125
1 0.44921875 0.8984375 0.125 0.125
3 0.8125 0.53515625 0.125 0.125
3 0.8125 0.828125 0.125 0.125
3 0.9765625 0.921875 0.125 0.125
3 0.98046875 0.99609375 0.125 0.125
3 0.98828125 0.57421875 0.125 0.125
3 0.98828125 0.703125 0.125 0.125
1 0.8203125 0.76171875 0.125 0.125
1 0.828125 0.96875 0.125 0.125
1 0.98828125 0.84765625 0.125 0.125
