3 0.0390625 0.23046875 0.125 0.125
3 0.1171875 0.21875 0.125 0.125
3 0.32421875 0.203125 0.125 0.125
3 0.41015625 0.21484375 0.125 0.125
1 0.1875 0.203125 0.125 0.125
1 0.265625 0.22265625 0.125 0.125
1 0.37109375 0.04296875 0.125 0.125
3 0.640625 0.21484375 0.125 0.125
3 0.69921875 0.22265625 0.125 0.125
1 0.9921875 0.41015625 0.125 0.125
1 0.99609375 0.265625 0.125 0.125
3 0.0 0.5078125 0.125 0.125
3 0.00390625 0.79296875 0.125 0.125
3 0.0078125 0.65625 0.125 0.125
3 0.01953125 0.859375 0.125 0.125
3 0.3359375 0.88671875 0.125 0.125
3 0.34375 0.73828125 0.125 0.125
3 0.41796875 0.7421875 0.125 0.125
2 0.40625 0.8984375 0.125 0.125
1 0.4921875 0.734375 0.125 0.125
1 0.49609375 0.8984375 0.125 0.125
4 0.57421875 0.73046875 0.125 0.125
4 0.765625 0.88671875 0.125 0.125
4 0.78125 0.74609375 0.125 0.125
3 0.9921875 0.73828125 0.125 0.125
3 0.5625 0.91796875 0.125 0.125
3 0.625 0.87109375 0.125 0.125
3 0.703125 0.75390625 0.125 0.125
3 0.70703125 0.90625 0.125 0.125
3 0.91796875 0.890625 0.125 0.125
2 0.83984375 0.7265625 0.125 0.125
1 0.640625 0.734375 0.125 0.125
1 0.84765625 0.91015625 0.125 0.125
1 0.90625 0.74609375 0.125 0.125
1 0.9921875 0.89453125 0.125 0.125
