3 0.39453125 0.2890625 0.125 0.125
1 0.46875 0.28125 0.125 0.125
4 0.7109375 0.29296875 0.125 0.125
3 0.54296875 0.2734375 0.125 0.125
3 0.26953125 0.609375 0.125 0.125
1 0.26953125 0.546875 0.125 0.125
3 0.55859375 0.6328125 0.125 0.125
3 0.55859375 0.6953125 0.125 0.125
3 0.56640625 0.84375 0.125 0.125
3 0.69140625 0.546875 0.125 0.125
3 0.70703125 0.6171875 0.125 0.125
3 0.7109375 0.91015625 0.125 0.125
3 0.71875 0.68359375 0.125 0.125
1 0.55078125 0.546875 0.125 0.125
1 0.55078125 0.96875 0.125 0.125
1 0.99609375 0.9609375 0.125 0.125
