1 0.37890625 0.4921875 0.125 0.125
3 0.50390625 0.359375 0.125 0.125
3 0.609375 0.484375 0.125 0.125
3 0.6171875 0.20703125 0.125 0.125
3 0.71484375 0.35546875 0.125 0.125
3 0.80078125 0.26171875 0.125 0.125
3 0.12890625 0.8828125 0.125 0.125
3 0.203125 0.75390625 0.125 0.125
3 0.29296875 0.6328125 0.125 0.125
3 0.45703125 0.859375 0.125 0.125
3 0.48828125 0.93359375 0.125 0.125
3 0.4921875 0.70703125 0.125 0.125
1 0.0859375 0.765625 0.125 0.125
1 0.46875 0.78515625 0.125 0.125
3 0.83984375 0.66796875 0.125 0.125
3 0.83984375 0.875 0.125 0.125
3 0.84375 0.80859375 0.125 0.125
3 0.96484375 0.67578125 0.125 0.125
3 0.96875 0.734375 0.125 0.125
3 0.98046875 0.8046875 0.125 0.125
2 0.83984375 0.953125 0.125 0.125
1 0.8125 0.7265625 0.125 0.125
1 0.93359375 0.51171875 0.125 0.125
1 0.953125 0.58984375 0.125 0.125
1 0.96484375 0.94921875 0.125 0.125
1 0.98046875 0.88671875 0.125 0.125
