3 0.17578125 0.2109375 0.125 0.125
3 0.1796875 0.27734375 0.125 0.125
3 0.4609375 0.3203125 0.125 0.125
3 0.48046875 0.0390625 0.125 0.125
1 0.0390625 0.171875 0.125 0.125
1 0.04296875 0.23046875 0.125 0.125
1 0.05078125 0.015625 0.125 0.125
1 0.05078125 0.3046875 0.125 0.125
1 0.05859375 0.375 0.125 0.125
1 0.0625 0.08984375 0.125 0.125
1 0.19140625 0.3515625 0.125 0.125
1 0.203125 0.05078125 0.125 0.125
1 0.203125 0.42578125 0.125 0.125
1 0.44140625 0.46484375 0.125 0.125
1 0.44921875 0.16796875 0.125 0.125
1 0.46484375 0.11328125 0.125 0.125
3 0.4609375 0.6875 0.125 0.125
2 0.40234375 0.76171875 0.125 0.125
1 0.15625 0.578125 0.125 0.125
1 0.4453125 0.61328125 0.125 0.125
1 0.46875 0.53515625 0.125 0.125
