3 0.08203125 0.45703125 0.125 0.125
3 0.33984375 0.43359375 0.125 0.125
1 0.33984375 0.23046875 0.125 0.125
1 0.33984375 0.36328125 0.125 0.125
1 0.34765625 0.078125 0.125 0.125
1 0.3515625 0.1484375 0.125 0.125
4 0.34765625 0.5859375 0.125 0.125
1 0.109375 0.5859375 0.125 0.125
1 0.1171875 0.515625 0.125 0.125
1 0.3359375 0.51171875 0.125 0.125
1 0.34765625 0.72265625 0.125 0.125
1 0.359375 0.66015625 0.125 0.125
1 0.87109375 0.71875 0.125 0.125
1 0.875 0.8671875 0.125 0.125
1 0.87890625 0.79296875 0.125 0.125
