3 0.4765625 0.38671875 0.125 0.125
2 0.1015625 0.12109375 0.125 0.125
1 0.09375 0.453125 0.125 0.125
1 0.12109375 0.3828125 0.125 0.125
1 0.12890625 0.24609375 0.125 0.125
1 0.48828125 0.26171875 0.125 0.125
4 0.9921875 0.32421875 0.125 0.125
4 0.1171875 0.71484375 0.125 0.125
3 0.09765625 0.93359375 0.125 0.125
3 0.10546875 0.58203125 0.125 0.125
3 0.1171875 0.65234375 0.125 0.125
3 0.1171875 0.79296875 0.125 0.125
3 0.12109375 0.85546875 0.125 0.125
3 0.12890625 0.5234375 0.125 0.125
3 0.484375 0.5234375 0.125 0.125
3 0.49609375 0.6640625 0.125 0.125
1 0.484375 0.84765625 0.125 0.125
1 0.48828125 0.796875 0.125 0.125
1 0.4921875 0.73046875 0.125 0.125
1 0.49609375 0.93359375 0.125 0.125
3 0.61328125 0.85546875 0.125 0.125
3 0.97265625 0.953125 0.125 0.125
3 0.9765625 0.79296875 0.125 0.125
1 0.62890625 0.94921875 0.125 0.125
1 0.64453125 0.7265625 0.125 0.125
1 0.97265625 0.8671875 0.125 0.125
