4 0.1015625 0.31640625 0.125 0.125
3 0.1015625 0.24609375 0.125 0.125
3 0.10546875 0.4609375 0.125 0.125
3 0.44921875 0.2734375 0.125 0.125
1 0.46484375 0.41796875 0.125 0.125
1 0.4765625 0.34375 0.125 0.125
3 0.60546875 0.1953125 0.125 0.125
3 0.609375 0.41796875 0.125 0.125
1 0.6015625 0.48046875 0.125 0.125
1 0.62109375 0.26953125 0.125 0.125
3 0.11328125 0.57421875 0.125 0.125
3 0.12890625 0.7265625 0.125 0.125
3 0.4765625 0.6328125 0.125 0.125
3 0.4765625 0.91796875 0.125 0.125
3 0.6171875 0.63671875 0.125 0.125
2 0.6171875 0.7734375 0.125 0.125
1 0.60546875 0.84765625 0.125 0.125
