3 0.06640625 0.44921875 0.125 0.125
3 0.14453125 0.07421875 0.125 0.125
3 0.14453125 0.43359375 0.125 0.125
1 0.00390625 0.4375 0.125 0.125
1 0.05859375 0.06640625 0.125 0.125
3 0.59375 0.4453125 0.125 0.125
3 0.6796875 0.4453125 0.125 0.125
3 0.74609375 0.4453125 0.125 0.125
3 0.82421875 0.09765625 0.125 0.125
3 0.828125 0.4609375 0.125 0.125
3 0.89453125 0.10546875 0.125 0.125
3 0.89453125 0.44140625 0.125 0.125
3 0.95703125 0.453125 0.125 0.125
2 0.75 0.08203125 0.125 0.125
2 0.97265625 0.09765625 0.125 0.125
1 0.68359375 0.08203125 0.125 0.125
1 0.60546875 0.0859375 0.125 0.125
2 0.13671875 0.65234375 0.125 0.125
3 0.60546875 0.6640625 0.125 0.125
3 0.8125 0.671875 0.125 0.125
3 0.890625 0.66015625 0.125 0.125
3 0.9609375 0.6640625 0.125 0.125
1 0.671875 0.65625 0.125 0.125
1 0.7421875 0.66015625 0.125 0.125
