3 0.3984375 0.30078125 0.125 0.125
3 0.46484375 0.3046875 0.125 0.125
1 0.296875 0.19140625 0.125 0.125
1 0.3125 0.30078125 0.125 0.125
1 0.48046875 0.1875 0.125 0.125
4 0.828125 0.3125 0.125 0.125
3 0.53125 0.3125 0.125 0.125
3 0.6015625 0.3125 0.125 0.125
3 0.6796875 0.30078125 0.125 0.125
3 0.859375 0.16796875 0.125 0.125
2 0.91796875 0.17578125 0.125 0.125
1 0.64453125 0.18359375 0.125 0.125
1 0.75 0.3125 0.125 0.125
1 0.79296875 0.16015625 0.125 0.125
1 0.88671875 0.30078125 0.125 0.125
1 0.953125 0.30078125 0.125 0.125
