3 0.12109375 0.12890625 0.125 0.125
3 0.3984375 0.3125 0.125 0.125
3 0.47265625 0.296875 0.125 0.125
3 0.484375 0.15625 0.125 0.125
1 0.26953125 0.1484375 0.125 0.125
1 0.33984375 0.15625 0.125 0.125
3 0.62109375 0.296875 0.125 0.125
1 0.5390625 0.296875 0.125 0.125
1 0.62109375 0.1484375 0.125 0.125
3 0.04296875 0.8046875 0.125 0.125
3 0.046875 0.66015625 0.125 0.125
3 0.11328125 0.66796875 0.125 0.125
3 0.1875 0.80859375 0.125 0.125
3 0.37109375 0.5 0.125 0.125
3 0.40625 0.66015625 0.125 0.125
3 0.40625 0.8125 0.125 0.125
3 0.47265625 0.6796875 0.125 0.125
1 0.11328125 0.8046875 0.125 0.125
1 0.1953125 0.6640625 0.125 0.125
1 0.26171875 0.80078125 0.125 0.125
1 0.33203125 0.7890625 0.125 0.125
1 0.47265625 0.81640625 0.125 0.125
4 0.62109375 0.80078125 0.125 0.125
3 0.69140625 0.67578125 0.125 0.125
2 0.55078125 0.796875 0.125 0.125
1 0.5390625 0.66015625 0.125 0.125
1 0.6171875 0.67578125 0.125 0.125
