3 0.41015625 0.39453125 0.125 0.125
3 0.0 0.3828125 0.125 0.125
1 0.1953125 0.390625 0.125 0.125
4 0.69921875 0.37109375 0.125 0.125
4 0.80859375 0.3828125 0.125 0.125
3 0.5078125 0.3828125 0.125 0.125
3 0.609375 0.40234375 0.125 0.125
3 0.9140625 0.40234375 0.125 0.125
3 0.45703125 0.87890625 0.125 0.125
1 0.08984375 0.66015625 0.125 0.125
1 0.28125 0.88671875 0.125 0.125
1 0.421875 0.58984375 0.125 0.125
3 0.796875 0.88671875 0.125 0.125
3 0.96484375 0.77734375 0.125 0.125
3 0.97265625 0.89453125 0.125 0.125
1 0.5234375 0.6796875 0.125 0.125
1 0.6171875 0.8828125 0.125 0.125
