4 0.44921875 0.41796875 0.125 0.125
2 0.1171875 0.078125 0.125 0.125
2 0.171875 0.0546875 0.125 0.125
2 0.203125 0.21484375 0.125 0.125
2 0.2265625 0.0078125 0.125 0.125
2 0.37109375 0.09375 0.125 0.125
2 0.41015625 0.46875 0.125 0.125
1 0.2578125 0.16796875 0.125 0.125
1 0.31640625 0.34765625 0.125 0.125
1 0.3203125 0.1328125 0.125 0.125
1 0.37109375 0.30078125 0.125 0.125
1 0.421875 0.0390625 0.125 0.125
1 0.4296875 0.26953125 0.125 0.125
1 0.4765625 0.0 0.125 0.125
1 0.48046875 0.234375 0.125 0.125
4 0.87109375 0.3671875 0.125 0.125
2 0.51953125 0.40234375 0.125 0.125
1 0.53515625 0.19140625 0.125 0.125
1 0.56640625 0.36328125 0.125 0.125
1 0.59375 0.15234375 0.125 0.125
1 0.61328125 0.32421875 0.125 0.125
1 0.64453125 0.11328125 0.125 0.125
1 0.671875 0.296875 0.125 0.125
1 0.6953125 0.06640625 0.125 0.125
1 0.70703125 0.48828125 0.125 0.125
1 0.7265625 0.25 0.125 0.125
1 0.75390625 0.45703125 0.125 0.125
1 0.7578125 0.0390625 0.125 0.125
1 0.78125 0.21875 0.125 0.125
1 0.8203125 0.40234375 0.125 0.125
1 0.83203125 0.17578125 0.125 0.125
1 0.94921875 0.33984375 0.125 0.125
1 0.54296875 0.60546875 0.125 0.125
1 0.59765625 0.56640625 0.125 0.125
1 0.65234375 0.52734375 0.125 0.125
1 0.69140625 0.69140625 0.125 0.125
1 0.75 0.65234375 0.125 0.125
1 0.7890625 0.84765625 0.125 0.125
1 0.8125 0.6171875 0.125 0.125
1 0.84375 0.80859375 0.125 0.125
1 0.86328125 0.578125 0.125 0.125
1 0.8671875 0.96875 0.125 0.125
1 0.90234375 0.76953125 0.125 0.125
1 0.9140625 0.54296875 0.125 0.125
1 0.93359375 0.93359375 0.125 0.125
1 0.95703125 0.73828125 0.125 0.125
1 0.96875 0.50390625 0.125 0.125
1 0.98828125 0.8984375 0.125 0.125
