3 0.03515625 0.15234375 0.125 0.125
3 0.33203125 0.4375 0.125 0.125
1 0.3515625 0.3125 0.125 0.125
4 0.66796875 0.44140625 0.125 0.125
3 0.82421875 0.12109375 0.125 0.125
3 0.828125 0.359375 0.125 0.125
3 0.89453125 0.11328125 0.125 0.125
3 0.95703125 0.11328125 0.125 0.125
2 0.8125 0.4453125 0.125 0.125
1 0.66796875 0.3671875 0.125 0.125
1 0.68359375 0.11328125 0.125 0.125
1 0.7578125 0.109375 0.125 0.125
2 0.02734375 0.81640625 0.125 0.125
1 0.34765625 0.51171875 0.125 0.125
1 0.3515625 0.65234375 0.125 0.125
3 0.6328125 0.8984375 0.125 0.125
3 0.6484375 0.828125 0.125 0.125
3 0.671875 0.55859375 0.125 0.125
3 0.7890625 0.953125 0.125 0.125
3 0.796875 0.62890625 0.125 0.125
3 0.8046875 0.56640625 0.125 0.125
3 0.8046875 0.83203125 0.125 0.125
3 0.80859375 0.50390625 0.125 0.125
2 0.796875 0.89453125 0.125 0.125
1 0.65234375 0.50390625 0.125 0.125
