3 0.078125 0.10546875 0.125 0.125
3 0.21875 0.0703125 0.125 0.125
1 0.41796875 0.32421875 0.125 0.125
3 0.91796875 0.30859375 0.125 0.125
2 0.828125 0.3046875 0.125 0.125
1 0.75390625 0.3046875 0.125 0.125
3 0.24609375 0.62109375 0.125 0.125
3 0.25 0.75 0.125 0.125
3 0.30859375 0.734375 0.125 0.125
3 0.328125 0.609375 0.125 0.125
3 0.40234375 0.73828125 0.125 0.125
3 0.4921875 0.625 0.125 0.125
3 0.8203125 0.640625 0.125 0.125
3 0.875 0.74609375 0.125 0.125
3 0.8828125 0.6171875 0.125 0.125
3 0.94921875 0.59765625 0.125 0.125
3 0.96484375 0.74609375 0.125 0.125
2 0.63671875 0.60546875 0.125 0.125
1 0.5546875 0.59375 0.125 0.125
1 0.5625 0.73046875 0.125 0.125
1 0.6328125 0.703125 0.125 0.125
1 0.72265625 0.734375 0.125 0.125
1 0.80078125 0.7421875 0.125 0.125
