3 0.2421875 0.4453125 0.125 0.125
3 0.24609375 0.15234375 0.125 0.125
3 0.24609375 0.3671875 0.125 0.125
3 0.25 0.296875 0.125 0.125
3 0.25390625 0.22265625 0.125 0.125
3 0.40234375 0.4375 0.125 0.125
3 0.40625 0.23828125 0.125 0.125
3 0.40625 0.30078125 0.125 0.125
1 0.40625 0.375 0.125 0.125
3 0.73828125 0.3046875 0.125 0.125
3 0.7421875 0.37109375 0.125 0.125
3 0.76171875 0.16015625 0.125 0.125
3 0.88671875 0.3046875 0.125 0.125
3 0.8984375 0.23046875 0.125 0.125
3 0.8984375 0.4453125 0.125 0.125
1 0.74609375 0.22265625 0.125 0.125
1 0.8828125 0.37890625 0.125 0.125
1 0.8984375 0.16015625 0.125 0.125
3 0.24609375 0.515625 0.125 0.125
3 0.41015625 0.5859375 0.125 0.125
1 0.23046875 0.5703125 0.125 0.125
1 0.4140625 0.7265625 0.125 0.125
3 0.7578125 0.58984375 0.125 0.125
1 0.765625 0.5234375 0.125 0.125
1 0.8984375 0.50390625 0.125 0.125
1 0.90625 0.58984375 0.125 0.125
