3 0.48828125 0.41015625 0.125 0.125
3 0.49609375 0.27734375 0.125 0.125
2 0.31640625 0.25 0.125 0.125
1 0.3203125 0.16796875 0.125 0.125
1 0.3203125 0.31640625 0.125 0.125
1 0.3203125 0.4609375 0.125 0.125
1 0.3359375 0.109375 0.125 0.125
1 0.4765625 0.20703125 0.125 0.125
1 0.48046875 0.06640625 0.125 0.125
1 0.48828125 0.125 0.125 0.125
4 0.89453125 0.2265625 0.125 0.125
3 0.89453125 0.37109375 0.125 0.125
3 0.97265625 0.2265625 0.125 0.125
1 0.81640625 0.36328125 0.125 0.125
1 0.8203125 0.2265625 0.125 0.125
1 0.9609375 0.37109375 0.125 0.125
3 0.26171875 0.71875 0.125 0.125
3 0.3125 0.53125 0.125 0.125
3 0.46484375 0.5546875 0.125 0.125
3 0.4765625 0.6796875 0.125 0.125
2 0.18359375 0.73046875 0.125 0.125
1 0.05078125 0.71875 0.125 0.125
1 0.1171875 0.70703125 0.125 0.125
1 0.3125 0.59765625 0.125 0.125
1 0.3203125 0.7109375 0.125 0.125
1 0.40234375 0.7109375 0.125 0.125
3 0.671875 0.8515625 0.125 0.125
3 0.7421875 0.84375 0.125 0.125
3 0.8203125 0.69921875 0.125 0.125
3 0.88671875 0.69140625 0.125 0.125
3 0.96484375 0.70703125 0.125 0.125
3 0.96484375 0.83984375 0.125 0.125
1 0.59765625 0.69921875 0.125 0.125
1 0.67578125 0.703125 0.125 0.125
1 0.74609375 0.69921875 0.125 0.125
1 0.8203125 0.8359375 0.125 0.125
1 0.89453125 0.828125 0.125 0.125
