2 0.1015625 0.24609375 0.125 0.125
1 0.18359375 0.23828125 0.125 0.125
1 0.25390625 0.2421875 0.125 0.125
3 0.40625 0.2578125 0.125 0.125
2 0.69140625 0.2578125 0.125 0.125
3 0.5390625 0.28515625 0.125 0.125
3 0.61328125 0.26171875 0.125 0.125
3 0.78515625 0.26953125 0.125 0.125
2 0.43359375 0.69140625 0.125 0.125
3 0.21875 0.671875 0.125 0.125
3 0.3515625 0.6875 0.125 0.125
1 0.5859375 0.671875 0.125 0.125
1 0.796875 0.6875 0.125 0.125
2 0.87890625 0.87890625 0.125 0.125
3 0.51171875 0.67578125 0.125 0.125
3 0.90234375 0.94921875 0.125 0.125
