4 0.03515625 0.4296875 0.125 0.125
3 0.32421875 0.20703125 0.125 0.125
3 0.46875 0.171875 0.125 0.125
3 0.48046875 0.44140625 0.125 0.125
1 0.01171875 0.16796875 0.125 0.125
1 0.08984375 0.18359375 0.125 0.125
1 0.09765625 0.01953125 0.125 0.125
1 0.1171875 0.41796875 0.125 0.125
1 0.16015625 0.01171875 0.125 0.125
1 0.19921875 0.421875 0.125 0.125
1 0.25390625 0.18359375 0.125 0.125
1 0.40625 0.1640625 0.125 0.125
3 0.13671875 0.81640625 0.125 0.125
3 0.20703125 0.81640625 0.125 0.125
3 0.47265625 0.80078125 0.125 0.125
3 0.48046875 0.625 0.125 0.125
3 0.0703125 0.82421875 0.125 0.125
1 0.046875 0.82421875 0.125 0.125
1 0.05078125 0.56640625 0.125 0.125
1 0.12109375 0.5703125 0.125 0.125
1 0.2109375 0.56640625 0.125 0.125
