3 0.2734375 0.453125 0.125 0.125
3 0.29296875 0.24609375 0.125 0.125
3 0.29296875 0.3203125 0.125 0.125
1 0.296875 0.38671875 0.125 0.125
3 0.6484375 0.4765625 0.125 0.125
3 0.78515625 0.40625 0.125 0.125
3 0.7890625 0.47265625 0.125 0.125
3 0.79296875 0.33203125 0.125 0.125
3 0.8046875 0.2578125 0.125 0.125
3 0.92578125 0.03515625 0.125 0.125
1 0.640625 0.39453125 0.125 0.125
1 0.64453125 0.2578125 0.125 0.125
1 0.6640625 0.32421875 0.125 0.125
3 0.28125 0.59375 0.125 0.125
3 0.28515625 0.7265625 0.125 0.125
1 0.2734375 0.6640625 0.125 0.125
1 0.28125 0.5234375 0.125 0.125
3 0.64453125 0.54296875 0.125 0.125
3 0.80078125 0.625 0.125 0.125
3 0.921875 0.92578125 0.125 0.125
1 0.65625 0.6171875 0.125 0.125
1 0.796875 0.54296875 0.125 0.125
