4 0.0703125 0.18359375 0.125 0.125
3 0.09375 0.12109375 0.125 0.125
3 0.28125 0.41015625 0.125 0.125
3 0.359375 0.03125 0.125 0.125
3 0.359375 0.41015625 0.125 0.125
3 0.4296875 0.3984375 0.125 0.125
1 0.09375 0.0546875 0.125 0.125
1 0.44140625 0.02734375 0.125 0.125
4 0.58203125 0.40234375 0.125 0.125
3 0.65234375 0.03125 0.125 0.125
3 0.65234375 0.40234375 0.125 0.125
3 0.78515625 0.0234375 0.125 0.125
3 0.94140625 0.421875 0.125 0.125
3 0.5 0.03125 0.125 0.125
1 0.50390625 0.39453125 0.125 0.125
1 0.58203125 0.015625 0.125 0.125
1 0.71875 0.0390625 0.125 0.125
1 0.79296875 0.40234375 0.125 0.125
1 0.86328125 0.421875 0.125 0.125
1 0.87109375 0.0546875 0.125 0.125
1 0.94140625 0.0390625 0.125 0.125
4 0.078125 0.82421875 0.125 0.125
3 0.53515625 0.828125 0.125 0.125
1 0.828125 0.9609375 0.125 0.125
