3 0.05078125 0.11328125 0.125 0.125
3 0.05859375 0.03515625 0.125 0.125
3 0.05859375 0.18359375 0.125 0.125
3 0.0625 0.45703125 0.125 0.125
3 0.375 0.26171875 0.125 0.125
2 0.3671875 0.390625 0.125 0.125
1 0.37890625 0.1171875 0.125 0.125
1 0.0546875 0.3828125 0.125 0.125
1 0.5703125 0.0859375 0.125 0.125
3 0.03125 0.86328125 0.125 0.125
3 0.0546875 0.66015625 0.125 0.125
3 0.0703125 0.79296875 0.125 0.125
3 0.359375 0.52734375 0.125 0.125
3 0.37890625 0.66796875 0.125 0.125
1 0.35546875 0.8046875 0.125 0.125
1 0.37109375 0.8828125 0.125 0.125
1 0.375 0.609375 0.125 0.125
1 0.0390625 0.73046875 0.125 0.125
1 0.05078125 0.58984375 0.125 0.125
