3 0.35546875 0.32421875 0.125 0.125
3 0.0078125 0.3125 0.125 0.125
3 0.0859375 0.32421875 0.125 0.125
1 0.15234375 0.33203125 0.125 0.125
1 0.28515625 0.31640625 0.125 0.125
3 0.515625 0.24609375 0.125 0.125
3 0.58984375 0.23828125 0.125 0.125
3 0.66796875 0.2578125 0.125 0.125
3 0.80078125 0.25390625 0.125 0.125
3 0.8671875 0.24609375 0.125 0.125
3 0.94140625 0.2421875 0.125 0.125
3 0.0390625 0.97265625 0.125 0.125
3 0.0546875 0.6171875 0.125 0.125
3 0.11328125 0.9609375 0.125 0.125
3 0.1953125 0.98046875 0.125 0.125
1 0.1328125 0.6328125 0.125 0.125
1 0.203125 0.625 0.125 0.125
3 0.5 0.89453125 0.125 0.125
3 0.5078125 0.828125 0.125 0.125
3 0.5078125 0.96484375 0.125 0.125
3 0.53125 0.5703125 0.125 0.125
3 0.625 0.57421875 0.125 0.125
3 0.62890625 0.71875 0.125 0.125
3 0.6875 0.578125 0.125 0.125
3 0.6953125 0.734375 0.125 0.125
3 0.75390625 0.57421875 0.125 0.125
3 0.76171875 0.71875 0.125 0.125
3 0.890625 0.5703125 0.125 0.125
3 0.9609375 0.71875 0.125 0.125
1 0.89453125 0.71875 0.125 0.125
1 0.9609375 0.5703125 0.125 0.125
1 0.8203125 0.71484375 0.125 0.125
1 0.82421875 0.58203125 0.125 0.125
