4 0.00390625 0.40625 0.125 0.125
3 0.09765625 0.390625 0.125 0.125
3 0.19921875 0.40234375 0.125 0.125
3 0.30078125 0.41015625 0.125 0.125
3 0.39453125 0.41015625 0.125 0.125
3 0.49609375 0.40234375 0.125 0.125
4 0.89453125 0.4140625 0.125 0.125
3 0.79296875 0.40234375 0.125 0.125
1 0.70703125 0.4140625 0.125 0.125
3 0.10546875 0.59765625 0.125 0.125
3 0.109375 0.890625 0.125 0.125
3 0.2578125 0.88671875 0.125 0.125
2 0.44140625 0.89453125 0.125 0.125
1 0.140625 0.69140625 0.125 0.125
3 0.6953125 0.78125 0.125 0.125
