2 0.42578125 0.2578125 0.125 0.125
2 0.4921875 0.21875 0.125 0.125
1 0.1328125 0.484375 0.125 0.125
1 0.19921875 0.453125 0.125 0.125
1 0.2578125 0.41015625 0.125 0.125
1 0.31640625 0.359375 0.125 0.125
1 0.375 0.30859375 0.125 0.125
2 0.5078125 0.484375 0.125 0.125
2 0.546875 0.171875 0.125 0.125
2 0.56640625 0.44140625 0.125 0.125
2 0.63671875 0.40234375 0.125 0.125
2 0.6875 0.36328125 0.125 0.125
2 0.37890625 0.83984375 0.125 0.125
2 0.3828125 0.5859375 0.125 0.125
2 0.421875 0.78125 0.125 0.125
2 0.4453125 0.53515625 0.125 0.125
2 0.46875 0.96484375 0.125 0.125
2 0.203125 0.69921875 0.125 0.125
2 0.2578125 0.65234375 0.125 0.125
2 0.30078125 0.87109375 0.125 0.125
2 0.31640625 0.61328125 0.125 0.125
1 0.09765625 0.5546875 0.125 0.125
1 0.49609375 0.75 0.125 0.125
2 0.52734375 0.921875 0.125 0.125
2 0.59765625 0.8828125 0.125 0.125
2 0.65625 0.8359375 0.125 0.125
2 0.71875 0.80078125 0.125 0.125
2 0.77734375 0.984375 0.125 0.125
2 0.78515625 0.76171875 0.125 0.125
2 0.83984375 0.94921875 0.125 0.125
2 0.84765625 0.71875 0.125 0.125
2 0.89453125 0.90625 0.125 0.125
2 0.9609375 0.8671875 0.125 0.125
1 0.55859375 0.703125 0.125 0.125
1 0.6171875 0.66015625 0.125 0.125
1 0.67578125 0.61328125 0.125 0.125
1 0.7421875 0.57421875 0.125 0.125
1 0.80859375 0.51953125 0.125 0.125
