3 0.84375 0.296875 0.125 0.125
3 0.8515625 0.36328125 0.125 0.125
1 0.5078125 0.28515625 0.125 0.125
1 0.84375 0.44140625 0.125 0.125
3 0.01171875 0.6171875 0.125 0.125
3 0.08984375 0.625 0.125 0.125
3 0.15625 0.62109375 0.125 0.125
3 0.22265625 0.6171875 0.125 0.125
3 0.296875 0.63671875 0.125 0.125
3 0.3671875 0.6328125 0.125 0.125
3 0.4921875 0.6015625 0.125 0.125
3 0.828125 0.7265625 0.125 0.125
3 0.828125 0.85546875 0.125 0.125
3 0.83203125 0.79296875 0.125 0.125
3 0.8359375 0.58203125 0.125 0.125
3 0.83984375 0.64453125 0.125 0.125
3 0.84375 0.51171875 0.125 0.125
