3 0.5078125 0.23828125 0.125 0.125
3 0.515625 0.09765625 0.125 0.125
3 0.51953125 0.390625 0.125 0.125
3 0.51953125 0.44921875 0.125 0.125
3 0.5234375 0.16015625 0.125 0.125
1 0.5234375 0.0234375 0.125 0.125
1 0.65234375 0.38671875 0.125 0.125
1 0.66796875 0.23828125 0.125 0.125
3 0.48046875 0.9609375 0.125 0.125
3 0.48828125 0.890625 0.125 0.125
1 0.04296875 0.58203125 0.125 0.125
1 0.11328125 0.95703125 0.125 0.125
1 0.1171875 0.8828125 0.125 0.125
1 0.4765625 0.53515625 0.125 0.125
1 0.49609375 0.8203125 0.125 0.125
3 0.9765625 0.890625 0.125 0.125
3 0.98828125 0.81640625 0.125 0.125
2 0.6484375 0.54296875 0.125 0.125
1 0.64453125 0.8828125 0.125 0.125
