4 0.85546875 0.34375 0.125 0.125
3 0.78125 0.04296875 0.125 0.125
3 0.82421875 0.19140625 0.125 0.125
3 0.83984375 0.04296875 0.125 0.125
3 0.875 0.1875 0.125 0.125
3 0.88671875 0.01953125 0.125 0.125
3 0.89453125 0.47265625 0.125 0.125
3 0.91015625 0.328125 0.125 0.125
3 0.9296875 0.1796875 0.125 0.125
3 0.9375 0.01953125 0.125 0.125
3 0.953125 0.30859375 0.125 0.125
3 0.96484375 0.453125 0.125 0.125
3 0.9765625 0.1640625 0.125 0.125
3 0.98828125 0.01171875 0.125 0.125
3 0.9609375 0.6171875 0.125 0.125
3 0.98828125 0.75 0.125 0.125
3 0.98828125 0.8828125 0.125 0.125
