3 0.0390625 0.484375 0.125 0.125
3 0.1875 0.49609375 0.125 0.125
3 0.46875 0.47265625 0.125 0.125
1 0.33203125 0.48046875 0.125 0.125
1 0.40234375 0.48046875 0.125 0.125
3 0.546875 0.48828125 0.125 0.125
3 0.609375 0.0390625 0.125 0.125
3 0.62109375 0.4921875 0.125 0.125
3 0.69921875 0.49609375 0.125 0.125
3 0.75390625 0.48046875 0.125 0.125
3 0.83203125 0.48828125 0.125 0.125
1 0.90234375 0.4921875 0.125 0.125
3 0.109375 0.5 0.125 0.125
3 0.12109375 0.87109375 0.125 0.125
3 0.19140625 0.8828125 0.125 0.125
3 0.2578125 0.875 0.125 0.125
3 0.3359375 0.88671875 0.125 0.125
3 0.41015625 0.88671875 0.125 0.125
3 0.47265625 0.875 0.125 0.125
1 0.046875 0.8828125 0.125 0.125
1 0.265625 0.5 0.125 0.125
3 0.75390625 0.90625 0.125 0.125
3 0.8984375 0.8828125 0.125 0.125
3 0.9765625 0.5 0.125 0.125
3 0.9765625 0.89453125 0.125 0.125
1 0.5390625 0.875 0.125 0.125
1 0.6171875 0.890625 0.125 0.125
1 0.68359375 0.890625 0.125 0.125
1 0.828125 0.8828125 0.125 0.125
