4 0.10546875 0.17578125 0.125 0.125
3 0.12109375 0.10546875 0.125 0.125
3 0.125 0.45703125 0.125 0.125
3 0.48828125 0.3984375 0.125 0.125
3 0.49609375 0.13671875 0.125 0.125
3 0.49609375 0.33203125 0.125 0.125
1 0.10546875 0.24609375 0.125 0.125
1 0.11328125 0.39453125 0.125 0.125
1 0.12109375 0.3125 0.125 0.125
4 0.62890625 0.47265625 0.125 0.125
3 0.98046875 0.20703125 0.125 0.125
3 0.98828125 0.41015625 0.125 0.125
3 0.50390625 0.0 0.125 0.125
3 0.6171875 0.20703125 0.125 0.125
3 0.6484375 0.390625 0.125 0.125
4 0.08984375 0.7421875 0.125 0.125
4 0.09765625 0.5234375 0.125 0.125
3 0.1015625 0.67578125 0.125 0.125
3 0.4765625 0.87890625 0.125 0.125
3 0.484375 0.7421875 0.125 0.125
3 0.484375 0.8125 0.125 0.125
3 0.4921875 0.59765625 0.125 0.125
3 0.49609375 0.9453125 0.125 0.125
2 0.47265625 0.68359375 0.125 0.125
1 0.08203125 0.8125 0.125 0.125
1 0.08984375 0.60546875 0.125 0.125
4 0.5 0.53515625 0.125 0.125
4 0.99609375 0.609375 0.125 0.125
3 0.6484375 0.734375 0.125 0.125
3 0.984375 0.74609375 0.125 0.125
3 0.98828125 0.80859375 0.125 0.125
3 0.9921875 0.6875 0.125 0.125
3 0.6171875 0.80859375 0.125 0.125
3 0.6328125 0.609375 0.125 0.125
3 0.640625 0.9453125 0.125 0.125
3 0.64453125 0.67578125 0.125 0.125
1 0.6328125 0.87890625 0.125 0.125
1 0.63671875 0.54296875 0.125 0.125
1 0.95703125 0.9453125 0.125 0.125
1 0.984375 0.8828125 0.125 0.125
