2 0.078125 0.45703125 0.125 0.125
2 0.16015625 0.4609375 0.125 0.125
1 0.01171875 0.47265625 0.125 0.125
3 0.609375 0.484375 0.125 0.125
3 0.75390625 0.4765625 0.125 0.125
3 0.90234375 0.47265625 0.125 0.125
1 0.65625 0.109375 0.125 0.125
1 0.68359375 0.48046875 0.125 0.125
1 0.83203125 0.4765625 0.125 0.125
1 0.984375 0.49609375 0.125 0.125
3 0.00390625 0.8671875 0.125 0.125
1 0.0703125 0.86328125 0.125 0.125
1 0.1328125 0.875 0.125 0.125
3 0.75390625 0.8671875 0.125 0.125
3 0.828125 0.87109375 0.125 0.125
3 0.90234375 0.875 0.125 0.125
1 0.6875 0.875 0.125 0.125
1 0.9765625 0.875 0.125 0.125
1 0.59375 0.8671875 0.125 0.125
