4 0.21875 0.46484375 0.125 0.125
3 0.2109375 0.15625 0.125 0.125
3 0.2265625 0.26953125 0.125 0.125
3 0.2265625 0.36328125 0.125 0.125
3 0.84375 0.2109375 0.125 0.125
1 0.6484375 0.12890625 0.125 0.125
1 0.6484375 0.30078125 0.125 0.125
1 0.73828125 0.35546875 0.125 0.125
1 0.74609375 0.18359375 0.125 0.125
4 0.21484375 0.97265625 0.125 0.125
3 0.20703125 0.875 0.125 0.125
3 0.21875 0.6640625 0.125 0.125
1 0.19921875 0.578125 0.125 0.125
1 0.2109375 0.77734375 0.125 0.125
1 0.94921875 0.52734375 0.125 0.125
