4 0.109375 0.46875 0.125 0.125
3 0.10546875 0.39453125 0.125 0.125
3 0.1171875 0.2578125 0.125 0.125
3 0.4609375 0.05859375 0.125 0.125
3 0.46484375 0.3203125 0.125 0.125
3 0.47265625 0.1953125 0.125 0.125
3 0.47265625 0.26171875 0.125 0.125
3 0.47265625 0.4609375 0.125 0.125
3 0.48046875 0.3828125 0.125 0.125
1 0.48828125 0.125 0.125 0.125
4 0.98046875 0.12890625 0.125 0.125
3 0.96875 0.265625 0.125 0.125
3 0.98046875 0.19921875 0.125 0.125
3 0.98046875 0.3984375 0.125 0.125
3 0.984375 0.0625 0.125 0.125
3 0.98828125 0.47265625 0.125 0.125
3 0.61328125 0.05859375 0.125 0.125
3 0.6171875 0.1875 0.125 0.125
3 0.62109375 0.45703125 0.125 0.125
3 0.625 0.3125 0.125 0.125
3 0.63671875 0.125 0.125 0.125
1 0.96875 0.328125 0.125 0.125
1 0.60546875 0.37890625 0.125 0.125
1 0.625 0.25390625 0.125 0.125
4 0.05859375 0.76953125 0.125 0.125
3 0.33984375 0.77734375 0.125 0.125
3 0.40625 0.7890625 0.125 0.125
2 0.19921875 0.7890625 0.125 0.125
1 0.12109375 0.76953125 0.125 0.125
1 0.26953125 0.78515625 0.125 0.125
1 0.48828125 0.78125 0.125 0.125
3 0.76953125 0.76953125 0.125 0.125
3 0.8359375 0.7734375 0.125 0.125
3 0.92578125 0.7734375 0.125 0.125
3 0.55078125 0.80078125 0.125 0.125
1 0.625 0.77734375 0.125 0.125
1 0.6953125 0.7734375 0.125 0.125
