4 0.21875 0.14453125 0.125 0.125
4 0.2734375 0.140625 0.125 0.125
4 0.40625 0.47265625 0.125 0.125
3 0.0859375 0.40625 0.125 0.125
3 0.41796875 0.13671875 0.125 0.125
1 0.08984375 0.14453125 0.125 0.125
1 0.35546875 0.1328125 0.125 0.125
1 0.46875 0.13671875 0.125 0.125
3 0.7421875 0.1171875 0.125 0.125
2 0.5546875 0.4296875 0.125 0.125
2 0.62109375 0.1640625 0.125 0.125
1 0.5546875 0.1484375 0.125 0.125
1 0.6875 0.14453125 0.125 0.125
4 0.3984375 0.80859375 0.125 0.125
4 0.40234375 0.73828125 0.125 0.125
3 0.0859375 0.546875 0.125 0.125
3 0.08984375 0.8046875 0.125 0.125
3 0.39453125 0.671875 0.125 0.125
1 0.08984375 0.68359375 0.125 0.125
1 0.08984375 0.94140625 0.125 0.125
1 0.39453125 0.546875 0.125 0.125
1 0.3984375 0.6171875 0.125 0.125
4 0.55078125 0.7109375 0.125 0.125
3 0.546875 0.5078125 0.125 0.125
3 0.55078125 0.76171875 0.125 0.125
1 0.55078125 0.6484375 0.125 0.125
1 0.5546875 0.578125 0.125 0.125
1 0.5546875 0.91015625 0.125 0.125
1 0.5625 0.984375 0.125 0.125
