2 0.4296875 0.5234375 0.125 0.125
2 0.73046875 0.53125 0.125 0.125
2 0.9765625 0.90234375 0.125 0.125
3 0.546875 0.90234375 0.125 0.125
3 0.6171875 0.91015625 0.125 0.125
3 0.65625 0.546875 0.125 0.125
3 0.6875 0.8828125 0.125 0.125
3 0.79296875 0.5390625 0.125 0.125
3 0.90234375 0.91015625 0.125 0.125
1 0.51171875 0.54296875 0.125 0.125
1 0.58203125 0.54296875 0.125 0.125
1 0.7578125 0.89453125 0.125 0.125
1 0.828125 0.89453125 0.125 0.125
1 0.8671875 0.53515625 0.125 0.125
1 0.93359375 0.5546875 0.125 0.125
