3 0.0703125 0.4921875 0.125 0.125
3 0.09765625 0.39453125 0.125 0.125
3 0.3359375 0.3125 0.125 0.125
3 0.43359375 0.30859375 0.125 0.125
3 0.6875 0.30859375 0.125 0.125
1 0.76953125 0.3046875 0.125 0.125
1 0.875 0.3046875 0.125 0.125
1 0.95703125 0.30859375 0.125 0.125
1 0.328125 0.55078125 0.125 0.125
1 0.40234375 0.6484375 0.125 0.125
1 0.484375 0.64453125 0.125 0.125
3 0.94140625 0.53515625 0.125 0.125
3 0.578125 0.66015625 0.125 0.125
3 0.68359375 0.53515625 0.125 0.125
3 0.75 0.66015625 0.125 0.125
3 0.7734375 0.52734375 0.125 0.125
3 0.91796875 0.66015625 0.125 0.125
1 0.51171875 0.52734375 0.125 0.125
1 0.6640625 0.65625 0.125 0.125
1 0.83984375 0.66015625 0.125 0.125
1 0.859375 0.52734375 0.125 0.125
