1 0.54296875 0.44140625 0.125 0.125
1 0.5546875 0.3671875 0.125 0.125
1 0.87109375 0.43359375 0.125 0.125
1 0.875 0.36328125 0.125 0.125
4 0.53125 0.921875 0.125 0.125
3 0.54296875 0.65234375 0.125 0.125
3 0.875 0.72265625 0.125 0.125
3 0.87890625 0.51171875 0.125 0.125
2 0.8671875 0.5859375 0.125 0.125
1 0.52734375 0.5859375 0.125 0.125
1 0.52734375 0.99609375 0.125 0.125
1 0.53515625 0.515625 0.125 0.125
1 0.875 0.921875 0.125 0.125
1 0.8828125 0.8515625 0.125 0.125
1 0.890625 0.9921875 0.125 0.125
1 0.89453125 0.640625 0.125 0.125
