2 0.3125 0.3203125 0.125 0.125
2 0.45703125 0.2421875 0.125 0.125
3 0.28515625 0.47265625 0.125 0.125
3 0.30859375 0.00390625 0.125 0.125
3 0.31640625 0.24609375 0.125 0.125
3 0.32421875 0.08984375 0.125 0.125
3 0.46484375 0.32421875 0.125 0.125
3 0.4765625 0.0078125 0.125 0.125
1 0.45703125 0.4765625 0.125 0.125
1 0.4609375 0.07421875 0.125 0.125
3 0.87109375 0.421875 0.125 0.125
3 0.87890625 0.34765625 0.125 0.125
1 0.859375 0.1875 0.125 0.125
1 0.87890625 0.26171875 0.125 0.125
2 0.47265625 0.96484375 0.125 0.125
1 0.30078125 0.8828125 0.125 0.125
1 0.87109375 0.734375 0.125 0.125
