3 0.0078125 0.1640625 0.125 0.125
1 0.0 0.875 0.125 0.125
1 0.01953125 0.53125 0.125 0.125
1 0.234375 0.98046875 0.125 0.125
1 0.23828125 0.671875 0.125 0.125
1 0.31640625 0.66015625 0.125 0.125
1 0.328125 0.99609375 0.125 0.125
1 0.4140625 0.6640625 0.125 0.125
3 0.8515625 0.9921875 0.125 0.125
3 0.93359375 0.9921875 0.125 0.125
1 0.84375 0.66015625 0.125 0.125
1 0.92578125 0.66796875 0.125 0.125
1 0.50390625 0.6640625 0.125 0.125
1 0.5078125 0.9921875 0.125 0.125
1 0.58203125 0.65625 0.125 0.125
1 0.59765625 0.99609375 0.125 0.125
1 0.65625 0.6796875 0.125 0.125
1 0.75 0.66796875 0.125 0.125
