3 0.3828125 0.0703125 0.125 0.125
3 0.4453125 0.30078125 0.125 0.125
3 0.47265625 0.0703125 0.125 0.125
1 0.02734375 0.2890625 0.125 0.125
1 0.35546875 0.2890625 0.125 0.125
4 0.84375 0.31640625 0.125 0.125
3 0.5234375 0.3046875 0.125 0.125
3 0.54296875 0.0703125 0.125 0.125
3 0.6015625 0.3125 0.125 0.125
3 0.625 0.0703125 0.125 0.125
3 0.68359375 0.3046875 0.125 0.125
3 0.703125 0.06640625 0.125 0.125
3 0.76953125 0.3125 0.125 0.125
3 0.796875 0.05859375 0.125 0.125
3 0.87109375 0.0703125 0.125 0.125
3 0.921875 0.3125 0.125 0.125
3 0.96484375 0.0625 0.125 0.125
3 0.99609375 0.32421875 0.125 0.125
2 0.42578125 0.66015625 0.125 0.125
1 0.13671875 0.58984375 0.125 0.125
1 0.40234375 0.9609375 0.125 0.125
1 0.95703125 0.66015625 0.125 0.125
1 0.61328125 0.66015625 0.125 0.125
1 0.80078125 0.65625 0.125 0.125
