3 0.92578125 0.265625 0.125 0.125
4 0.33984375 0.5859375 0.125 0.125
3 0.0 0.87890625 0.125 0.125
3 0.0 0.9453125 0.125 0.125
3 0.02734375 0.62109375 0.125 0.125
3 0.40234375 0.921875 0.125 0.125
3 0.46875 0.92578125 0.125 0.125
3 0.47265625 0.578125 0.125 0.125
1 0.0 0.81640625 0.125 0.125
1 0.015625 0.7421875 0.125 0.125
1 0.32421875 0.9296875 0.125 0.125
1 0.41015625 0.58203125 0.125 0.125
4 0.53515625 0.92578125 0.125 0.125
4 0.60546875 0.58203125 0.125 0.125
4 0.671875 0.93359375 0.125 0.125
3 0.6015625 0.92578125 0.125 0.125
3 0.73828125 0.9140625 0.125 0.125
1 0.5390625 0.5625 0.125 0.125
1 0.73046875 0.57421875 0.125 0.125
