4 0.2265625 0.01953125 0.125 0.125
3 0.2265625 0.23828125 0.125 0.125
3 0.2265625 0.390625 0.125 0.125
3 0.234375 0.16796875 0.125 0.125
3 0.234375 0.3125 0.125 0.125
3 0.6640625 0.3515625 0.125 0.125
3 0.69140625 0.07421875 0.125 0.125
3 0.8203125 0.359375 0.125 0.125
2 0.6640625 0.20703125 0.125 0.125
1 0.84765625 0.2109375 0.125 0.125
1 0.859375 0.29296875 0.125 0.125
3 0.2421875 0.60546875 0.125 0.125
1 0.2265625 0.8046875 0.125 0.125
3 0.67578125 0.65234375 0.125 0.125
2 0.66015625 0.859375 0.125 0.125
1 0.68359375 0.57421875 0.125 0.125
1 0.81640625 0.71484375 0.125 0.125
1 0.828125 0.9296875 0.125 0.125
