3 0.03125 0.33984375 0.125 0.125
3 0.18359375 0.328125 0.125 0.125
3 0.2578125 0.3359375 0.125 0.125
3 0.359375 0.47265625 0.125 0.125
1 0.3671875 0.34765625 0.125 0.125
1 0.44140625 0.33984375 0.125 0.125
1 0.109375 0.33984375 0.125 0.125
3 0.51171875 0.33984375 0.125 0.125
3 0.51953125 0.46484375 0.125 0.125
3 0.58984375 0.35546875 0.125 0.125
1 0.8515625 0.359375 0.125 0.125
1 0.89453125 0.296875 0.125 0.125
1 0.98828125 0.40625 0.125 0.125
3 0.4609375 0.53515625 0.125 0.125
4 0.8828125 0.99609375 0.125 0.125
3 0.8515625 0.5703125 0.125 0.125
3 0.91015625 0.73828125 0.125 0.125
3 0.93359375 0.58984375 0.125 0.125
3 0.984375 0.75 0.125 0.125
3 0.98828125 0.62890625 0.125 0.125
1 0.58984375 0.67578125 0.125 0.125
1 0.8515625 0.703125 0.125 0.125
1 0.94140625 0.98828125 0.125 0.125
