4 0.31640625 0.48828125 0.125 0.125
4 0.48828125 0.125 0.125 0.125
3 0.30859375 0.05078125 0.125 0.125
3 0.30859375 0.20703125 0.125 0.125
3 0.328125 0.41796875 0.125 0.125
3 0.3359375 0.12890625 0.125 0.125
3 0.45703125 0.33984375 0.125 0.125
3 0.45703125 0.48828125 0.125 0.125
3 0.4609375 0.20703125 0.125 0.125
3 0.46484375 0.41796875 0.125 0.125
1 0.30859375 0.33984375 0.125 0.125
1 0.4609375 0.2734375 0.125 0.125
3 0.86328125 0.4375 0.125 0.125
3 0.875 0.2109375 0.125 0.125
2 0.88671875 0.09375 0.125 0.125
1 0.87109375 0.31640625 0.125 0.125
4 0.3125 0.83984375 0.125 0.125
3 0.30078125 0.62890625 0.125 0.125
3 0.3046875 0.69140625 0.125 0.125
3 0.32421875 0.5546875 0.125 0.125
3 0.328125 0.76953125 0.125 0.125
3 0.4375 0.6953125 0.125 0.125
3 0.44921875 0.91796875 0.125 0.125
3 0.44921875 0.984375 0.125 0.125
3 0.4609375 0.5546875 0.125 0.125
1 0.45703125 0.625 0.125 0.125
1 0.4609375 0.7734375 0.125 0.125
3 0.76953125 0.80859375 0.125 0.125
1 0.7734375 0.73828125 0.125 0.125
1 0.7734375 0.8828125 0.125 0.125
1 0.85546875 0.640625 0.125 0.125
1 0.859375 0.546875 0.125 0.125
