2 0.45703125 0.48046875 0.125 0.125
1 0.43359375 0.40625 0.125 0.125
1 0.10546875 0.2421875 0.125 0.125
1 0.140625 0.15625 0.125 0.125
4 0.71875 0.14453125 0.125 0.125
4 0.7734375 0.140625 0.125 0.125
4 0.90625 0.47265625 0.125 0.125
3 0.5859375 0.40625 0.125 0.125
3 0.91796875 0.13671875 0.125 0.125
1 0.58984375 0.14453125 0.125 0.125
1 0.85546875 0.1328125 0.125 0.125
1 0.96875 0.13671875 0.125 0.125
1 0.4453125 0.640625 0.125 0.125
4 0.8984375 0.80859375 0.125 0.125
4 0.90234375 0.73828125 0.125 0.125
3 0.5859375 0.546875 0.125 0.125
3 0.58984375 0.8046875 0.125 0.125
3 0.89453125 0.671875 0.125 0.125
1 0.58984375 0.68359375 0.125 0.125
1 0.58984375 0.94140625 0.125 0.125
1 0.89453125 0.546875 0.125 0.125
1 0.8984375 0.6171875 0.125 0.125
