2 0.00390625 0.296875 0.125 0.125
2 0.10546875 0.40625 0.125 0.125
2 0.15625 0.2421875 0.125 0.125
2 0.16015625 0.3828125 0.125 0.125
2 0.2109375 0.36328125 0.125 0.125
1 0.01953125 0.140625 0.125 0.125
1 0.046875 0.26953125 0.125 0.125
1 0.046875 0.41015625 0.125 0.125
1 0.0546875 0.00390625 0.125 0.125
1 0.078125 0.12890625 0.125 0.125
1 0.1015625 0.2578125 0.125 0.125
1 0.2265625 0.12890625 0.125 0.125
1 0.25 0.48828125 0.125 0.125
1 0.28515625 0.265625 0.125 0.125
1 0.2890625 0.1015625 0.125 0.125
1 0.33984375 0.23046875 0.125 0.125
1 0.34375 0.44140625 0.125 0.125
1 0.35546875 0.07421875 0.125 0.125
1 0.4140625 0.2109375 0.125 0.125
1 0.4140625 0.41796875 0.125 0.125
1 0.421875 0.0625 0.125 0.125
1 0.4765625 0.390625 0.125 0.125
1 0.48046875 0.17578125 0.125 0.125
1 0.48828125 0.0390625 0.125 0.125
1 0.0078125 0.42578125 0.125 0.125
1 0.546875 0.375 0.125 0.125
1 0.55078125 0.15625 0.125 0.125
1 0.5546875 0.00390625 0.125 0.125
1 0.58984375 0.49609375 0.125 0.125
1 0.609375 0.33984375 0.125 0.125
1 0.61328125 0.1171875 0.125 0.125
1 0.65234375 0.4765625 0.125 0.125
1 0.67578125 0.3125 0.125 0.125
1 0.6796875 0.09765625 0.125 0.125
1 0.71875 0.4375 0.125 0.125
1 0.73828125 0.28125 0.125 0.125
1 0.74609375 0.06640625 0.125 0.125
1 0.77734375 0.41796875 0.125 0.125
1 0.80859375 0.02734375 0.125 0.125
1 0.80859375 0.25 0.125 0.125
1 0.8515625 0.37890625 0.125 0.125
1 0.87109375 0.00390625 0.125 0.125
1 0.87109375 0.21875 0.125 0.125
1 0.91015625 0.34765625 0.125 0.125
1 0.9453125 0.1875 0.125 0.125
1 0.98828125 0.328125 0.125 0.125
3 0.08203125 0.53125 0.125 0.125
3 0.15234375 0.8046875 0.125 0.125
3 0.1875 0.5 0.125 0.125
3 0.28515625 0.76171875 0.125 0.125
3 0.34765625 0.734375 0.125 0.125
3 0.4453125 0.96875 0.125 0.125
3 0.02734375 0.55859375 0.125 0.125
3 0.04296875 0.84375 0.125 0.125
2 0.140625 0.68359375 0.125 0.125
2 0.28515625 0.90625 0.125 0.125
2 0.29296875 0.61328125 0.125 0.125
2 0.34375 0.87890625 0.125 0.125
2 0.3984375 0.86328125 0.125 0.125
1 0.0390625 0.7109375 0.125 0.125
1 0.06640625 0.984375 0.125 0.125
1 0.0859375 0.82421875 0.125 0.125
1 0.08984375 0.6953125 0.125 0.125
1 0.1171875 0.97265625 0.125 0.125
1 0.17578125 0.94921875 0.125 0.125
1 0.18359375 0.66015625 0.125 0.125
1 0.23046875 0.9375 0.125 0.125
1 0.234375 0.62890625 0.125 0.125
1 0.3984375 0.9921875 0.125 0.125
1 0.41015625 0.58203125 0.125 0.125
1 0.47265625 0.56640625 0.125 0.125
1 0.4765625 0.765625 0.125 0.125
4 0.83984375 0.94140625 0.125 0.125
3 0.66015625 0.6875 0.125 0.125
3 0.70703125 0.80078125 0.125 0.125
3 0.71484375 0.99609375 0.125 0.125
3 0.7265625 0.66015625 0.125 0.125
3 0.765625 0.77734375 0.125 0.125
3 0.78125 0.97265625 0.125 0.125
3 0.82421875 0.74609375 0.125 0.125
3 0.8828125 0.71875 0.125 0.125
3 0.9140625 0.92578125 0.125 0.125
3 0.95703125 0.5625 0.125 0.125
3 0.97265625 0.90625 0.125 0.125
1 0.52734375 0.87890625 0.125 0.125
1 0.53515625 0.5234375 0.125 0.125
1 0.53515625 0.73046875 0.125 0.125
1 0.58203125 0.8515625 0.125 0.125
1 0.59765625 0.71484375 0.125 0.125
1 0.6484375 0.82421875 0.125 0.125
1 0.78515625 0.63671875 0.125 0.125
1 0.84375 0.609375 0.125 0.125
1 0.90234375 0.58984375 0.125 0.125
1 0.9453125 0.6953125 0.125 0.125
