3 0.0625 0.11328125 0.125 0.125
3 0.203125 0.47265625 0.125 0.125
3 0.39453125 0.359375 0.125 0.125
1 0.1875 0.375 0.125 0.125
3 0.83203125 0.296875 0.125 0.125
3 0.83203125 0.4375 0.125 0.125
2 0.83984375 0.36328125 0.125 0.125
1 0.859375 0.23828125 0.125 0.125
1 0.9921875 0.15625 0.125 0.125
4 0.40234375 0.67578125 0.125 0.125
3 0.1796875 0.5390625 0.125 0.125
3 0.19140625 0.97265625 0.125 0.125
1 0.17578125 0.89453125 0.125 0.125
1 0.18359375 0.734375 0.125 0.125
1 0.40234375 0.5078125 0.125 0.125
2 0.94921875 0.87890625 0.125 0.125
