4 0.3515625 0.41796875 0.125 0.125
3 0.1875 0.4140625 0.125 0.125
3 0.2734375 0.421875 0.125 0.125
3 0.4296875 0.38671875 0.125 0.125
2 0.23046875 0.17578125 0.125 0.125
1 0.0546875 0.43359375 0.125 0.125
3 0.6328125 0.04296875 0.125 0.125
3 0.6484375 0.13671875 0.125 0.125
3 0.65625 0.21875 0.125 0.125
3 0.66015625 0.14453125 0.125 0.125
3 0.10546875 0.8203125 0.125 0.125
3 0.2421875 0.54296875 0.125 0.125
3 0.33203125 0.5390625 0.125 0.125
3 0.33203125 0.8203125 0.125 0.125
3 0.41796875 0.5390625 0.125 0.125
3 0.47265625 0.78515625 0.125 0.125
1 0.1796875 0.8125 0.125 0.125
1 0.25 0.80078125 0.125 0.125
1 0.39453125 0.7890625 0.125 0.125
1 0.9140625 0.94921875 0.125 0.125
