3 0.00390625 0.2578125 0.125 0.125
3 0.0078125 0.04296875 0.125 0.125
3 0.04296875 0.37890625 0.125 0.125
3 0.06640625 0.2265625 0.125 0.125
3 0.0703125 0.015625 0.125 0.125
3 0.12109375 0.3515625 0.125 0.125
3 0.13671875 0.2109375 0.125 0.125
3 0.171875 0.328125 0.125 0.125
3 0.1875 0.18359375 0.125 0.125
3 0.2421875 0.296875 0.125 0.125
3 0.2578125 0.15625 0.125 0.125
3 0.3046875 0.27734375 0.125 0.125
3 0.3203125 0.12890625 0.125 0.125
3 0.32421875 0.484375 0.125 0.125
3 0.3671875 0.25 0.125 0.125
3 0.37890625 0.10546875 0.125 0.125
3 0.38671875 0.46484375 0.125 0.125
3 0.421875 0.23046875 0.125 0.125
1 0.44140625 0.4453125 0.125 0.125
1 0.4453125 0.08203125 0.125 0.125
1 0.48828125 0.203125 0.125 0.125
3 0.5 0.4140625 0.125 0.125
3 0.55859375 0.37109375 0.125 0.125
4 0.1796875 0.890625 0.125 0.125
4 0.01171875 0.62890625 0.125 0.125
4 0.05078125 0.734375 0.125 0.125
3 0.04296875 0.94921875 0.125 0.125
3 0.0625 0.59765625 0.125 0.125
3 0.11328125 0.70703125 0.125 0.125
3 0.1171875 0.92578125 0.125 0.125
3 0.12890625 0.5703125 0.125 0.125
3 0.17578125 0.6875 0.125 0.125
3 0.203125 0.54296875 0.125 0.125
3 0.2421875 0.65625 0.125 0.125
3 0.24609375 0.8671875 0.125 0.125
3 0.26171875 0.5078125 0.125 0.125
3 0.29296875 0.62890625 0.125 0.125
3 0.296875 0.84765625 0.125 0.125
3 0.31640625 0.984375 0.125 0.125
3 0.35546875 0.6015625 0.125 0.125
3 0.4140625 0.578125 0.125 0.125
3 0.42578125 0.7890625 0.125 0.125
3 0.4453125 0.9375 0.125 0.125
3 0.47265625 0.546875 0.125 0.125
3 0.4921875 0.75390625 0.125 0.125
1 0.3671875 0.8125 0.125 0.125
1 0.37109375 0.96484375 0.125 0.125
4 0.50390625 0.90625 0.125 0.125
3 0.5390625 0.51953125 0.125 0.125
3 0.55078125 0.734375 0.125 0.125
3 0.5625 0.8828125 0.125 0.125
3 0.60546875 0.70703125 0.125 0.125
3 0.6171875 0.85546875 0.125 0.125
3 0.671875 0.6796875 0.125 0.125
3 0.67578125 0.83203125 0.125 0.125
1 0.60546875 0.50390625 0.125 0.125
