4 0.38671875 0.39453125 0.125 0.125
2 0.27734375 0.4765625 0.125 0.125
2 0.328125 0.4375 0.125 0.125
1 0.44140625 0.36328125 0.125 0.125
3 0.80078125 0.01171875 0.125 0.125
3 0.86328125 0.12109375 0.125 0.125
3 0.92578125 0.08984375 0.125 0.125
3 0.984375 0.0546875 0.125 0.125
1 0.53515625 0.4765625 0.125 0.125
1 0.5859375 0.4375 0.125 0.125
1 0.65234375 0.40234375 0.125 0.125
4 0.44921875 0.91796875 0.125 0.125
2 0.1171875 0.578125 0.125 0.125
2 0.171875 0.5546875 0.125 0.125
2 0.203125 0.71484375 0.125 0.125
2 0.2265625 0.5078125 0.125 0.125
2 0.37109375 0.59375 0.125 0.125
2 0.41015625 0.96875 0.125 0.125
1 0.2578125 0.66796875 0.125 0.125
1 0.31640625 0.84765625 0.125 0.125
1 0.3203125 0.6328125 0.125 0.125
1 0.37109375 0.80078125 0.125 0.125
1 0.421875 0.5390625 0.125 0.125
1 0.4296875 0.76953125 0.125 0.125
1 0.4765625 0.5 0.125 0.125
1 0.48046875 0.734375 0.125 0.125
4 0.87109375 0.8671875 0.125 0.125
2 0.51953125 0.90234375 0.125 0.125
1 0.53515625 0.69140625 0.125 0.125
1 0.56640625 0.86328125 0.125 0.125
1 0.59375 0.65234375 0.125 0.125
1 0.61328125 0.82421875 0.125 0.125
1 0.64453125 0.61328125 0.125 0.125
1 0.671875 0.796875 0.125 0.125
1 0.6953125 0.56640625 0.125 0.125
1 0.70703125 0.98828125 0.125 0.125
1 0.7265625 0.75 0.125 0.125
1 0.75390625 0.95703125 0.125 0.125
1 0.7578125 0.5390625 0.125 0.125
1 0.78125 0.71875 0.125 0.125
1 0.8203125 0.90234375 0.125 0.125
1 0.83203125 0.67578125 0.125 0.125
1 0.94921875 0.83984375 0.125 0.125
