3 0.1484375 0.21484375 0.125 0.125
3 0.1640625 0.35546875 0.125 0.125
3 0.171875 0.4921875 0.125 0.125
3 0.17578125 0.4296875 0.125 0.125
3 0.30078125 0.3515625 0.125 0.125
3 0.3203125 0.43359375 0.125 0.125
2 0.16796875 0.296875 0.125 0.125
2 0.30859375 0.28515625 0.125 0.125
1 0.1640625 0.07421875 0.125 0.125
1 0.3125 0.13671875 0.125 0.125
1 0.328125 0.0703125 0.125 0.125
4 0.74609375 0.36328125 0.125 0.125
3 0.7421875 0.44921875 0.125 0.125
3 0.75 0.078125 0.125 0.125
3 0.88671875 0.43359375 0.125 0.125
1 0.9140625 0.1484375 0.125 0.125
3 0.1875 0.58203125 0.125 0.125
3 0.3046875 0.58203125 0.125 0.125
1 0.30859375 0.51171875 0.125 0.125
3 0.8828125 0.515625 0.125 0.125
3 0.8828125 0.58984375 0.125 0.125
1 0.73046875 0.58203125 0.125 0.125
1 0.74609375 0.50390625 0.125 0.125
