3 0.12109375 0.35546875 0.125 0.125
3 0.12109375 0.43359375 0.125 0.125
3 0.12890625 0.2890625 0.125 0.125
3 0.2578125 0.1484375 0.125 0.125
3 0.2578125 0.2890625 0.125 0.125
3 0.26171875 0.22265625 0.125 0.125
3 0.28125 0.0078125 0.125 0.125
3 0.28515625 0.09375 0.125 0.125
2 0.125 0.16015625 0.125 0.125
2 0.2578125 0.4921875 0.125 0.125
1 0.2578125 0.42578125 0.125 0.125
1 0.26171875 0.3515625 0.125 0.125
3 0.546875 0.23046875 0.125 0.125
3 0.5546875 0.00390625 0.125 0.125
3 0.5546875 0.48828125 0.125 0.125
3 0.55859375 0.29296875 0.125 0.125
3 0.5703125 0.07421875 0.125 0.125
3 0.5703125 0.35546875 0.125 0.125
3 0.68359375 0.16015625 0.125 0.125
3 0.69921875 0.0703125 0.125 0.125
3 0.69921875 0.359375 0.125 0.125
3 0.703125 0.484375 0.125 0.125
3 0.70703125 0.42578125 0.125 0.125
2 0.5625 0.42578125 0.125 0.125
1 0.6875 0.2890625 0.125 0.125
1 0.69140625 0.21875 0.125 0.125
1 0.71484375 0.01171875 0.125 0.125
3 0.2421875 0.7890625 0.125 0.125
3 0.3125 0.77734375 0.125 0.125
2 0.453125 0.78515625 0.125 0.125
1 0.09375 0.79296875 0.125 0.125
1 0.3828125 0.7890625 0.125 0.125
3 0.65625 0.79296875 0.125 0.125
3 0.8125 0.7734375 0.125 0.125
3 0.890625 0.7890625 0.125 0.125
2 0.53125 0.7890625 0.125 0.125
2 0.95703125 0.796875 0.125 0.125
1 0.7421875 0.7890625 0.125 0.125
