3 0.44140625 0.37109375 0.125 0.125
3 0.00390625 0.00390625 0.125 0.125
3 0.51953125 0.38671875 0.125 0.125
3 0.58203125 0.37890625 0.125 0.125
3 0.6484375 0.37109375 0.125 0.125
3 0.8671875 0.34765625 0.125 0.125
2 0.9453125 0.34375 0.125 0.125
4 0.08203125 0.85546875 0.125 0.125
3 0.28125 0.85546875 0.125 0.125
3 0.28515625 0.7109375 0.125 0.125
3 0.41796875 0.72265625 0.125 0.125
3 0.0078125 0.8359375 0.125 0.125
3 0.01171875 0.6953125 0.125 0.125
3 0.0703125 0.703125 0.125 0.125
3 0.14453125 0.72265625 0.125 0.125
3 0.20703125 0.84765625 0.125 0.125
2 0.4921875 0.734375 0.125 0.125
1 0.15234375 0.8515625 0.125 0.125
1 0.34765625 0.84765625 0.125 0.125
1 0.3515625 0.7109375 0.125 0.125
1 0.41796875 0.875 0.125 0.125
1 0.48828125 0.8671875 0.125 0.125
4 0.79296875 0.74609375 0.125 0.125
3 0.640625 0.734375 0.125 0.125
3 0.64453125 0.88671875 0.125 0.125
3 0.7109375 0.890625 0.125 0.125
3 0.77734375 0.875 0.125 0.125
3 0.8984375 0.72265625 0.125 0.125
3 0.9453125 0.84765625 0.125 0.125
2 0.703125 0.7421875 0.125 0.125
1 0.5546875 0.8671875 0.125 0.125
1 0.5703125 0.734375 0.125 0.125
1 0.87890625 0.88671875 0.125 0.125
1 0.953125 0.6875 0.125 0.125
