4 0.1640625 0.40234375 0.125 0.125
4 0.171875 0.1328125 0.125 0.125
4 0.3203125 0.00390625 0.125 0.125
4 0.32421875 0.0703125 0.125 0.125
4 0.32421875 0.14453125 0.125 0.125
4 0.32421875 0.265625 0.125 0.125
4 0.33203125 0.328125 0.125 0.125
3 0.171875 0.0625 0.125 0.125
3 0.17578125 0.265625 0.125 0.125
3 0.17578125 0.328125 0.125 0.125
3 0.0546875 0.05078125 0.125 0.125
3 0.05859375 0.37109375 0.125 0.125
1 0.046875 0.22265625 0.125 0.125
4 0.015625 0.578125 0.125 0.125
4 0.25 0.65625 0.125 0.125
4 0.3125 0.7578125 0.125 0.125
3 0.08203125 0.6015625 0.125 0.125
3 0.32421875 0.8984375 0.125 0.125
3 0.36328125 0.734375 0.125 0.125
3 0.921875 0.62890625 0.125 0.125
