3 0.484375 0.49609375 0.125 0.125
1 0.37109375 0.3125 0.125 0.125
3 0.74609375 0.19140625 0.125 0.125
3 0.76171875 0.40625 0.125 0.125
2 0.62890625 0.0859375 0.125 0.125
2 0.76171875 0.33203125 0.125 0.125
4 0.49609375 0.96875 0.125 0.125
3 0.35546875 0.5859375 0.125 0.125
3 0.359375 0.66796875 0.125 0.125
3 0.37109375 0.5 0.125 0.125
3 0.47265625 0.58984375 0.125 0.125
3 0.4765625 0.671875 0.125 0.125
3 0.48046875 0.74609375 0.125 0.125
3 0.4921875 0.89453125 0.125 0.125
1 0.3671875 0.74609375 0.125 0.125
1 0.37890625 0.8125 0.125 0.125
1 0.48828125 0.8203125 0.125 0.125
3 0.7734375 0.5234375 0.125 0.125
1 0.74609375 0.97265625 0.125 0.125
