3 0.44140625 0.03515625 0.125 0.125
3 0.078125 0.16015625 0.125 0.125
3 0.18359375 0.03515625 0.125 0.125
3 0.25 0.16015625 0.125 0.125
3 0.2734375 0.02734375 0.125 0.125
3 0.41796875 0.16015625 0.125 0.125
1 0.01171875 0.02734375 0.125 0.125
1 0.1640625 0.15625 0.125 0.125
1 0.33984375 0.16015625 0.125 0.125
1 0.359375 0.02734375 0.125 0.125
1 0.5078125 0.1640625 0.125 0.125
1 0.52734375 0.04296875 0.125 0.125
3 0.4609375 0.8828125 0.125 0.125
3 0.4765625 0.7265625 0.125 0.125
2 0.32421875 0.92578125 0.125 0.125
