3 0.1875 0.30859375 0.125 0.125
1 0.26953125 0.3046875 0.125 0.125
1 0.375 0.3046875 0.125 0.125
1 0.45703125 0.30859375 0.125 0.125
2 0.55859375 0.2890625 0.125 0.125
3 0.44140625 0.53515625 0.125 0.125
3 0.078125 0.66015625 0.125 0.125
3 0.18359375 0.53515625 0.125 0.125
3 0.25 0.66015625 0.125 0.125
3 0.2734375 0.52734375 0.125 0.125
3 0.41796875 0.66015625 0.125 0.125
1 0.01171875 0.52734375 0.125 0.125
1 0.1640625 0.65625 0.125 0.125
1 0.33984375 0.66015625 0.125 0.125
1 0.359375 0.52734375 0.125 0.125
1 0.5078125 0.6640625 0.125 0.125
1 0.52734375 0.54296875 0.125 0.125
