3 0.453125 0.3125 0.125 0.125
3 0.1796875 0.296875 0.125 0.125
1 0.33203125 0.29296875 0.125 0.125
3 0.8046875 0.3125 0.125 0.125
1 0.68359375 0.3046875 0.125 0.125
4 0.24609375 0.8671875 0.125 0.125
4 0.39453125 0.6484375 0.125 0.125
3 0.453125 0.86328125 0.125 0.125
3 0.03125 0.640625 0.125 0.125
3 0.09765625 0.63671875 0.125 0.125
3 0.1640625 0.8515625 0.125 0.125
3 0.31640625 0.63671875 0.125 0.125
3 0.3203125 0.859375 0.125 0.125
2 0.10546875 0.859375 0.125 0.125
2 0.16796875 0.64453125 0.125 0.125
1 0.0234375 0.859375 0.125 0.125
3 0.6015625 0.88671875 0.125 0.125
3 0.66796875 0.640625 0.125 0.125
3 0.7421875 0.8671875 0.125 0.125
3 0.8125 0.86328125 0.125 0.125
2 0.53515625 0.6640625 0.125 0.125
2 0.6796875 0.87890625 0.125 0.125
1 0.53125 0.85546875 0.125 0.125
1 0.890625 0.875 0.125 0.125
1 0.9609375 0.8671875 0.125 0.125
