2 0.01953125 0.3125 0.125 0.125
2 0.09375 0.3125 0.125 0.125
2 0.140625 0.46484375 0.125 0.125
2 0.171875 0.3125 0.125 0.125
2 0.22265625 0.47265625 0.125 0.125
2 0.30078125 0.01953125 0.125 0.125
3 0.00390625 0.47265625 0.125 0.125
3 0.0703125 0.0078125 0.125 0.125
3 0.078125 0.47265625 0.125 0.125
3 0.13671875 0.015625 0.125 0.125
3 0.21484375 0.00390625 0.125 0.125
2 0.578125 0.046875 0.125 0.125
2 0.0 0.80078125 0.125 0.125
2 0.09765625 0.8046875 0.125 0.125
2 0.17578125 0.8203125 0.125 0.125
3 0.13671875 0.96484375 0.125 0.125
1 0.8828125 0.7265625 0.125 0.125
1 0.96484375 0.74609375 0.125 0.125
3 0.81640625 0.7109375 0.125 0.125
2 0.5703125 0.88671875 0.125 0.125
2 0.578125 0.7109375 0.125 0.125
2 0.734375 0.74609375 0.125 0.125
3 0.65625 0.6953125 0.125 0.125
3 0.8125 0.87109375 0.125 0.125
