2 0.30078125 0.33203125 0.125 0.125
1 0.48828125 0.1953125 0.125 0.125
4 0.91796875 0.1171875 0.125 0.125
4 0.94140625 0.0078125 0.125 0.125
4 0.953125 0.484375 0.125 0.125
2 0.625 0.25390625 0.125 0.125
3 0.19921875 0.625 0.125 0.125
3 0.203125 0.76171875 0.125 0.125
3 0.20703125 0.90625 0.125 0.125
3 0.24609375 0.515625 0.125 0.125
3 0.26171875 0.76171875 0.125 0.125
3 0.265625 0.61328125 0.125 0.125
3 0.26953125 0.89453125 0.125 0.125
3 0.328125 0.6171875 0.125 0.125
3 0.33984375 0.75390625 0.125 0.125
3 0.33984375 0.88671875 0.125 0.125
3 0.3828125 0.62109375 0.125 0.125
3 0.3984375 0.75390625 0.125 0.125
3 0.40625 0.88671875 0.125 0.125
3 0.49609375 0.66015625 0.125 0.125
3 0.51171875 0.7265625 0.125 0.125
3 0.51171875 0.78125 0.125 0.125
3 0.51171875 0.84765625 0.125 0.125
3 0.515625 0.90234375 0.125 0.125
3 0.5234375 0.9765625 0.125 0.125
3 0.53125 0.5703125 0.125 0.125
3 0.65625 0.7734375 0.125 0.125
3 0.6640625 0.8359375 0.125 0.125
3 0.6640625 0.89453125 0.125 0.125
3 0.66796875 0.97265625 0.125 0.125
3 0.79296875 0.75390625 0.125 0.125
3 0.8046875 0.82421875 0.125 0.125
3 0.80859375 0.94140625 0.125 0.125
3 0.8125 0.87890625 0.125 0.125
3 0.90625 0.6953125 0.125 0.125
3 0.9296875 0.75390625 0.125 0.125
3 0.9296875 0.8125 0.125 0.125
3 0.9375 0.99609375 0.125 0.125
3 0.94140625 0.94140625 0.125 0.125
3 0.9453125 0.875 0.125 0.125
1 0.6640625 0.65234375 0.125 0.125
1 0.78125 0.64453125 0.125 0.125
1 0.7890625 0.70703125 0.125 0.125
