4 0.3125 0.33984375 0.125 0.125
3 0.30078125 0.12890625 0.125 0.125
3 0.3046875 0.19140625 0.125 0.125
3 0.32421875 0.0546875 0.125 0.125
3 0.328125 0.26953125 0.125 0.125
3 0.4375 0.1953125 0.125 0.125
3 0.44921875 0.41796875 0.125 0.125
3 0.44921875 0.484375 0.125 0.125
3 0.4609375 0.0546875 0.125 0.125
1 0.45703125 0.125 0.125 0.125
1 0.4609375 0.2734375 0.125 0.125
3 0.76953125 0.30859375 0.125 0.125
1 0.7734375 0.23828125 0.125 0.125
1 0.7734375 0.3828125 0.125 0.125
1 0.85546875 0.140625 0.125 0.125
1 0.859375 0.046875 0.125 0.125
3 0.29296875 0.6953125 0.125 0.125
3 0.4453125 0.6953125 0.125 0.125
3 0.453125 0.55078125 0.125 0.125
3 0.453125 0.63671875 0.125 0.125
1 0.31640625 0.625 0.125 0.125
3 0.76953125 0.6015625 0.125 0.125
2 0.76953125 0.53125 0.125 0.125
1 0.75390625 0.68359375 0.125 0.125
