3 0.01171875 0.33984375 0.125 0.125
3 0.01953125 0.46484375 0.125 0.125
3 0.08984375 0.35546875 0.125 0.125
1 0.3515625 0.359375 0.125 0.125
1 0.39453125 0.296875 0.125 0.125
1 0.48828125 0.40625 0.125 0.125
3 0.51171875 0.28515625 0.125 0.125
3 0.58203125 0.26953125 0.125 0.125
3 0.58203125 0.40625 0.125 0.125
3 0.6484375 0.390625 0.125 0.125
3 0.79296875 0.26171875 0.125 0.125
3 0.8203125 0.39453125 0.125 0.125
3 0.91015625 0.28125 0.125 0.125
3 0.921875 0.4140625 0.125 0.125
3 0.99609375 0.39453125 0.125 0.125
1 0.67578125 0.3046875 0.125 0.125
4 0.3828125 0.99609375 0.125 0.125
3 0.3515625 0.5703125 0.125 0.125
3 0.41015625 0.73828125 0.125 0.125
3 0.43359375 0.58984375 0.125 0.125
3 0.484375 0.75 0.125 0.125
3 0.48828125 0.62890625 0.125 0.125
1 0.08984375 0.67578125 0.125 0.125
1 0.3515625 0.703125 0.125 0.125
1 0.44140625 0.98828125 0.125 0.125
3 0.53125 0.99609375 0.125 0.125
3 0.55859375 0.62890625 0.125 0.125
3 0.6015625 0.98828125 0.125 0.125
3 0.6328125 0.765625 0.125 0.125
3 0.640625 0.625 0.125 0.125
3 0.7109375 0.78125 0.125 0.125
3 0.77734375 0.9921875 0.125 0.125
3 0.80078125 0.6484375 0.125 0.125
3 0.8828125 0.76953125 0.125 0.125
3 0.90234375 0.6171875 0.125 0.125
3 0.97265625 0.765625 0.125 0.125
1 0.87109375 0.99609375 0.125 0.125
1 0.98046875 0.63671875 0.125 0.125
1 0.55859375 0.7421875 0.125 0.125
1 0.68359375 0.9921875 0.125 0.125
1 0.7109375 0.65625 0.125 0.125
