4 0.109375 0.30078125 0.125 0.125
3 0.21875 0.0234375 0.125 0.125
1 0.09765625 0.4375 0.125 0.125
1 0.22265625 0.30078125 0.125 0.125
4 0.51953125 0.17578125 0.125 0.125
4 0.92578125 0.203125 0.125 0.125
2 0.64453125 0.43359375 0.125 0.125
2 0.67578125 0.171875 0.125 0.125
2 0.90625 0.34375 0.125 0.125
2 0.9453125 0.41796875 0.125 0.125
3 0.5390625 0.25390625 0.125 0.125
3 0.72265625 0.43359375 0.125 0.125
1 0.51953125 0.33984375 0.125 0.125
1 0.5234375 0.078125 0.125 0.125
1 0.52734375 0.0 0.125 0.125
1 0.64453125 0.30859375 0.125 0.125
1 0.95703125 0.1328125 0.125 0.125
1 0.95703125 0.4921875 0.125 0.125
4 0.078125 0.921875 0.125 0.125
2 0.4921875 0.765625 0.125 0.125
2 0.49609375 0.72265625 0.125 0.125
3 0.07421875 0.62890625 0.125 0.125
3 0.08203125 0.703125 0.125 0.125
3 0.09765625 0.51953125 0.125 0.125
3 0.09765625 0.84765625 0.125 0.125
3 0.484375 0.60546875 0.125 0.125
1 0.08203125 0.76953125 0.125 0.125
1 0.09375 0.578125 0.125 0.125
1 0.18359375 0.60546875 0.125 0.125
1 0.203125 0.77734375 0.125 0.125
3 0.890625 0.9609375 0.125 0.125
3 0.9609375 0.703125 0.125 0.125
3 0.98046875 0.5703125 0.125 0.125
3 0.98046875 0.6328125 0.125 0.125
4 0.5 0.52734375 0.125 0.125
4 0.53125 0.8515625 0.125 0.125
2 0.68359375 0.5625 0.125 0.125
3 0.5234375 0.65625 0.125 0.125
1 0.64453125 0.796875 0.125 0.125
1 0.66796875 0.67578125 0.125 0.125
1 0.671875 0.93359375 0.125 0.125
1 0.67578125 0.86328125 0.125 0.125
