3 0.18359375 0.05078125 0.125 0.125
3 0.4375 0.14453125 0.125 0.125
1 0.08984375 0.14453125 0.125 0.125
1 0.31640625 0.25390625 0.125 0.125
3 0.75390625 0.35546875 0.125 0.125
3 0.84375 0.25 0.125 0.125
3 0.953125 0.359375 0.125 0.125
2 0.55078125 0.25 0.125 0.125
1 0.6015625 0.35546875 0.125 0.125
1 0.609375 0.0625 0.125 0.125
1 0.80078125 0.15625 0.125 0.125
3 0.4296875 0.8984375 0.125 0.125
3 0.76953125 0.7265625 0.125 0.125
3 0.8671875 0.72265625 0.125 0.125
3 0.96484375 0.73046875 0.125 0.125
1 0.5859375 0.73046875 0.125 0.125
1 0.68359375 0.73046875 0.125 0.125
1 0.765625 0.98046875 0.125 0.125
1 0.8984375 0.99609375 0.125 0.125
