4 0.203125 0.5703125 0.125 0.125
3 0.18359375 0.8671875 0.125 0.125
3 0.18359375 0.93359375 0.125 0.125
3 0.19140625 0.7890625 0.125 0.125
3 0.49609375 0.94140625 0.125 0.125
1 0.19140625 0.64453125 0.125 0.125
1 0.1953125 0.72265625 0.125 0.125
1 0.2109375 0.50390625 0.125 0.125
3 0.50390625 0.875 0.125 0.125
3 0.51171875 0.65625 0.125 0.125
3 0.52734375 0.59765625 0.125 0.125
3 0.6484375 0.73828125 0.125 0.125
3 0.65625 0.796875 0.125 0.125
3 0.66015625 0.59375 0.125 0.125
1 0.50390625 0.8046875 0.125 0.125
