3 0.265625 0.4375 0.125 0.125
3 0.38671875 0.30078125 0.125 0.125
3 0.453125 0.30078125 0.125 0.125
1 0.1796875 0.27734375 0.125 0.125
1 0.25390625 0.29296875 0.125 0.125
1 0.3828125 0.44140625 0.125 0.125
1 0.45703125 0.43359375 0.125 0.125
1 0.11328125 0.42578125 0.125 0.125
4 0.58984375 0.44921875 0.125 0.125
3 0.51953125 0.44921875 0.125 0.125
3 0.5234375 0.3046875 0.125 0.125
3 0.6015625 0.30078125 0.125 0.125
3 0.66796875 0.43359375 0.125 0.125
2 0.73046875 0.296875 0.125 0.125
1 0.6640625 0.296875 0.125 0.125
4 0.10546875 0.703125 0.125 0.125
3 0.0234375 0.7109375 0.125 0.125
3 0.28515625 0.71484375 0.125 0.125
1 0.359375 0.70703125 0.125 0.125
1 0.43359375 0.7109375 0.125 0.125
1 0.43359375 0.85546875 0.125 0.125
3 0.51171875 0.859375 0.125 0.125
3 0.52734375 0.72265625 0.125 0.125
3 0.671875 0.72265625 0.125 0.125
3 0.73046875 0.87890625 0.125 0.125
1 0.65625 0.8671875 0.125 0.125
