4 0.12109375 0.32421875 0.125 0.125
4 0.1796875 0.296875 0.125 0.125
4 0.265625 0.3046875 0.125 0.125
4 0.3203125 0.44921875 0.125 0.125
3 0.03125 0.32421875 0.125 0.125
3 0.03125 0.4921875 0.125 0.125
3 0.05078125 0.16015625 0.125 0.125
3 0.109375 0.484375 0.125 0.125
3 0.1171875 0.1484375 0.125 0.125
3 0.203125 0.15234375 0.125 0.125
1 0.1953125 0.484375 0.125 0.125
1 0.26171875 0.46875 0.125 0.125
1 0.3515625 0.1328125 0.125 0.125
1 0.41015625 0.28125 0.125 0.125
1 0.42578125 0.109375 0.125 0.125
4 0.87109375 0.375 0.125 0.125
4 0.890625 0.23828125 0.125 0.125
3 0.5 0.2578125 0.125 0.125
3 0.81640625 0.375 0.125 0.125
3 0.8828125 0.109375 0.125 0.125
3 0.96875 0.078125 0.125 0.125
3 0.9765625 0.22265625 0.125 0.125
1 0.51171875 0.11328125 0.125 0.125
1 0.51171875 0.43359375 0.125 0.125
1 0.79296875 0.1015625 0.125 0.125
1 0.9453125 0.3671875 0.125 0.125
4 0.3046875 0.59765625 0.125 0.125
3 0.03515625 0.62890625 0.125 0.125
3 0.10546875 0.6171875 0.125 0.125
3 0.16015625 0.6171875 0.125 0.125
3 0.47265625 0.734375 0.125 0.125
2 0.0078125 0.79296875 0.125 0.125
1 0.23828125 0.62109375 0.125 0.125
1 0.3984375 0.7421875 0.125 0.125
1 0.44921875 0.59375 0.125 0.125
4 0.8671875 0.8515625 0.125 0.125
4 0.90234375 0.796875 0.125 0.125
4 0.97265625 0.80078125 0.125 0.125
3 0.62890625 0.71875 0.125 0.125
3 0.91015625 0.921875 0.125 0.125
3 0.96875 0.64453125 0.125 0.125
2 0.609375 0.5625 0.125 0.125
1 0.53515625 0.58984375 0.125 0.125
1 0.55078125 0.7265625 0.125 0.125
1 0.90234375 0.6640625 0.125 0.125
