4 0.29296875 0.11328125 0.125 0.125
3 0.0234375 0.01171875 0.125 0.125
3 0.0234375 0.37890625 0.125 0.125
3 0.03125 0.2265625 0.125 0.125
3 0.1015625 0.19921875 0.125 0.125
3 0.1015625 0.34765625 0.125 0.125
3 0.16015625 0.32421875 0.125 0.125
3 0.1640625 0.1796875 0.125 0.125
3 0.21875 0.2890625 0.125 0.125
3 0.23828125 0.14453125 0.125 0.125
3 0.28515625 0.265625 0.125 0.125
3 0.29296875 0.4921875 0.125 0.125
3 0.34375 0.23828125 0.125 0.125
3 0.3515625 0.453125 0.125 0.125
3 0.42578125 0.43359375 0.125 0.125
4 0.73046875 0.01171875 0.125 0.125
4 0.76171875 0.15625 0.125 0.125
3 0.6953125 0.16796875 0.125 0.125
3 0.75390625 0.3671875 0.125 0.125
3 0.82421875 0.33203125 0.125 0.125
3 0.828125 0.12109375 0.125 0.125
3 0.859375 0.46875 0.125 0.125
3 0.87890625 0.30859375 0.125 0.125
3 0.92578125 0.4375 0.125 0.125
3 0.94140625 0.28515625 0.125 0.125
3 0.94921875 0.0703125 0.125 0.125
3 0.984375 0.4140625 0.125 0.125
1 0.60546875 0.08203125 0.125 0.125
1 0.671875 0.04296875 0.125 0.125
1 0.89453125 0.09765625 0.125 0.125
3 0.4765625 0.55078125 0.125 0.125
3 0.484375 0.7734375 0.125 0.125
3 0.484375 0.9296875 0.125 0.125
3 0.02734375 0.76171875 0.125 0.125
3 0.04296875 0.59765625 0.125 0.125
3 0.05078125 0.984375 0.125 0.125
3 0.09375 0.734375 0.125 0.125
3 0.1015625 0.5625 0.125 0.125
3 0.11328125 0.95703125 0.125 0.125
3 0.15234375 0.70703125 0.125 0.125
3 0.16796875 0.54296875 0.125 0.125
3 0.17578125 0.92578125 0.125 0.125
3 0.21484375 0.671875 0.125 0.125
3 0.23046875 0.51171875 0.125 0.125
3 0.234375 0.890625 0.125 0.125
3 0.2734375 0.6328125 0.125 0.125
3 0.3046875 0.859375 0.125 0.125
3 0.34375 0.6015625 0.125 0.125
3 0.3515625 0.984375 0.125 0.125
3 0.4140625 0.5859375 0.125 0.125
3 0.41796875 0.9609375 0.125 0.125
3 0.42578125 0.80078125 0.125 0.125
1 0.36328125 0.8359375 0.125 0.125
4 0.5546875 0.7421875 0.125 0.125
3 0.55078125 0.8984375 0.125 0.125
3 0.609375 0.87890625 0.125 0.125
3 0.9921875 0.7734375 0.125 0.125
1 0.9453125 0.65625 0.125 0.125
