3 0.41015625 0.27734375 0.125 0.125
3 0.02734375 0.14453125 0.125 0.125
3 0.046875 0.2890625 0.125 0.125
3 0.09765625 0.16015625 0.125 0.125
3 0.16796875 0.15234375 0.125 0.125
2 0.2421875 0.16796875 0.125 0.125
2 0.265625 0.29296875 0.125 0.125
2 0.48828125 0.26953125 0.125 0.125
1 0.32421875 0.1484375 0.125 0.125
3 0.296875 0.578125 0.125 0.125
2 0.0546875 0.69921875 0.125 0.125
1 0.01953125 0.5703125 0.125 0.125
1 0.08984375 0.5703125 0.125 0.125
1 0.12890625 0.69921875 0.125 0.125
1 0.16796875 0.578125 0.125 0.125
1 0.23046875 0.70703125 0.125 0.125
1 0.23828125 0.5859375 0.125 0.125
1 0.3828125 0.6015625 0.125 0.125
1 0.453125 0.578125 0.125 0.125
