3 0.11328125 0.38671875 0.125 0.125
3 0.46875 0.0234375 0.125 0.125
3 0.48828125 0.09375 0.125 0.125
3 0.49609375 0.1640625 0.125 0.125
3 0.49609375 0.23046875 0.125 0.125
2 0.1015625 0.44921875 0.125 0.125
2 0.11328125 0.02734375 0.125 0.125
2 0.12109375 0.3125 0.125 0.125
1 0.1015625 0.234375 0.125 0.125
1 0.1171875 0.09765625 0.125 0.125
1 0.125 0.16015625 0.125 0.125
3 0.9765625 0.37109375 0.125 0.125
3 0.64453125 0.02734375 0.125 0.125
4 0.10546875 0.67578125 0.125 0.125
3 0.12109375 0.60546875 0.125 0.125
3 0.125 0.95703125 0.125 0.125
3 0.48828125 0.8984375 0.125 0.125
3 0.49609375 0.63671875 0.125 0.125
3 0.49609375 0.83203125 0.125 0.125
1 0.10546875 0.74609375 0.125 0.125
1 0.11328125 0.89453125 0.125 0.125
1 0.12109375 0.8125 0.125 0.125
4 0.62890625 0.97265625 0.125 0.125
3 0.98046875 0.70703125 0.125 0.125
3 0.98828125 0.91015625 0.125 0.125
3 0.50390625 0.5 0.125 0.125
3 0.6171875 0.70703125 0.125 0.125
3 0.6484375 0.890625 0.125 0.125
