3 0.16796875 0.1171875 0.125 0.125
2 0.3125 0.19921875 0.125 0.125
1 0.1484375 0.2421875 0.125 0.125
1 0.171875 0.1796875 0.125 0.125
1 0.1796875 0.05859375 0.125 0.125
1 0.28515625 0.26171875 0.125 0.125
1 0.3125 0.125 0.125 0.125
1 0.33203125 0.05859375 0.125 0.125
3 0.75 0.06640625 0.125 0.125
3 0.75 0.3203125 0.125 0.125
3 0.7578125 0.26953125 0.125 0.125
3 0.8828125 0.109375 0.125 0.125
3 0.890625 0.3046875 0.125 0.125
3 0.8984375 0.05078125 0.125 0.125
2 0.78125 0.21484375 0.125 0.125
2 0.8984375 0.18359375 0.125 0.125
1 0.7421875 0.1328125 0.125 0.125
