3 0.0703125 0.0859375 0.125 0.125
3 0.15234375 0.0859375 0.125 0.125
3 0.23046875 0.08203125 0.125 0.125
1 0.05078125 0.37109375 0.125 0.125
1 0.13671875 0.36328125 0.125 0.125
1 0.21484375 0.36328125 0.125 0.125
1 0.3046875 0.36328125 0.125 0.125
1 0.31640625 0.08203125 0.125 0.125
1 0.38671875 0.37109375 0.125 0.125
1 0.39453125 0.08984375 0.125 0.125
1 0.46484375 0.3671875 0.125 0.125
1 0.48046875 0.08203125 0.125 0.125
1 0.6328125 0.08984375 0.125 0.125
1 0.63671875 0.36328125 0.125 0.125
1 0.55078125 0.3671875 0.125 0.125
1 0.5546875 0.08203125 0.125 0.125
1 0.8359375 0.83203125 0.125 0.125
1 0.90234375 0.828125 0.125 0.125
