4 0.0390625 0.3203125 0.125 0.125
3 0.140625 0.03515625 0.125 0.125
3 0.14453125 0.40625 0.125 0.125
3 0.1484375 0.19140625 0.125 0.125
3 0.1640625 0.2578125 0.125 0.125
3 0.4765625 0.10546875 0.125 0.125
3 0.4765625 0.2578125 0.125 0.125
3 0.48046875 0.47265625 0.125 0.125
3 0.015625 0.015625 0.125 0.125
3 0.015625 0.2421875 0.125 0.125
3 0.01953125 0.17578125 0.125 0.125
1 0.01171875 0.09375 0.125 0.125
1 0.01171875 0.38671875 0.125 0.125
1 0.14453125 0.48046875 0.125 0.125
1 0.15234375 0.109375 0.125 0.125
1 0.47265625 0.1796875 0.125 0.125
1 0.4921875 0.40625 0.125 0.125
3 0.47265625 0.53515625 0.125 0.125
2 0.15625 0.53125 0.125 0.125
1 0.140625 0.625 0.125 0.125
1 0.47265625 0.7578125 0.125 0.125
3 0.69921875 0.57421875 0.125 0.125
1 0.765625 0.578125 0.125 0.125
1 0.8359375 0.59375 0.125 0.125
