3 0.28125 0.375 0.125 0.125
1 0.1328125 0.390625 0.125 0.125
1 0.2109375 0.3828125 0.125 0.125
1 0.36328125 0.3984375 0.125 0.125
1 0.4296875 0.390625 0.125 0.125
4 0.98828125 0.40625 0.125 0.125
3 0.6953125 0.4140625 0.125 0.125
3 0.80859375 0.40625 0.125 0.125
1 0.50390625 0.41015625 0.125 0.125
3 0.0703125 0.7421875 0.125 0.125
3 0.07421875 0.9140625 0.125 0.125
3 0.14453125 0.7421875 0.125 0.125
3 0.28125 0.8828125 0.125 0.125
3 0.359375 0.765625 0.125 0.125
3 0.3671875 0.90625 0.125 0.125
3 0.4375 0.90625 0.125 0.125
1 0.140625 0.89453125 0.125 0.125
1 0.20703125 0.8984375 0.125 0.125
1 0.21875 0.75390625 0.125 0.125
1 0.29296875 0.7421875 0.125 0.125
1 0.42578125 0.75390625 0.125 0.125
4 0.8203125 0.91015625 0.125 0.125
1 0.83203125 0.7578125 0.125 0.125
1 0.83984375 0.6796875 0.125 0.125
