4 0.21484375 0.39453125 0.125 0.125
3 0.2109375 0.3359375 0.125 0.125
3 0.22265625 0.2734375 0.125 0.125
3 0.375 0.0390625 0.125 0.125
3 0.46875 0.015625 0.125 0.125
3 0.48828125 0.0703125 0.125 0.125
2 0.078125 0.44921875 0.125 0.125
3 0.90234375 0.08203125 0.125 0.125
3 0.140625 0.5 0.125 0.125
3 0.3828125 0.6953125 0.125 0.125
2 0.2421875 0.9609375 0.125 0.125
2 0.25 0.63671875 0.125 0.125
2 0.2578125 0.71484375 0.125 0.125
1 0.14453125 0.9375 0.125 0.125
1 0.1640625 0.80859375 0.125 0.125
1 0.2421875 0.56640625 0.125 0.125
1 0.2578125 0.7890625 0.125 0.125
2 0.6484375 0.98828125 0.125 0.125
2 0.6875 0.921875 0.125 0.125
2 0.765625 0.83984375 0.125 0.125
2 0.87890625 0.8203125 0.125 0.125
