1 0.3359375 0.33203125 0.125 0.125
1 0.40234375 0.328125 0.125 0.125
2 0.59765625 0.04296875 0.125 0.125
2 0.67578125 0.0625 0.125 0.125
2 0.8984375 0.06640625 0.125 0.125
1 0.62109375 0.4609375 0.125 0.125
1 0.7578125 0.07421875 0.125 0.125
1 0.83203125 0.08984375 0.125 0.125
4 0.3515625 0.91796875 0.125 0.125
3 0.1875 0.9140625 0.125 0.125
3 0.2734375 0.921875 0.125 0.125
3 0.4296875 0.88671875 0.125 0.125
2 0.23046875 0.67578125 0.125 0.125
1 0.0546875 0.93359375 0.125 0.125
3 0.6328125 0.54296875 0.125 0.125
3 0.6484375 0.63671875 0.125 0.125
3 0.65625 0.71875 0.125 0.125
3 0.66015625 0.64453125 0.125 0.125
