4 0.18359375 0.2890625 0.125 0.125
3 0.3671875 0.43359375 0.125 0.125
3 0.48828125 0.41796875 0.125 0.125
1 0.15625 0.43359375 0.125 0.125
1 0.25390625 0.26171875 0.125 0.125
1 0.30078125 0.43359375 0.125 0.125
3 0.5546875 0.4296875 0.125 0.125
3 0.61328125 0.41796875 0.125 0.125
3 0.7421875 0.40625 0.125 0.125
3 0.80859375 0.41796875 0.125 0.125
3 0.87890625 0.43359375 0.125 0.125
1 0.6875 0.42578125 0.125 0.125
1 0.9453125 0.42578125 0.125 0.125
3 0.15234375 0.75390625 0.125 0.125
3 0.26953125 0.734375 0.125 0.125
3 0.4765625 0.75 0.125 0.125
2 0.4140625 0.74609375 0.125 0.125
1 0.21484375 0.73828125 0.125 0.125
3 0.5390625 0.75390625 0.125 0.125
3 0.60546875 0.88671875 0.125 0.125
3 0.609375 0.75390625 0.125 0.125
3 0.7734375 0.75390625 0.125 0.125
1 0.67578125 0.7421875 0.125 0.125
1 0.68359375 0.89453125 0.125 0.125
