4 0.0 0.03515625 0.125 0.125
4 0.49609375 0.109375 0.125 0.125
3 0.1484375 0.234375 0.125 0.125
3 0.484375 0.24609375 0.125 0.125
3 0.48828125 0.30859375 0.125 0.125
3 0.4921875 0.1875 0.125 0.125
3 0.1171875 0.30859375 0.125 0.125
3 0.1328125 0.109375 0.125 0.125
3 0.140625 0.4453125 0.125 0.125
3 0.14453125 0.17578125 0.125 0.125
1 0.1328125 0.37890625 0.125 0.125
1 0.13671875 0.04296875 0.125 0.125
1 0.45703125 0.4453125 0.125 0.125
1 0.484375 0.3828125 0.125 0.125
3 0.9765625 0.38671875 0.125 0.125
2 0.6015625 0.12109375 0.125 0.125
1 0.59375 0.453125 0.125 0.125
1 0.62109375 0.3828125 0.125 0.125
1 0.62890625 0.24609375 0.125 0.125
1 0.98828125 0.26171875 0.125 0.125
3 0.46484375 0.7890625 0.125 0.125
3 0.48046875 0.51953125 0.125 0.125
3 0.48046875 0.578125 0.125 0.125
3 0.484375 0.71875 0.125 0.125
3 0.48828125 0.65234375 0.125 0.125
3 0.1015625 0.76953125 0.125 0.125
3 0.109375 0.85546875 0.125 0.125
3 0.11328125 0.71484375 0.125 0.125
3 0.11328125 0.91796875 0.125 0.125
3 0.1328125 0.51171875 0.125 0.125
3 0.1328125 0.64453125 0.125 0.125
1 0.125 0.58984375 0.125 0.125
1 0.46875 0.84765625 0.125 0.125
4 0.6171875 0.71484375 0.125 0.125
3 0.59765625 0.93359375 0.125 0.125
3 0.60546875 0.58203125 0.125 0.125
3 0.6171875 0.65234375 0.125 0.125
3 0.6171875 0.79296875 0.125 0.125
3 0.62109375 0.85546875 0.125 0.125
3 0.62890625 0.5234375 0.125 0.125
3 0.984375 0.5234375 0.125 0.125
3 0.99609375 0.6640625 0.125 0.125
1 0.984375 0.84765625 0.125 0.125
1 0.98828125 0.796875 0.125 0.125
1 0.9921875 0.73046875 0.125 0.125
1 0.99609375 0.93359375 0.125 0.125
