2 0.0390625 0.03125 0.125 0.125
1 0.296875 0.04296875 0.125 0.125
1 0.63671875 0.05078125 0.125 0.125
1 0.94140625 0.3125 0.125 0.125
3 0.1015625 0.84375 0.125 0.125
3 0.140625 0.51953125 0.125 0.125
3 0.21484375 0.52734375 0.125 0.125
3 0.24609375 0.8515625 0.125 0.125
3 0.28125 0.5234375 0.125 0.125
3 0.4140625 0.5234375 0.125 0.125
3 0.45703125 0.859375 0.125 0.125
1 0.02734375 0.8515625 0.125 0.125
1 0.05859375 0.51953125 0.125 0.125
1 0.171875 0.8515625 0.125 0.125
1 0.31640625 0.84765625 0.125 0.125
1 0.34765625 0.53125 0.125 0.125
1 0.3828125 0.85546875 0.125 0.125
1 0.4921875 0.5390625 0.125 0.125
4 0.60546875 0.8515625 0.125 0.125
3 0.77734375 0.52734375 0.125 0.125
3 0.8203125 0.8515625 0.125 0.125
3 0.85546875 0.5390625 0.125 0.125
3 0.53125 0.84375 0.125 0.125
3 0.67578125 0.8515625 0.125 0.125
1 0.56640625 0.53125 0.125 0.125
1 0.64453125 0.5234375 0.125 0.125
1 0.71484375 0.53125 0.125 0.125
1 0.75 0.8515625 0.125 0.125
