4 0.3828125 0.46875 0.125 0.125
4 0.44921875 0.44140625 0.125 0.125
3 0.046875 0.11328125 0.125 0.125
3 0.08203125 0.26171875 0.125 0.125
3 0.09765625 0.0859375 0.125 0.125
3 0.15625 0.0546875 0.125 0.125
3 0.16796875 0.44140625 0.125 0.125
3 0.20703125 0.19921875 0.125 0.125
3 0.2109375 0.015625 0.125 0.125
3 0.2265625 0.421875 0.125 0.125
3 0.26953125 0.16796875 0.125 0.125
1 0.2890625 0.390625 0.125 0.125
1 0.32421875 0.15234375 0.125 0.125
1 0.3515625 0.359375 0.125 0.125
1 0.3828125 0.13671875 0.125 0.125
1 0.41796875 0.3359375 0.125 0.125
1 0.43359375 0.0859375 0.125 0.125
1 0.47265625 0.3046875 0.125 0.125
1 0.49609375 0.06640625 0.125 0.125
4 0.9453125 0.43359375 0.125 0.125
3 0.515625 0.4140625 0.125 0.125
3 0.57421875 0.39453125 0.125 0.125
3 0.58984375 0.25 0.125 0.125
3 0.640625 0.36328125 0.125 0.125
3 0.64453125 0.21875 0.125 0.125
3 0.6953125 0.33984375 0.125 0.125
3 0.76171875 0.30859375 0.125 0.125
3 0.8125 0.28125 0.125 0.125
3 0.83203125 0.4921875 0.125 0.125
3 0.875 0.25 0.125 0.125
3 0.890625 0.47265625 0.125 0.125
1 0.52734375 0.28515625 0.125 0.125
1 0.55078125 0.0390625 0.125 0.125
1 0.60546875 0.01953125 0.125 0.125
1 0.703125 0.19921875 0.125 0.125
1 0.7578125 0.1640625 0.125 0.125
1 0.8203125 0.140625 0.125 0.125
3 0.1953125 0.546875 0.125 0.125
3 0.265625 0.51953125 0.125 0.125
3 0.2890625 0.75 0.125 0.125
3 0.3203125 0.5 0.125 0.125
3 0.32421875 0.875 0.125 0.125
3 0.34375 0.72265625 0.125 0.125
3 0.3828125 0.8359375 0.125 0.125
3 0.40234375 0.6875 0.125 0.125
3 0.4375 0.81640625 0.125 0.125
3 0.46875 0.6640625 0.125 0.125
1 0.015625 0.93359375 0.125 0.125
1 0.0625 0.89453125 0.125 0.125
4 0.6640625 0.9375 0.125 0.125
4 0.91015625 0.81640625 0.125 0.125
3 0.98046875 0.94140625 0.125 0.125
3 0.50390625 0.78515625 0.125 0.125
3 0.53515625 0.63671875 0.125 0.125
3 0.53515625 0.99609375 0.125 0.125
3 0.5625 0.75390625 0.125 0.125
3 0.58984375 0.6015625 0.125 0.125
3 0.59375 0.96875 0.125 0.125
3 0.6328125 0.7265625 0.125 0.125
3 0.6484375 0.5703125 0.125 0.125
3 0.6953125 0.703125 0.125 0.125
3 0.70703125 0.546875 0.125 0.125
3 0.72265625 0.91015625 0.125 0.125
3 0.7734375 0.515625 0.125 0.125
3 0.78515625 0.8828125 0.125 0.125
3 0.828125 0.64453125 0.125 0.125
3 0.83203125 0.8515625 0.125 0.125
3 0.8828125 0.625 0.125 0.125
3 0.921875 0.97265625 0.125 0.125
3 0.9609375 0.78515625 0.125 0.125
2 0.58984375 0.86328125 0.125 0.125
1 0.94921875 0.6015625 0.125 0.125
