3 0.01171875 0.33984375 0.125 0.125
3 0.07421875 0.46484375 0.125 0.125
3 0.11328125 0.265625 0.125 0.125
3 0.12890625 0.421875 0.125 0.125
3 0.19140625 0.3828125 0.125 0.125
3 0.2265625 0.19921875 0.125 0.125
3 0.4140625 0.4765625 0.125 0.125
1 0.01171875 0.1015625 0.125 0.125
1 0.0625 0.3046875 0.125 0.125
1 0.06640625 0.07421875 0.125 0.125
1 0.109375 0.03125 0.125 0.125
1 0.171875 0.23828125 0.125 0.125
1 0.25390625 0.36328125 0.125 0.125
1 0.3125 0.31640625 0.125 0.125
4 0.43359375 0.62890625 0.125 0.125
4 0.484375 0.8359375 0.125 0.125
3 0.02734375 0.73828125 0.125 0.125
3 0.0625 0.8828125 0.125 0.125
3 0.07421875 0.69921875 0.125 0.125
3 0.140625 0.66015625 0.125 0.125
3 0.1640625 0.8125 0.125 0.125
3 0.19921875 0.625 0.125 0.125
3 0.21875 0.76953125 0.125 0.125
3 0.26953125 0.96875 0.125 0.125
3 0.2734375 0.73828125 0.125 0.125
3 0.32421875 0.9375 0.125 0.125
3 0.33203125 0.703125 0.125 0.125
3 0.359375 0.515625 0.125 0.125
3 0.37890625 0.6640625 0.125 0.125
3 0.37890625 0.90234375 0.125 0.125
3 0.4296875 0.87109375 0.125 0.125
3 0.4921875 0.58984375 0.125 0.125
1 0.03125 0.5 0.125 0.125
1 0.109375 0.84765625 0.125 0.125
1 0.25 0.57421875 0.125 0.125
1 0.30078125 0.54296875 0.125 0.125
3 0.54296875 0.79296875 0.125 0.125
3 0.6015625 0.76171875 0.125 0.125
1 0.66796875 0.98828125 0.125 0.125
1 0.72265625 0.95703125 0.125 0.125
