4 0.1015625 0.3046875 0.125 0.125
3 0.0234375 0.29296875 0.125 0.125
3 0.24609375 0.30859375 0.125 0.125
3 0.8203125 0.328125 0.125 0.125
1 0.89453125 0.296875 0.125 0.125
4 0.390625 0.6015625 0.125 0.125
4 0.2265625 0.59765625 0.125 0.125
3 0.109375 0.75 0.125 0.125
3 0.1484375 0.6015625 0.125 0.125
3 0.3125 0.61328125 0.125 0.125
3 0.47265625 0.609375 0.125 0.125
2 0.0546875 0.60546875 0.125 0.125
1 0.0546875 0.7265625 0.125 0.125
1 0.21484375 0.73046875 0.125 0.125
1 0.29296875 0.98828125 0.125 0.125
1 0.31640625 0.72265625 0.125 0.125
1 0.390625 0.7265625 0.125 0.125
1 0.47265625 0.7265625 0.125 0.125
3 0.5546875 0.61328125 0.125 0.125
3 0.640625 0.73828125 0.125 0.125
3 0.8046875 0.734375 0.125 0.125
1 0.5546875 0.734375 0.125 0.125
1 0.6484375 0.6015625 0.125 0.125
1 0.73046875 0.73046875 0.125 0.125
1 0.734375 0.609375 0.125 0.125
1 0.8359375 0.58984375 0.125 0.125
