3 0.00390625 0.40234375 0.125 0.125
3 0.2578125 0.3125 0.125 0.125
3 0.2734375 0.37109375 0.125 0.125
2 0.27734375 0.23046875 0.125 0.125
2 0.28515625 0.49609375 0.125 0.125
1 0.2578125 0.0546875 0.125 0.125
1 0.27734375 0.1640625 0.125 0.125
3 0.6171875 0.2421875 0.125 0.125
3 0.6171875 0.44140625 0.125 0.125
3 0.625 0.375 0.125 0.125
3 0.62890625 0.1171875 0.125 0.125
3 0.6328125 0.18359375 0.125 0.125
1 0.6328125 0.32421875 0.125 0.125
3 0.0 0.7265625 0.125 0.125
3 0.0 0.85546875 0.125 0.125
3 0.0859375 0.6875 0.125 0.125
1 0.26953125 0.5625 0.125 0.125
3 0.625 0.5703125 0.125 0.125
1 0.6015625 0.5078125 0.125 0.125
