3 0.01171875 0.21484375 0.125 0.125
3 0.07421875 0.2734375 0.125 0.125
3 0.25 0.296875 0.125 0.125
3 0.390625 0.17578125 0.125 0.125
3 0.40234375 0.4765625 0.125 0.125
3 0.40625 0.265625 0.125 0.125
4 0.15625 0.23046875 0.125 0.125
4 0.25 0.21484375 0.125 0.125
2 0.109375 0.37890625 0.125 0.125
1 0.390625 0.33984375 0.125 0.125
3 0.5 0.33203125 0.125 0.125
3 0.5078125 0.1796875 0.125 0.125
3 0.64453125 0.4453125 0.125 0.125
1 0.58984375 0.21484375 0.125 0.125
3 0.16015625 0.85546875 0.125 0.125
3 0.171875 0.99609375 0.125 0.125
4 0.09375 0.98046875 0.125 0.125
4 0.12890625 0.75390625 0.125 0.125
1 0.01953125 0.87109375 0.125 0.125
1 0.13671875 0.6640625 0.125 0.125
1 0.453125 0.6875 0.125 0.125
1 0.46875 0.51953125 0.125 0.125
3 0.5078125 0.90234375 0.125 0.125
3 0.51171875 0.59765625 0.125 0.125
3 0.84375 0.6640625 0.125 0.125
4 0.51953125 0.828125 0.125 0.125
2 0.65234375 0.51171875 0.125 0.125
2 0.76171875 0.578125 0.125 0.125
