4 0.30078125 0.16796875 0.125 0.125
4 0.421875 0.3203125 0.125 0.125
4 0.4765625 0.05078125 0.125 0.125
2 0.43359375 0.46484375 0.125 0.125
2 0.484375 0.4296875 0.125 0.125
1 0.34765625 0.3515625 0.125 0.125
1 0.359375 0.125 0.125 0.125
1 0.4140625 0.08984375 0.125 0.125
1 0.47265625 0.2890625 0.125 0.125
4 0.53125 0.015625 0.125 0.125
4 0.546875 0.390625 0.125 0.125
4 0.578125 0.21484375 0.125 0.125
4 0.75 0.45703125 0.125 0.125
2 0.890625 0.0 0.125 0.125
2 0.59765625 0.3515625 0.125 0.125
2 0.65625 0.31640625 0.125 0.125
2 0.69921875 0.484375 0.125 0.125
2 0.7109375 0.28125 0.125 0.125
2 0.8125 0.421875 0.125 0.125
1 0.5234375 0.25390625 0.125 0.125
1 0.63671875 0.17578125 0.125 0.125
4 0.1796875 0.8125 0.125 0.125
4 0.3203125 0.53125 0.125 0.125
3 0.0625 0.93359375 0.125 0.125
2 0.328125 0.953125 0.125 0.125
2 0.37109375 0.5 0.125 0.125
2 0.37109375 0.71484375 0.125 0.125
2 0.38671875 0.9140625 0.125 0.125
2 0.4296875 0.87890625 0.125 0.125
2 0.453125 0.671875 0.125 0.125
2 0.4765625 0.8359375 0.125 0.125
2 0.484375 0.63671875 0.125 0.125
4 0.79296875 0.60546875 0.125 0.125
4 0.83984375 0.5703125 0.125 0.125
4 0.94140625 0.9375 0.125 0.125
2 0.89453125 0.97265625 0.125 0.125
2 0.9921875 0.89453125 0.125 0.125
2 0.52734375 0.8046875 0.125 0.125
2 0.53125 0.6015625 0.125 0.125
2 0.578125 0.5625 0.125 0.125
2 0.625 0.95703125 0.125 0.125
2 0.63671875 0.53125 0.125 0.125
2 0.67578125 0.91796875 0.125 0.125
2 0.7265625 0.87890625 0.125 0.125
2 0.7890625 0.84765625 0.125 0.125
1 0.5859375 0.765625 0.125 0.125
1 0.63671875 0.7265625 0.125 0.125
1 0.6953125 0.69140625 0.125 0.125
1 0.7421875 0.65234375 0.125 0.125
1 0.84375 0.81640625 0.125 0.125
1 0.90234375 0.78125 0.125 0.125
1 0.90625 0.5390625 0.125 0.125
1 0.953125 0.734375 0.125 0.125
