4 0.16796875 0.44140625 0.125 0.125
3 0.32421875 0.12109375 0.125 0.125
3 0.328125 0.359375 0.125 0.125
3 0.39453125 0.11328125 0.125 0.125
3 0.45703125 0.11328125 0.125 0.125
2 0.3125 0.4453125 0.125 0.125
1 0.16796875 0.3671875 0.125 0.125
1 0.18359375 0.11328125 0.125 0.125
1 0.2578125 0.109375 0.125 0.125
3 0.6484375 0.375 0.125 0.125
3 0.78515625 0.12890625 0.125 0.125
3 0.796875 0.37109375 0.125 0.125
3 0.8046875 0.4375 0.125 0.125
3 0.59375 0.11328125 0.125 0.125
1 0.53515625 0.1171875 0.125 0.125
1 0.65234375 0.4453125 0.125 0.125
1 0.66015625 0.1328125 0.125 0.125
1 0.8671875 0.125 0.125 0.125
3 0.1328125 0.8984375 0.125 0.125
3 0.1484375 0.828125 0.125 0.125
3 0.171875 0.55859375 0.125 0.125
3 0.2890625 0.953125 0.125 0.125
3 0.296875 0.62890625 0.125 0.125
3 0.3046875 0.56640625 0.125 0.125
3 0.3046875 0.83203125 0.125 0.125
3 0.30859375 0.50390625 0.125 0.125
2 0.296875 0.89453125 0.125 0.125
1 0.15234375 0.50390625 0.125 0.125
4 0.65234375 0.6953125 0.125 0.125
4 0.7734375 0.765625 0.125 0.125
4 0.77734375 0.63671875 0.125 0.125
3 0.6484375 0.96484375 0.125 0.125
3 0.65234375 0.50390625 0.125 0.125
3 0.78125 0.7109375 0.125 0.125
3 0.78515625 0.9609375 0.125 0.125
3 0.79296875 0.5078125 0.125 0.125
3 0.640625 0.7734375 0.125 0.125
2 0.796875 0.8359375 0.125 0.125
1 0.640625 0.83984375 0.125 0.125
1 0.6484375 0.6484375 0.125 0.125
1 0.78125 0.5703125 0.125 0.125
1 0.796875 0.90234375 0.125 0.125
