3 0.44921875 0.35546875 0.125 0.125
1 0.23046875 0.33984375 0.125 0.125
1 0.171875 0.34375 0.125 0.125
3 0.5078125 0.37109375 0.125 0.125
3 0.65625 0.35546875 0.125 0.125
2 0.58203125 0.3515625 0.125 0.125
1 0.7265625 0.36328125 0.125 0.125
1 0.87890625 0.3359375 0.125 0.125
3 0.0078125 0.7109375 0.125 0.125
2 0.23828125 0.734375 0.125 0.125
1 0.3671875 0.72265625 0.125 0.125
1 0.3828125 0.9609375 0.125 0.125
1 0.15234375 0.7265625 0.125 0.125
3 0.9296875 0.73828125 0.125 0.125
3 0.66015625 0.95703125 0.125 0.125
1 0.86328125 0.734375 0.125 0.125
