3 0.078125 0.47265625 0.125 0.125
3 0.203125 0.46484375 0.125 0.125
3 0.21875 0.4765625 0.125 0.125
3 0.44140625 0.47265625 0.125 0.125
2 0.0078125 0.4765625 0.125 0.125
2 0.1875 0.08984375 0.125 0.125
2 0.2890625 0.47265625 0.125 0.125
1 0.35546875 0.47265625 0.125 0.125
2 0.578125 0.45703125 0.125 0.125
2 0.66015625 0.4609375 0.125 0.125
1 0.51171875 0.47265625 0.125 0.125
3 0.22265625 0.85546875 0.125 0.125
3 0.36328125 0.8671875 0.125 0.125
3 0.42578125 0.8671875 0.125 0.125
1 0.0 0.86328125 0.125 0.125
1 0.07421875 0.84765625 0.125 0.125
1 0.1484375 0.84765625 0.125 0.125
1 0.2890625 0.84765625 0.125 0.125
3 0.50390625 0.8671875 0.125 0.125
1 0.5703125 0.86328125 0.125 0.125
1 0.6328125 0.875 0.125 0.125
