4 0.00390625 0.40234375 0.125 0.125
3 0.078125 0.25390625 0.125 0.125
3 0.1171875 0.03125 0.125 0.125
2 0.34375 0.03125 0.125 0.125
1 0.26171875 0.04296875 0.125 0.125
1 0.30078125 0.4140625 0.125 0.125
1 0.48046875 0.0390625 0.125 0.125
3 0.9765625 0.421875 0.125 0.125
2 0.59375 0.3125 0.125 0.125
1 0.5625 0.03125 0.125 0.125
1 0.86328125 0.33984375 0.125 0.125
3 0.27734375 0.6640625 0.125 0.125
3 0.3515625 0.66796875 0.125 0.125
3 0.41796875 0.67578125 0.125 0.125
1 0.046875 0.65234375 0.125 0.125
1 0.125 0.66015625 0.125 0.125
1 0.2109375 0.6484375 0.125 0.125
4 0.58203125 0.6640625 0.125 0.125
3 0.5 0.66015625 0.125 0.125
3 0.9140625 0.65234375 0.125 0.125
1 0.9765625 0.65625 0.125 0.125
1 0.65234375 0.65234375 0.125 0.125
1 0.71875 0.66796875 0.125 0.125
