3 0.01171875 0.05078125 0.125 0.125
3 0.02734375 0.22265625 0.125 0.125
3 0.375 0.48828125 0.125 0.125
3 0.390625 0.40625 0.125 0.125
3 0.81640625 0.3515625 0.125 0.125
3 0.82421875 0.4921875 0.125 0.125
3 0.83984375 0.28515625 0.125 0.125
3 0.6640625 0.40234375 0.125 0.125
1 0.6484375 0.25390625 0.125 0.125
1 0.66015625 0.33203125 0.125 0.125
1 0.81640625 0.20703125 0.125 0.125
4 0.41015625 0.74609375 0.125 0.125
3 0.0 0.96875 0.125 0.125
3 0.4140625 0.59375 0.125 0.125
1 0.2421875 0.90625 0.125 0.125
1 0.265625 0.7421875 0.125 0.125
1 0.37109375 0.98046875 0.125 0.125
3 0.82421875 0.82421875 0.125 0.125
3 0.82421875 0.88671875 0.125 0.125
3 0.8359375 0.5703125 0.125 0.125
3 0.65234375 0.5 0.125 0.125
3 0.65234375 0.57421875 0.125 0.125
1 0.66015625 0.6484375 0.125 0.125
1 0.66015625 0.72265625 0.125 0.125
1 0.66796875 0.80078125 0.125 0.125
1 0.8125 0.7578125 0.125 0.125
1 0.81640625 0.96484375 0.125 0.125
1 0.8203125 0.65234375 0.125 0.125
