4 0.24609375 0.4453125 0.125 0.125
4 0.3125 0.42578125 0.125 0.125
3 0.03125 0.16015625 0.125 0.125
3 0.0390625 0.01171875 0.125 0.125
3 0.09765625 0.13671875 0.125 0.125
3 0.1015625 0.33203125 0.125 0.125
3 0.1328125 0.48828125 0.125 0.125
3 0.15625 0.1015625 0.125 0.125
3 0.19140625 0.47265625 0.125 0.125
2 0.23828125 0.265625 0.125 0.125
2 0.30078125 0.2421875 0.125 0.125
1 0.04296875 0.3671875 0.125 0.125
1 0.18359375 0.31640625 0.125 0.125
1 0.21875 0.08203125 0.125 0.125
1 0.37109375 0.39453125 0.125 0.125
3 0.00390625 0.7578125 0.125 0.125
3 0.0078125 0.54296875 0.125 0.125
3 0.04296875 0.87890625 0.125 0.125
3 0.06640625 0.7265625 0.125 0.125
3 0.0703125 0.515625 0.125 0.125
3 0.12109375 0.8515625 0.125 0.125
3 0.13671875 0.7109375 0.125 0.125
3 0.171875 0.828125 0.125 0.125
3 0.1875 0.68359375 0.125 0.125
3 0.2421875 0.796875 0.125 0.125
3 0.2578125 0.65625 0.125 0.125
3 0.3046875 0.77734375 0.125 0.125
3 0.3203125 0.62890625 0.125 0.125
3 0.32421875 0.984375 0.125 0.125
3 0.3671875 0.75 0.125 0.125
3 0.37890625 0.60546875 0.125 0.125
3 0.38671875 0.96484375 0.125 0.125
3 0.421875 0.73046875 0.125 0.125
1 0.44140625 0.9453125 0.125 0.125
1 0.4453125 0.58203125 0.125 0.125
1 0.48828125 0.703125 0.125 0.125
3 0.5 0.9140625 0.125 0.125
3 0.55859375 0.87109375 0.125 0.125
