4 0.25 0.0390625 0.125 0.125
3 0.015625 0.03125 0.125 0.125
3 0.01953125 0.15234375 0.125 0.125
3 0.28125 0.140625 0.125 0.125
3 0.31640625 0.0390625 0.125 0.125
3 0.3203125 0.19140625 0.125 0.125
3 0.40234375 0.0390625 0.125 0.125
3 0.4140625 0.140625 0.125 0.125
2 0.18359375 0.0546875 0.125 0.125
1 0.09765625 0.03125 0.125 0.125
1 0.09765625 0.1640625 0.125 0.125
1 0.17578125 0.16015625 0.125 0.125
3 0.80078125 0.0390625 0.125 0.125
3 0.96484375 0.03515625 0.125 0.125
3 0.98828125 0.453125 0.125 0.125
3 0.5 0.14453125 0.125 0.125
3 0.5 0.421875 0.125 0.125
3 0.5703125 0.16015625 0.125 0.125
3 0.6640625 0.4375 0.125 0.125
1 0.97265625 0.16015625 0.125 0.125
1 0.88671875 0.0390625 0.125 0.125
