3 0.2734375 0.48046875 0.125 0.125
2 0.20703125 0.4765625 0.125 0.125
1 0.07421875 0.0390625 0.125 0.125
1 0.28515625 0.06640625 0.125 0.125
1 0.94140625 0.34375 0.125 0.125
3 0.44140625 0.9921875 0.125 0.125
3 0.45703125 0.91796875 0.125 0.125
2 0.140625 0.83984375 0.125 0.125
2 0.4296875 0.77734375 0.125 0.125
1 0.05078125 0.8515625 0.125 0.125
1 0.0546875 0.9765625 0.125 0.125
1 0.0703125 0.515625 0.125 0.125
1 0.12890625 0.97265625 0.125 0.125
1 0.1328125 0.50390625 0.125 0.125
1 0.4296875 0.84765625 0.125 0.125
