3 0.1328125 0.1015625 0.125 0.125
3 0.48046875 0.30859375 0.125 0.125
1 0.46875 0.16796875 0.125 0.125
1 0.4765625 0.01953125 0.125 0.125
1 0.4765625 0.3828125 0.125 0.125
1 0.4921875 0.2265625 0.125 0.125
3 0.640625 0.25390625 0.125 0.125
3 0.66015625 0.32421875 0.125 0.125
2 0.6484375 0.3828125 0.125 0.125
2 0.66015625 0.17578125 0.125 0.125
1 0.65234375 0.4609375 0.125 0.125
1 0.66015625 0.0234375 0.125 0.125
1 0.52734375 0.09375 0.125 0.125
3 0.48046875 0.53515625 0.125 0.125
1 0.63671875 0.5390625 0.125 0.125
