3 0.47265625 0.2265625 0.125 0.125
3 0.48046875 0.08203125 0.125 0.125
3 0.484375 0.48828125 0.125 0.125
3 0.4921875 0.3671875 0.125 0.125
3 0.125 0.22265625 0.125 0.125
2 0.13671875 0.2890625 0.125 0.125
1 0.48046875 0.29296875 0.125 0.125
1 0.484375 0.15234375 0.125 0.125
1 0.4921875 0.41796875 0.125 0.125
1 0.12890625 0.0859375 0.125 0.125
1 0.1328125 0.48828125 0.125 0.125
1 0.13671875 0.359375 0.125 0.125
1 0.46875 0.02734375 0.125 0.125
3 0.625 0.0859375 0.125 0.125
3 0.62890625 0.23046875 0.125 0.125
3 0.6328125 0.36328125 0.125 0.125
3 0.9921875 0.39453125 0.125 0.125
2 0.99609375 0.4765625 0.125 0.125
1 0.6171875 0.296875 0.125 0.125
1 0.62890625 0.16796875 0.125 0.125
1 0.6328125 0.4296875 0.125 0.125
1 0.63671875 0.015625 0.125 0.125
1 0.99609375 0.33984375 0.125 0.125
4 0.48046875 0.62890625 0.125 0.125
3 0.46875 0.765625 0.125 0.125
3 0.48046875 0.69921875 0.125 0.125
3 0.48046875 0.8984375 0.125 0.125
3 0.484375 0.5625 0.125 0.125
3 0.48828125 0.97265625 0.125 0.125
3 0.11328125 0.55859375 0.125 0.125
3 0.1171875 0.6875 0.125 0.125
3 0.12109375 0.95703125 0.125 0.125
3 0.125 0.8125 0.125 0.125
3 0.13671875 0.625 0.125 0.125
1 0.46875 0.828125 0.125 0.125
1 0.10546875 0.87890625 0.125 0.125
1 0.125 0.75390625 0.125 0.125
4 0.6171875 0.828125 0.125 0.125
4 0.62109375 0.5703125 0.125 0.125
3 0.6015625 0.76171875 0.125 0.125
3 0.6171875 0.62890625 0.125 0.125
3 0.625 0.70703125 0.125 0.125
3 0.62890625 0.97265625 0.125 0.125
1 0.6171875 0.8984375 0.125 0.125
1 0.984375 0.765625 0.125 0.125
1 0.98828125 0.5390625 0.125 0.125
1 0.98828125 0.69140625 0.125 0.125
1 0.9921875 0.609375 0.125 0.125
