3 0.00390625 0.09765625 0.125 0.125
3 0.140625 0.42578125 0.125 0.125
3 0.21875 0.41015625 0.125 0.125
2 0.44921875 0.328125 0.125 0.125
1 0.00390625 0.4140625 0.125 0.125
1 0.0703125 0.421875 0.125 0.125
1 0.078125 0.09375 0.125 0.125
3 0.53125 0.421875 0.125 0.125
1 0.67578125 0.10546875 0.125 0.125
1 0.00390625 0.55859375 0.125 0.125
1 0.06640625 0.5546875 0.125 0.125
1 0.140625 0.5546875 0.125 0.125
1 0.22265625 0.5390625 0.125 0.125
1 0.4453125 0.55859375 0.125 0.125
3 0.59765625 0.5625 0.125 0.125
