3 0.328125 0.0703125 0.125 0.125
3 0.44921875 0.22265625 0.125 0.125
3 0.44921875 0.43359375 0.125 0.125
3 0.45703125 0.2890625 0.125 0.125
3 0.4609375 0.35546875 0.125 0.125
3 0.47265625 0.140625 0.125 0.125
3 0.4765625 0.06640625 0.125 0.125
1 0.31640625 0.4140625 0.125 0.125
1 0.4609375 0.4921875 0.125 0.125
1 0.79296875 0.48046875 0.125 0.125
1 0.8046875 0.18359375 0.125 0.125
1 0.8046875 0.3359375 0.125 0.125
1 0.8046875 0.40625 0.125 0.125
1 0.80859375 0.2578125 0.125 0.125
3 0.30078125 0.64453125 0.125 0.125
3 0.31640625 0.5 0.125 0.125
3 0.45703125 0.578125 0.125 0.125
4 0.80078125 0.68359375 0.125 0.125
4 0.96875 0.72265625 0.125 0.125
3 0.78515625 0.55078125 0.125 0.125
3 0.80078125 0.76171875 0.125 0.125
1 0.71484375 0.98828125 0.125 0.125
1 0.796875 0.6171875 0.125 0.125
