4 0.03125 0.171875 0.125 0.125
3 0.0234375 0.37109375 0.125 0.125
3 0.19921875 0.25 0.125 0.125
1 0.20703125 0.1328125 0.125 0.125
1 0.44921875 0.37109375 0.125 0.125
3 0.03125 0.5 0.125 0.125
3 0.03125 0.81640625 0.125 0.125
3 0.17578125 0.94140625 0.125 0.125
3 0.18359375 0.77734375 0.125 0.125
3 0.43359375 0.9375 0.125 0.125
3 0.4375 0.76953125 0.125 0.125
3 0.4453125 0.859375 0.125 0.125
1 0.19140625 0.83984375 0.125 0.125
1 0.4375 0.515625 0.125 0.125
1 0.0390625 0.8828125 0.125 0.125
1 0.04296875 0.6953125 0.125 0.125
3 0.5703125 0.94140625 0.125 0.125
3 0.58984375 0.71484375 0.125 0.125
1 0.57421875 0.859375 0.125 0.125
