3 0.13671875 0.31640625 0.125 0.125
3 0.140625 0.23828125 0.125 0.125
2 0.15234375 0.16015625 0.125 0.125
2 0.49609375 0.171875 0.125 0.125
1 0.140625 0.37890625 0.125 0.125
1 0.1484375 0.4609375 0.125 0.125
1 0.4921875 0.3203125 0.125 0.125
1 0.67578125 0.18359375 0.125 0.125
3 0.140625 0.671875 0.125 0.125
2 0.140625 0.60546875 0.125 0.125
2 0.48046875 0.64453125 0.125 0.125
2 0.48046875 0.8203125 0.125 0.125
2 0.49609375 0.52734375 0.125 0.125
1 0.1328125 0.88671875 0.125 0.125
1 0.140625 0.75 0.125 0.125
1 0.140625 0.80859375 0.125 0.125
1 0.14453125 0.52734375 0.125 0.125
3 0.65625 0.8203125 0.125 0.125
