3 0.3828125 0.375 0.125 0.125
3 0.4140625 0.48046875 0.125 0.125
3 0.46875 0.18359375 0.125 0.125
4 0.0 0.41796875 0.125 0.125
4 0.078125 0.05078125 0.125 0.125
2 0.12890625 0.3046875 0.125 0.125
2 0.203125 0.42578125 0.125 0.125
3 0.0 0.33984375 0.125 0.125
3 0.1015625 0.265625 0.125 0.125
3 0.1328125 0.37890625 0.125 0.125
1 0.4921875 0.2578125 0.125 0.125
3 0.53125 0.4609375 0.125 0.125
3 0.6171875 0.296875 0.125 0.125
3 0.921875 0.265625 0.125 0.125
3 0.953125 0.41015625 0.125 0.125
3 0.98046875 0.15625 0.125 0.125
3 0.9921875 0.10546875 0.125 0.125
2 0.5703125 0.35546875 0.125 0.125
1 0.58984375 0.15625 0.125 0.125
1 0.86328125 0.359375 0.125 0.125
4 0.01953125 0.67578125 0.125 0.125
4 0.42578125 0.703125 0.125 0.125
2 0.14453125 0.93359375 0.125 0.125
2 0.17578125 0.671875 0.125 0.125
2 0.40625 0.84375 0.125 0.125
2 0.4453125 0.91796875 0.125 0.125
3 0.0390625 0.75390625 0.125 0.125
3 0.22265625 0.93359375 0.125 0.125
1 0.01953125 0.83984375 0.125 0.125
1 0.0234375 0.578125 0.125 0.125
1 0.02734375 0.5 0.125 0.125
1 0.14453125 0.80859375 0.125 0.125
1 0.45703125 0.6328125 0.125 0.125
1 0.45703125 0.9921875 0.125 0.125
3 0.5703125 0.55078125 0.125 0.125
3 0.63671875 0.53515625 0.125 0.125
3 0.8671875 0.7890625 0.125 0.125
3 0.92578125 0.88671875 0.125 0.125
2 0.59375 0.8046875 0.125 0.125
2 0.62109375 0.94140625 0.125 0.125
2 0.62890625 0.875 0.125 0.125
1 0.58984375 0.6796875 0.125 0.125
1 0.89453125 0.515625 0.125 0.125
1 0.92578125 0.65625 0.125 0.125
