4 0.140625 0.30078125 0.125 0.125
3 0.05078125 0.28125 0.125 0.125
3 0.15234375 0.1640625 0.125 0.125
3 0.46875 0.0390625 0.125 0.125
3 0.47265625 0.4921875 0.125 0.125
2 0.21875 0.3125 0.125 0.125
1 0.06640625 0.16796875 0.125 0.125
3 0.7578125 0.484375 0.125 0.125
3 0.9375 0.0390625 0.125 0.125
1 0.62109375 0.02734375 0.125 0.125
1 0.83203125 0.44140625 0.125 0.125
1 0.96875 0.17578125 0.125 0.125
1 0.9765625 0.48828125 0.125 0.125
3 0.4140625 0.9140625 0.125 0.125
1 0.4609375 0.64453125 0.125 0.125
3 0.90234375 0.5 0.125 0.125
