4 0.33984375 0.44140625 0.125 0.125
3 0.16015625 0.1875 0.125 0.125
3 0.20703125 0.30078125 0.125 0.125
3 0.21484375 0.49609375 0.125 0.125
3 0.2265625 0.16015625 0.125 0.125
3 0.265625 0.27734375 0.125 0.125
3 0.28125 0.47265625 0.125 0.125
3 0.32421875 0.24609375 0.125 0.125
3 0.3828125 0.21875 0.125 0.125
3 0.4140625 0.42578125 0.125 0.125
3 0.45703125 0.0625 0.125 0.125
3 0.47265625 0.40625 0.125 0.125
1 0.02734375 0.37890625 0.125 0.125
1 0.03515625 0.0234375 0.125 0.125
1 0.03515625 0.23046875 0.125 0.125
1 0.08203125 0.3515625 0.125 0.125
1 0.09765625 0.21484375 0.125 0.125
1 0.1484375 0.32421875 0.125 0.125
1 0.28515625 0.13671875 0.125 0.125
1 0.34375 0.109375 0.125 0.125
1 0.40234375 0.08984375 0.125 0.125
1 0.4453125 0.1953125 0.125 0.125
4 0.50390625 0.171875 0.125 0.125
4 0.6015625 0.3515625 0.125 0.125
3 0.99609375 0.2421875 0.125 0.125
3 0.5234375 0.0390625 0.125 0.125
3 0.53125 0.37109375 0.125 0.125
3 0.56640625 0.140625 0.125 0.125
3 0.58203125 0.0078125 0.125 0.125
3 0.5859375 0.484375 0.125 0.125
3 0.62890625 0.12109375 0.125 0.125
3 0.66015625 0.4609375 0.125 0.125
3 0.66796875 0.32421875 0.125 0.125
3 0.70703125 0.43359375 0.125 0.125
3 0.91015625 0.0625 0.125 0.125
3 0.97265625 0.02734375 0.125 0.125
4 0.14453125 0.67578125 0.125 0.125
4 0.21875 0.84765625 0.125 0.125
3 0.203125 0.65234375 0.125 0.125
3 0.26953125 0.9765625 0.125 0.125
3 0.2734375 0.62890625 0.125 0.125
3 0.28515625 0.83984375 0.125 0.125
3 0.33203125 0.95703125 0.125 0.125
3 0.3359375 0.59765625 0.125 0.125
3 0.34375 0.8125 0.125 0.125
3 0.3984375 0.5703125 0.125 0.125
3 0.3984375 0.92578125 0.125 0.125
3 0.40625 0.78125 0.125 0.125
3 0.45703125 0.8984375 0.125 0.125
3 0.4609375 0.54296875 0.125 0.125
3 0.46875 0.75390625 0.125 0.125
2 0.03515625 0.73046875 0.125 0.125
1 0.02734375 0.87109375 0.125 0.125
1 0.08203125 0.84765625 0.125 0.125
1 0.0859375 0.9921875 0.125 0.125
1 0.08984375 0.54296875 0.125 0.125
1 0.15234375 0.53125 0.125 0.125
1 0.15234375 0.984375 0.125 0.125
4 0.79296875 0.61328125 0.125 0.125
3 0.5234375 0.51171875 0.125 0.125
3 0.5234375 0.87890625 0.125 0.125
3 0.53125 0.7265625 0.125 0.125
3 0.6015625 0.69921875 0.125 0.125
3 0.6015625 0.84765625 0.125 0.125
3 0.66015625 0.82421875 0.125 0.125
3 0.6640625 0.6796875 0.125 0.125
3 0.71875 0.7890625 0.125 0.125
3 0.73828125 0.64453125 0.125 0.125
3 0.78515625 0.765625 0.125 0.125
3 0.79296875 0.9921875 0.125 0.125
3 0.84375 0.73828125 0.125 0.125
3 0.8515625 0.953125 0.125 0.125
3 0.92578125 0.93359375 0.125 0.125
