3 0.19921875 0.0390625 0.125 0.125
2 0.0703125 0.046875 0.125 0.125
2 0.08203125 0.30078125 0.125 0.125
2 0.359375 0.30859375 0.125 0.125
2 0.4375 0.30078125 0.125 0.125
1 0.15625 0.30859375 0.125 0.125
1 0.29296875 0.3125 0.125 0.125
2 0.5390625 0.03125 0.125 0.125
1 0.796875 0.04296875 0.125 0.125
3 0.14453125 0.5234375 0.125 0.125
3 0.21875 0.53515625 0.125 0.125
3 0.28515625 0.53125 0.125 0.125
1 0.48828125 0.515625 0.125 0.125
1 0.3515625 0.54296875 0.125 0.125
1 0.40234375 0.828125 0.125 0.125
1 0.4296875 0.5234375 0.125 0.125
3 0.6015625 0.84375 0.125 0.125
3 0.640625 0.51953125 0.125 0.125
3 0.71484375 0.52734375 0.125 0.125
3 0.74609375 0.8515625 0.125 0.125
3 0.78125 0.5234375 0.125 0.125
3 0.9140625 0.5234375 0.125 0.125
3 0.95703125 0.859375 0.125 0.125
1 0.52734375 0.8515625 0.125 0.125
1 0.55859375 0.51953125 0.125 0.125
1 0.671875 0.8515625 0.125 0.125
1 0.81640625 0.84765625 0.125 0.125
1 0.84765625 0.53125 0.125 0.125
1 0.8828125 0.85546875 0.125 0.125
1 0.9921875 0.5390625 0.125 0.125
