3 0.28125 0.0234375 0.125 0.125
3 0.33984375 0.01953125 0.125 0.125
2 0.00390625 0.05859375 0.125 0.125
2 0.03125 0.25390625 0.125 0.125
2 0.25 0.453125 0.125 0.125
2 0.27734375 0.33984375 0.125 0.125
2 0.45703125 0.3203125 0.125 0.125
2 0.46484375 0.25390625 0.125 0.125
1 0.12109375 0.21875 0.125 0.125
1 0.13671875 0.1484375 0.125 0.125
1 0.2890625 0.26953125 0.125 0.125
1 0.41015625 0.01171875 0.125 0.125
3 0.5234375 0.03125 0.125 0.125
3 0.55859375 0.39453125 0.125 0.125
3 0.6015625 0.296875 0.125 0.125
3 0.671875 0.0234375 0.125 0.125
3 0.73828125 0.40234375 0.125 0.125
3 0.8046875 0.0078125 0.125 0.125
3 0.9609375 0.234375 0.125 0.125
3 0.98046875 0.28515625 0.125 0.125
