3 0.34765625 0.0 0.125 0.125
3 0.34765625 0.40625 0.125 0.125
3 0.35546875 0.27734375 0.125 0.125
3 0.359375 0.15234375 0.125 0.125
3 0.3671875 0.07421875 0.125 0.125
3 0.3671875 0.21875 0.125 0.125
2 0.046875 0.48828125 0.125 0.125
2 0.0546875 0.296875 0.125 0.125
2 0.078125 0.08984375 0.125 0.125
2 0.34765625 0.3515625 0.125 0.125
1 0.02734375 0.4296875 0.125 0.125
1 0.046875 0.21875 0.125 0.125
1 0.046875 0.35546875 0.125 0.125
3 0.671875 0.36328125 0.125 0.125
3 0.88671875 0.3671875 0.125 0.125
1 0.5078125 0.375 0.125 0.125
1 0.5859375 0.37109375 0.125 0.125
4 0.03515625 0.5546875 0.125 0.125
3 0.04296875 0.6328125 0.125 0.125
3 0.05078125 0.69140625 0.125 0.125
3 0.34375 0.64453125 0.125 0.125
3 0.34765625 0.515625 0.125 0.125
2 0.19921875 0.94921875 0.125 0.125
2 0.33203125 0.7890625 0.125 0.125
2 0.34375 0.8671875 0.125 0.125
2 0.34765625 0.59375 0.125 0.125
1 0.34375 0.71875 0.125 0.125
1 0.10546875 0.9609375 0.125 0.125
4 0.67578125 0.625 0.125 0.125
3 0.60546875 0.62890625 0.125 0.125
3 0.81640625 0.6328125 0.125 0.125
3 0.890625 0.63671875 0.125 0.125
3 0.9140625 0.7734375 0.125 0.125
3 0.95703125 0.6328125 0.125 0.125
1 0.82421875 0.77734375 0.125 0.125
