4 0.2421875 0.19921875 0.125 0.125
3 0.03515625 0.203125 0.125 0.125
3 0.140625 0.19921875 0.125 0.125
3 0.45703125 0.2109375 0.125 0.125
1 0.3671875 0.203125 0.125 0.125
4 0.55078125 0.203125 0.125 0.125
4 0.63671875 0.19921875 0.125 0.125
3 0.7421875 0.19921875 0.125 0.125
3 0.96484375 0.1953125 0.125 0.125
2 0.84765625 0.19921875 0.125 0.125
4 0.1015625 0.8046875 0.125 0.125
3 0.0234375 0.79296875 0.125 0.125
3 0.24609375 0.80859375 0.125 0.125
3 0.8203125 0.828125 0.125 0.125
1 0.89453125 0.796875 0.125 0.125
