4 0.41015625 0.1484375 0.125 0.125
3 0.42578125 0.2734375 0.125 0.125
3 0.44140625 0.48046875 0.125 0.125
3 0.44921875 0.41015625 0.125 0.125
3 0.04296875 0.16796875 0.125 0.125
1 0.42578125 0.34375 0.125 0.125
3 0.77734375 0.1640625 0.125 0.125
3 0.8515625 0.16796875 0.125 0.125
3 0.91796875 0.17578125 0.125 0.125
1 0.546875 0.15234375 0.125 0.125
1 0.625 0.16015625 0.125 0.125
1 0.7109375 0.1484375 0.125 0.125
3 0.421875 0.70703125 0.125 0.125
3 0.42578125 0.78125 0.125 0.125
3 0.08984375 0.73828125 0.125 0.125
3 0.1796875 0.62890625 0.125 0.125
2 0.42578125 0.6328125 0.125 0.125
2 0.4453125 0.859375 0.125 0.125
1 0.41796875 0.93359375 0.125 0.125
1 0.42578125 0.5625 0.125 0.125
3 0.734375 0.65625 0.125 0.125
3 0.87890625 0.51953125 0.125 0.125
3 0.8828125 0.66015625 0.125 0.125
3 0.94921875 0.65625 0.125 0.125
1 0.796875 0.515625 0.125 0.125
1 0.80859375 0.65625 0.125 0.125
1 0.953125 0.51171875 0.125 0.125
