1 0.421875 0.00390625 0.125 0.125
1 0.4375 0.375 0.125 0.125
1 0.4921875 0.015625 0.125 0.125
3 0.70703125 0.27734375 0.125 0.125
3 0.79296875 0.29296875 0.125 0.125
3 0.84375 0.40234375 0.125 0.125
3 0.86328125 0.2734375 0.125 0.125
3 0.54296875 0.2890625 0.125 0.125
3 0.6328125 0.28125 0.125 0.125
1 0.57421875 0.01953125 0.125 0.125
1 0.921875 0.26953125 0.125 0.125
1 0.921875 0.39453125 0.125 0.125
2 0.19921875 0.7265625 0.125 0.125
3 0.91015625 0.6796875 0.125 0.125
1 0.921875 0.76953125 0.125 0.125
