2 0.02734375 0.31640625 0.125 0.125
1 0.34765625 0.01171875 0.125 0.125
1 0.3515625 0.15234375 0.125 0.125
3 0.6328125 0.3984375 0.125 0.125
3 0.6484375 0.328125 0.125 0.125
3 0.671875 0.05859375 0.125 0.125
3 0.7890625 0.453125 0.125 0.125
3 0.796875 0.12890625 0.125 0.125
3 0.8046875 0.06640625 0.125 0.125
3 0.8046875 0.33203125 0.125 0.125
3 0.80859375 0.00390625 0.125 0.125
2 0.796875 0.39453125 0.125 0.125
1 0.65234375 0.00390625 0.125 0.125
1 0.2890625 0.97265625 0.125 0.125
3 0.64453125 0.66015625 0.125 0.125
3 0.6640625 0.85546875 0.125 0.125
3 0.66796875 0.78515625 0.125 0.125
3 0.7890625 0.65234375 0.125 0.125
3 0.796875 0.7265625 0.125 0.125
3 0.8046875 0.85546875 0.125 0.125
2 0.796875 0.98046875 0.125 0.125
1 0.7890625 0.7890625 0.125 0.125
1 0.796875 0.59375 0.125 0.125
