3 0.19140625 0.3046875 0.125 0.125
3 0.1953125 0.00390625 0.125 0.125
3 0.328125 0.375 0.125 0.125
2 0.19921875 0.16015625 0.125 0.125
1 0.19140625 0.4453125 0.125 0.125
1 0.19921875 0.0703125 0.125 0.125
1 0.19921875 0.25 0.125 0.125
2 0.80859375 0.32421875 0.125 0.125
2 0.80859375 0.46484375 0.125 0.125
3 0.1328125 0.828125 0.125 0.125
3 0.26953125 0.81640625 0.125 0.125
3 0.3359375 0.5859375 0.125 0.125
3 0.484375 0.8203125 0.125 0.125
2 0.32421875 0.52734375 0.125 0.125
1 0.18359375 0.63671875 0.125 0.125
1 0.1875 0.7109375 0.125 0.125
1 0.1953125 0.5234375 0.125 0.125
1 0.1953125 0.828125 0.125 0.125
1 0.32421875 0.66796875 0.125 0.125
1 0.328125 0.81640625 0.125 0.125
1 0.40625 0.81640625 0.125 0.125
1 0.546875 0.796875 0.125 0.125
1 0.828125 0.66015625 0.125 0.125
