4 0.03125 0.015625 0.125 0.125
4 0.046875 0.390625 0.125 0.125
4 0.078125 0.21484375 0.125 0.125
4 0.25 0.45703125 0.125 0.125
2 0.390625 0.0 0.125 0.125
2 0.09765625 0.3515625 0.125 0.125
2 0.15625 0.31640625 0.125 0.125
2 0.19921875 0.484375 0.125 0.125
2 0.2109375 0.28125 0.125 0.125
2 0.3125 0.421875 0.125 0.125
1 0.0234375 0.25390625 0.125 0.125
1 0.13671875 0.17578125 0.125 0.125
4 0.63671875 0.33203125 0.125 0.125
2 0.53125 0.16015625 0.125 0.125
2 0.59765625 0.1171875 0.125 0.125
2 0.65625 0.0625 0.125 0.125
2 0.69140625 0.2890625 0.125 0.125
2 0.7109375 0.03125 0.125 0.125
2 0.73046875 0.49609375 0.125 0.125
2 0.7578125 0.25390625 0.125 0.125
2 0.77734375 0.45703125 0.125 0.125
2 0.828125 0.203125 0.125 0.125
2 0.8359375 0.41015625 0.125 0.125
2 0.89453125 0.37109375 0.125 0.125
2 0.90234375 0.16015625 0.125 0.125
2 0.96875 0.109375 0.125 0.125
1 0.96484375 0.34375 0.125 0.125
4 0.29296875 0.60546875 0.125 0.125
4 0.33984375 0.5703125 0.125 0.125
4 0.44140625 0.9375 0.125 0.125
2 0.39453125 0.97265625 0.125 0.125
2 0.4921875 0.89453125 0.125 0.125
2 0.02734375 0.8046875 0.125 0.125
2 0.03125 0.6015625 0.125 0.125
2 0.078125 0.5625 0.125 0.125
2 0.125 0.95703125 0.125 0.125
2 0.13671875 0.53125 0.125 0.125
2 0.17578125 0.91796875 0.125 0.125
2 0.2265625 0.87890625 0.125 0.125
2 0.2890625 0.84765625 0.125 0.125
1 0.0859375 0.765625 0.125 0.125
1 0.13671875 0.7265625 0.125 0.125
1 0.1953125 0.69140625 0.125 0.125
1 0.2421875 0.65234375 0.125 0.125
1 0.34375 0.81640625 0.125 0.125
1 0.40234375 0.78125 0.125 0.125
1 0.40625 0.5390625 0.125 0.125
1 0.453125 0.734375 0.125 0.125
2 0.80859375 0.65234375 0.125 0.125
2 0.8828125 0.62109375 0.125 0.125
2 0.921875 0.80859375 0.125 0.125
2 0.94140625 0.57421875 0.125 0.125
2 0.98046875 0.7734375 0.125 0.125
1 0.5625 0.859375 0.125 0.125
