4 0.44921875 0.0390625 0.125 0.125
3 0.15234375 0.0625 0.125 0.125
3 0.38671875 0.046875 0.125 0.125
3 0.42578125 0.34375 0.125 0.125
3 0.42578125 0.453125 0.125 0.125
2 0.09765625 0.39453125 0.125 0.125
1 0.21875 0.05859375 0.125 0.125
1 0.2890625 0.06640625 0.125 0.125
1 0.453125 0.25390625 0.125 0.125
4 0.52734375 0.03515625 0.125 0.125
4 0.58203125 0.05859375 0.125 0.125
4 0.70703125 0.0703125 0.125 0.125
4 0.78125 0.06640625 0.125 0.125
4 0.85546875 0.0703125 0.125 0.125
3 0.8671875 0.48046875 0.125 0.125
1 0.84765625 0.40234375 0.125 0.125
1 0.8671875 0.2578125 0.125 0.125
3 0.41015625 0.51953125 0.125 0.125
1 0.109375 0.57421875 0.125 0.125
1 0.1171875 0.65625 0.125 0.125
1 0.41796875 0.60546875 0.125 0.125
3 0.8515625 0.703125 0.125 0.125
1 0.8515625 0.5546875 0.125 0.125
1 0.85546875 0.6328125 0.125 0.125
