2 0.0 0.0859375 0.125 0.125
2 0.01171875 0.16796875 0.125 0.125
2 0.0234375 0.38671875 0.125 0.125
2 0.05078125 0.2421875 0.125 0.125
2 0.33984375 0.09375 0.125 0.125
2 0.33984375 0.24609375 0.125 0.125
2 0.34375 0.16796875 0.125 0.125
1 0.8125 0.24609375 0.125 0.125
1 0.98046875 0.09375 0.125 0.125
2 0.7890625 0.171875 0.125 0.125
2 0.796875 0.3359375 0.125 0.125
2 0.8203125 0.1015625 0.125 0.125
2 0.9453125 0.25390625 0.125 0.125
2 0.96484375 0.33203125 0.125 0.125
2 0.99609375 0.1796875 0.125 0.125
