4 0.3359375 0.0234375 0.125 0.125
3 0.0625 0.01953125 0.125 0.125
3 0.1328125 0.01171875 0.125 0.125
3 0.1953125 0.01171875 0.125 0.125
3 0.265625 0.015625 0.125 0.125
3 0.4765625 0.01171875 0.125 0.125
1 0.4140625 0.015625 0.125 0.125
3 0.70703125 0.43359375 0.125 0.125
3 0.859375 0.4453125 0.125 0.125
3 0.89453125 0.09375 0.125 0.125
3 0.92578125 0.44140625 0.125 0.125
3 0.96875 0.09765625 0.125 0.125
2 0.61328125 0.02734375 0.125 0.125
2 0.68359375 0.04296875 0.125 0.125
1 0.62890625 0.44140625 0.125 0.125
1 0.78125 0.4375 0.125 0.125
1 0.984375 0.44140625 0.125 0.125
1 0.54296875 0.03125 0.125 0.125
1 0.5546875 0.43359375 0.125 0.125
3 0.859375 0.9140625 0.125 0.125
