3 0.48046875 0.1640625 0.125 0.125
1 0.26953125 0.41796875 0.125 0.125
1 0.40234375 0.15625 0.125 0.125
1 0.41015625 0.421875 0.125 0.125
3 0.83203125 0.171875 0.125 0.125
2 0.90625 0.140625 0.125 0.125
3 0.00390625 0.55078125 0.125 0.125
3 0.04296875 0.9140625 0.125 0.125
3 0.1796875 0.90625 0.125 0.125
3 0.30078125 0.53125 0.125 0.125
3 0.4375 0.5390625 0.125 0.125
2 0.25 0.89453125 0.125 0.125
1 0.12109375 0.921875 0.125 0.125
1 0.234375 0.53125 0.125 0.125
1 0.32421875 0.9140625 0.125 0.125
1 0.37109375 0.53125 0.125 0.125
1 0.390625 0.90234375 0.125 0.125
3 0.54296875 0.921875 0.125 0.125
3 0.578125 0.54296875 0.125 0.125
3 0.6171875 0.9296875 0.125 0.125
1 0.66015625 0.5546875 0.125 0.125
1 0.73046875 0.55078125 0.125 0.125
1 0.8984375 0.93359375 0.125 0.125
1 0.51171875 0.53515625 0.125 0.125
