3 0.36328125 0.04296875 0.125 0.125
3 0.3984375 0.17578125 0.125 0.125
3 0.4375 0.45703125 0.125 0.125
3 0.44921875 0.23046875 0.125 0.125
1 0.1953125 0.03125 0.125 0.125
4 0.6015625 0.23046875 0.125 0.125
4 0.7265625 0.48046875 0.125 0.125
4 0.828125 0.09375 0.125 0.125
3 0.5078125 0.11328125 0.125 0.125
3 0.5859375 0.48046875 0.125 0.125
3 0.6640625 0.11328125 0.125 0.125
3 0.765625 0.2109375 0.125 0.125
3 0.79296875 0.484375 0.125 0.125
3 0.83203125 0.23828125 0.125 0.125
3 0.859375 0.46875 0.125 0.125
3 0.1171875 0.71875 0.125 0.125
4 0.65625 0.5 0.125 0.125
