3 0.37109375 0.31640625 0.125 0.125
1 0.30078125 0.31640625 0.125 0.125
1 0.44921875 0.3203125 0.125 0.125
3 0.58984375 0.3203125 0.125 0.125
3 0.66015625 0.3203125 0.125 0.125
3 0.80859375 0.33203125 0.125 0.125
1 0.51171875 0.328125 0.125 0.125
1 0.73046875 0.33203125 0.125 0.125
1 0.9453125 0.33203125 0.125 0.125
3 0.03515625 0.83984375 0.125 0.125
3 0.46484375 0.85546875 0.125 0.125
1 0.15625 0.9453125 0.125 0.125
1 0.28125 0.84765625 0.125 0.125
3 0.91015625 0.84765625 0.125 0.125
1 0.66796875 0.859375 0.125 0.125
