1 0.4609375 0.328125 0.125 0.125
3 0.96875 0.4609375 0.125 0.125
3 0.04296875 0.52734375 0.125 0.125
3 0.05078125 0.66015625 0.125 0.125
3 0.06640625 0.9609375 0.125 0.125
3 0.13671875 0.6484375 0.125 0.125
3 0.2109375 0.9609375 0.125 0.125
3 0.29296875 0.9609375 0.125 0.125
3 0.4609375 0.65234375 0.125 0.125
1 0.12890625 0.94921875 0.125 0.125
1 0.1328125 0.53515625 0.125 0.125
1 0.4609375 0.7265625 0.125 0.125
1 0.46484375 0.8671875 0.125 0.125
1 0.46875 0.77734375 0.125 0.125
1 0.96484375 0.6328125 0.125 0.125
