2 0.09765625 0.04296875 0.125 0.125
2 0.17578125 0.0625 0.125 0.125
2 0.3984375 0.06640625 0.125 0.125
1 0.12109375 0.4609375 0.125 0.125
1 0.2578125 0.07421875 0.125 0.125
1 0.33203125 0.08984375 0.125 0.125
3 0.5390625 0.0625 0.125 0.125
3 0.69140625 0.0390625 0.125 0.125
3 0.9609375 0.1484375 0.125 0.125
1 0.89453125 0.125 0.125 0.125
1 0.8203125 0.11328125 0.125 0.125
3 0.1328125 0.54296875 0.125 0.125
3 0.1484375 0.63671875 0.125 0.125
3 0.15625 0.71875 0.125 0.125
3 0.16015625 0.64453125 0.125 0.125
