4 0.0234375 0.37109375 0.125 0.125
3 0.03515625 0.0234375 0.125 0.125
3 0.14453125 0.21484375 0.125 0.125
3 0.17578125 0.3125 0.125 0.125
3 0.1796875 0.4296875 0.125 0.125
3 0.19921875 0.09375 0.125 0.125
3 0.19921875 0.3671875 0.125 0.125
3 0.2109375 0.03515625 0.125 0.125
3 0.25 0.2265625 0.125 0.125
3 0.31640625 0.32421875 0.125 0.125
1 0.015625 0.4453125 0.125 0.125
1 0.328125 0.46875 0.125 0.125
4 0.515625 0.20703125 0.125 0.125
4 0.65234375 0.07421875 0.125 0.125
4 0.671875 0.33984375 0.125 0.125
4 0.78515625 0.1484375 0.125 0.125
4 0.7890625 0.203125 0.125 0.125
3 0.64453125 0.13671875 0.125 0.125
3 0.65234375 0.19921875 0.125 0.125
3 0.6640625 0.41796875 0.125 0.125
3 0.5 0.28515625 0.125 0.125
3 0.50390625 0.08203125 0.125 0.125
3 0.515625 0.140625 0.125 0.125
3 0.53515625 0.41015625 0.125 0.125
1 0.51953125 0.49609375 0.125 0.125
4 0.015625 0.83984375 0.125 0.125
4 0.0234375 0.765625 0.125 0.125
4 0.1796875 0.91015625 0.125 0.125
4 0.1875 0.6328125 0.125 0.125
4 0.296875 0.625 0.125 0.125
3 0.03515625 0.640625 0.125 0.125
3 0.0390625 0.88671875 0.125 0.125
3 0.0390625 0.9765625 0.125 0.125
3 0.05078125 0.50390625 0.125 0.125
3 0.17578125 0.83984375 0.125 0.125
3 0.17578125 0.96484375 0.125 0.125
3 0.1796875 0.69921875 0.125 0.125
3 0.18359375 0.5078125 0.125 0.125
3 0.19921875 0.77734375 0.125 0.125
3 0.30078125 0.7890625 0.125 0.125
3 0.36328125 0.94140625 0.125 0.125
3 0.3671875 0.78125 0.125 0.125
3 0.4765625 0.609375 0.125 0.125
3 0.484375 0.765625 0.125 0.125
4 0.53515625 0.77734375 0.125 0.125
4 0.80078125 0.60546875 0.125 0.125
4 0.80859375 0.671875 0.125 0.125
3 0.6875 0.875 0.125 0.125
3 0.6875 0.9453125 0.125 0.125
3 0.53515625 0.59375 0.125 0.125
3 0.5546875 0.9453125 0.125 0.125
