3 0.0703125 0.40234375 0.125 0.125
3 0.07421875 0.328125 0.125 0.125
3 0.42578125 0.30078125 0.125 0.125
3 0.43359375 0.4375 0.125 0.125
3 0.44140625 0.1640625 0.125 0.125
2 0.0703125 0.484375 0.125 0.125
1 0.07421875 0.1953125 0.125 0.125
1 0.42578125 0.37109375 0.125 0.125
3 0.9453125 0.37890625 0.125 0.125
1 0.9375 0.1640625 0.125 0.125
4 0.0625 0.62890625 0.125 0.125
1 0.0703125 0.54296875 0.125 0.125
4 0.9609375 0.953125 0.125 0.125
3 0.58203125 0.671875 0.125 0.125
3 0.59375 0.734375 0.125 0.125
3 0.9453125 0.8828125 0.125 0.125
1 0.58984375 0.8828125 0.125 0.125
1 0.609375 0.80859375 0.125 0.125
1 0.953125 0.75 0.125 0.125
1 0.9609375 0.60546875 0.125 0.125
