4 0.4296875 0.0546875 0.125 0.125
3 0.16015625 0.17578125 0.125 0.125
3 0.453125 0.41015625 0.125 0.125
3 0.45703125 0.3359375 0.125 0.125
2 0.4296875 0.2265625 0.125 0.125
1 0.41796875 0.125 0.125 0.125
1 0.43359375 0.4765625 0.125 0.125
4 0.5703125 0.1015625 0.125 0.125
2 0.55078125 0.3359375 0.125 0.125
1 0.56640625 0.1953125 0.125 0.125
3 0.1484375 0.61328125 0.125 0.125
3 0.421875 0.7109375 0.125 0.125
1 0.140625 0.765625 0.125 0.125
1 0.4453125 0.57421875 0.125 0.125
3 0.5859375 0.67578125 0.125 0.125
2 0.578125 0.75390625 0.125 0.125
1 0.57421875 0.50390625 0.125 0.125
