3 0.01171875 0.359375 0.125 0.125
3 0.02734375 0.22265625 0.125 0.125
3 0.171875 0.22265625 0.125 0.125
3 0.23046875 0.37890625 0.125 0.125
1 0.15625 0.3671875 0.125 0.125
4 0.6875 0.015625 0.125 0.125
3 0.52734375 0.0859375 0.125 0.125
3 0.52734375 0.21484375 0.125 0.125
3 0.66796875 0.22265625 0.125 0.125
3 0.6796875 0.15234375 0.125 0.125
2 0.98828125 0.48828125 0.125 0.125
1 0.98046875 0.390625 0.125 0.125
1 0.52734375 0.1484375 0.125 0.125
1 0.53125 0.01953125 0.125 0.125
1 0.67578125 0.3671875 0.125 0.125
2 0.78515625 0.7109375 0.125 0.125
2 0.9453125 0.71875 0.125 0.125
