4 0.08203125 0.40234375 0.125 0.125
3 0.15234375 0.03125 0.125 0.125
3 0.15234375 0.40234375 0.125 0.125
3 0.28515625 0.0234375 0.125 0.125
3 0.44140625 0.421875 0.125 0.125
3 0.0 0.03125 0.125 0.125
1 0.00390625 0.39453125 0.125 0.125
1 0.08203125 0.015625 0.125 0.125
1 0.21875 0.0390625 0.125 0.125
1 0.29296875 0.40234375 0.125 0.125
1 0.36328125 0.421875 0.125 0.125
1 0.37109375 0.0546875 0.125 0.125
1 0.44140625 0.0390625 0.125 0.125
1 0.96484375 0.08984375 0.125 0.125
3 0.03515625 0.828125 0.125 0.125
1 0.328125 0.9609375 0.125 0.125
1 0.5390625 0.98046875 0.125 0.125
