3 0.4609375 0.03515625 0.125 0.125
4 0.8828125 0.49609375 0.125 0.125
3 0.8515625 0.0703125 0.125 0.125
3 0.91015625 0.23828125 0.125 0.125
3 0.93359375 0.08984375 0.125 0.125
3 0.984375 0.25 0.125 0.125
3 0.98828125 0.12890625 0.125 0.125
1 0.58984375 0.17578125 0.125 0.125
1 0.8515625 0.203125 0.125 0.125
1 0.94140625 0.48828125 0.125 0.125
3 0.3671875 0.9765625 0.125 0.125
2 0.44140625 0.96875 0.125 0.125
1 0.29296875 0.9765625 0.125 0.125
2 0.5859375 0.6796875 0.125 0.125
1 0.87109375 0.9375 0.125 0.125
1 0.95703125 0.94921875 0.125 0.125
