3 0.48046875 0.140625 0.125 0.125
2 0.43359375 0.2734375 0.125 0.125
1 0.48046875 0.328125 0.125 0.125
3 0.51953125 0.38671875 0.125 0.125
3 0.60546875 0.07421875 0.125 0.125
3 0.67578125 0.05859375 0.125 0.125
1 0.5234375 0.48046875 0.125 0.125
1 0.9609375 0.05859375 0.125 0.125
3 0.16796875 0.75390625 0.125 0.125
1 0.0390625 0.7578125 0.125 0.125
1 0.109375 0.76171875 0.125 0.125
1 0.2421875 0.75390625 0.125 0.125
3 0.8671875 0.76171875 0.125 0.125
3 0.953125 0.76171875 0.125 0.125
3 0.6328125 0.53515625 0.125 0.125
3 0.6484375 0.76953125 0.125 0.125
2 0.73046875 0.77734375 0.125 0.125
2 0.80078125 0.7578125 0.125 0.125
1 0.97265625 0.5390625 0.125 0.125
1 0.57421875 0.76953125 0.125 0.125
1 0.68359375 0.53125 0.125 0.125
1 0.7578125 0.53125 0.125 0.125
1 0.83203125 0.54296875 0.125 0.125
1 0.90234375 0.5390625 0.125 0.125
