4 0.08203125 0.1328125 0.125 0.125
2 0.4921875 0.09375 0.125 0.125
1 0.00390625 0.12109375 0.125 0.125
1 0.40625 0.12890625 0.125 0.125
1 0.49609375 0.4609375 0.125 0.125
4 0.65234375 0.4609375 0.125 0.125
3 0.71484375 0.46875 0.125 0.125
3 0.796875 0.45703125 0.125 0.125
3 0.9375 0.4609375 0.125 0.125
1 0.86328125 0.44921875 0.125 0.125
1 0.09375 0.9453125 0.125 0.125
1 0.18359375 0.9375 0.125 0.125
3 0.5703125 0.9765625 0.125 0.125
3 0.68359375 0.80859375 0.125 0.125
3 0.76953125 0.81640625 0.125 0.125
3 0.83984375 0.81640625 0.125 0.125
2 0.55859375 0.81640625 0.125 0.125
