3 0.21875 0.3984375 0.125 0.125
1 0.08203125 0.41015625 0.125 0.125
1 0.36328125 0.40625 0.125 0.125
1 0.0 0.3984375 0.125 0.125
3 0.50390625 0.40234375 0.125 0.125
3 0.7578125 0.3125 0.125 0.125
3 0.7734375 0.37109375 0.125 0.125
2 0.77734375 0.23046875 0.125 0.125
2 0.78515625 0.49609375 0.125 0.125
1 0.7578125 0.0546875 0.125 0.125
1 0.77734375 0.1640625 0.125 0.125
3 0.0078125 0.6875 0.125 0.125
3 0.0078125 0.828125 0.125 0.125
3 0.07421875 0.6953125 0.125 0.125
3 0.08203125 0.8515625 0.125 0.125
3 0.1484375 0.703125 0.125 0.125
3 0.16015625 0.85546875 0.125 0.125
3 0.2265625 0.8515625 0.125 0.125
3 0.28515625 0.6875 0.125 0.125
3 0.29296875 0.84375 0.125 0.125
3 0.4296875 0.8203125 0.125 0.125
3 0.4375 0.6953125 0.125 0.125
2 0.359375 0.8359375 0.125 0.125
1 0.359375 0.6796875 0.125 0.125
3 0.5 0.7265625 0.125 0.125
3 0.5 0.85546875 0.125 0.125
3 0.5859375 0.6875 0.125 0.125
1 0.76953125 0.5625 0.125 0.125
