3 0.3515625 0.1171875 0.125 0.125
3 0.359375 0.18359375 0.125 0.125
3 0.36328125 0.3515625 0.125 0.125
3 0.46875 0.4296875 0.125 0.125
3 0.47265625 0.27734375 0.125 0.125
3 0.47265625 0.3515625 0.125 0.125
3 0.4765625 0.11328125 0.125 0.125
1 0.34765625 0.42578125 0.125 0.125
1 0.37109375 0.26171875 0.125 0.125
1 0.3828125 0.0234375 0.125 0.125
1 0.48828125 0.19140625 0.125 0.125
4 0.75 0.359375 0.125 0.125
1 0.5 0.02734375 0.125 0.125
1 0.73828125 0.0390625 0.125 0.125
1 0.75390625 0.10546875 0.125 0.125
1 0.7578125 0.2421875 0.125 0.125
1 0.8984375 0.0 0.125 0.125
1 0.9140625 0.28515625 0.125 0.125
3 0.3515625 0.50390625 0.125 0.125
3 0.359375 0.734375 0.125 0.125
3 0.44921875 0.83203125 0.125 0.125
3 0.48046875 0.58984375 0.125 0.125
3 0.4921875 0.50390625 0.125 0.125
1 0.359375 0.6640625 0.125 0.125
1 0.3671875 0.578125 0.125 0.125
1 0.48046875 0.66015625 0.125 0.125
1 0.484375 0.73828125 0.125 0.125
4 0.75390625 0.80859375 0.125 0.125
4 0.76171875 0.67578125 0.125 0.125
3 0.75 0.74609375 0.125 0.125
3 0.7578125 0.546875 0.125 0.125
3 0.76171875 0.61328125 0.125 0.125
1 0.7578125 0.9375 0.125 0.125
1 0.76171875 0.87109375 0.125 0.125
