3 0.27734375 0.1640625 0.125 0.125
3 0.3515625 0.16796875 0.125 0.125
3 0.41796875 0.17578125 0.125 0.125
1 0.046875 0.15234375 0.125 0.125
1 0.125 0.16015625 0.125 0.125
1 0.2109375 0.1484375 0.125 0.125
4 0.58203125 0.1640625 0.125 0.125
3 0.5 0.16015625 0.125 0.125
3 0.9140625 0.15234375 0.125 0.125
1 0.9765625 0.15625 0.125 0.125
1 0.65234375 0.15234375 0.125 0.125
1 0.71875 0.16796875 0.125 0.125
3 0.234375 0.65625 0.125 0.125
3 0.37890625 0.51953125 0.125 0.125
3 0.3828125 0.66015625 0.125 0.125
3 0.44921875 0.65625 0.125 0.125
1 0.296875 0.515625 0.125 0.125
1 0.30859375 0.65625 0.125 0.125
1 0.453125 0.51171875 0.125 0.125
3 0.59375 0.66015625 0.125 0.125
3 0.59765625 0.52734375 0.125 0.125
3 0.65625 0.6640625 0.125 0.125
3 0.73046875 0.66015625 0.125 0.125
3 0.7421875 0.51953125 0.125 0.125
1 0.51953125 0.50390625 0.125 0.125
1 0.5234375 0.65234375 0.125 0.125
1 0.65625 0.53125 0.125 0.125
1 0.81640625 0.52734375 0.125 0.125
1 0.81640625 0.66796875 0.125 0.125
