3 0.328125 0.01171875 0.125 0.125
3 0.49609375 0.48828125 0.125 0.125
1 0.046875 0.42578125 0.125 0.125
1 0.26953125 0.42578125 0.125 0.125
4 0.51953125 0.40625 0.125 0.125
3 0.83203125 0.23828125 0.125 0.125
3 0.84375 0.37109375 0.125 0.125
1 0.8125 0.4453125 0.125 0.125
3 0.48828125 0.55859375 0.125 0.125
3 0.48828125 0.83203125 0.125 0.125
3 0.49609375 0.984375 0.125 0.125
1 0.22265625 0.73046875 0.125 0.125
1 0.28515625 0.74609375 0.125 0.125
1 0.4921875 0.69140625 0.125 0.125
1 0.49609375 0.765625 0.125 0.125
4 0.83984375 0.79296875 0.125 0.125
3 0.5 0.62890625 0.125 0.125
3 0.62890625 0.51953125 0.125 0.125
3 0.83203125 0.58203125 0.125 0.125
3 0.83203125 0.71875 0.125 0.125
1 0.5 0.91015625 0.125 0.125
1 0.8203125 0.85546875 0.125 0.125
1 0.83203125 0.93359375 0.125 0.125
