4 0.44921875 0.26171875 0.125 0.125
4 0.0390625 0.48828125 0.125 0.125
3 0.08984375 0.18359375 0.125 0.125
3 0.09765625 0.47265625 0.125 0.125
3 0.1328125 0.328125 0.125 0.125
3 0.15234375 0.453125 0.125 0.125
3 0.2578125 0.046875 0.125 0.125
3 0.328125 0.03125 0.125 0.125
3 0.33984375 0.13671875 0.125 0.125
3 0.38671875 0.0234375 0.125 0.125
3 0.38671875 0.421875 0.125 0.125
3 0.39453125 0.28515625 0.125 0.125
3 0.40625 0.15625 0.125 0.125
3 0.4375 0.41015625 0.125 0.125
3 0.01171875 0.0625 0.125 0.125
3 0.0234375 0.34375 0.125 0.125
3 0.03125 0.20703125 0.125 0.125
3 0.078125 0.31640625 0.125 0.125
2 0.45703125 0.8515625 0.125 0.125
1 0.15234375 0.6328125 0.125 0.125
1 0.15234375 0.7890625 0.125 0.125
1 0.171875 0.90234375 0.125 0.125
