3 0.30859375 0.30078125 0.125 0.125
1 0.32421875 0.2109375 0.125 0.125
4 0.80078125 0.16796875 0.125 0.125
4 0.921875 0.3203125 0.125 0.125
4 0.9765625 0.05078125 0.125 0.125
2 0.93359375 0.46484375 0.125 0.125
2 0.984375 0.4296875 0.125 0.125
1 0.84765625 0.3515625 0.125 0.125
1 0.859375 0.125 0.125 0.125
1 0.9140625 0.08984375 0.125 0.125
1 0.97265625 0.2890625 0.125 0.125
1 0.3125 0.9453125 0.125 0.125
4 0.6796875 0.8125 0.125 0.125
4 0.8203125 0.53125 0.125 0.125
3 0.5625 0.93359375 0.125 0.125
2 0.828125 0.953125 0.125 0.125
2 0.87109375 0.5 0.125 0.125
2 0.87109375 0.71484375 0.125 0.125
2 0.88671875 0.9140625 0.125 0.125
2 0.9296875 0.87890625 0.125 0.125
2 0.953125 0.671875 0.125 0.125
2 0.9765625 0.8359375 0.125 0.125
2 0.984375 0.63671875 0.125 0.125
