4 0.01953125 0.1015625 0.125 0.125
4 0.02734375 0.05078125 0.125 0.125
4 0.1796875 0.29296875 0.125 0.125
4 0.18359375 0.1640625 0.125 0.125
4 0.19921875 0.36328125 0.125 0.125
4 0.3203125 0.39453125 0.125 0.125
4 0.37109375 0.21875 0.125 0.125
4 0.49609375 0.4140625 0.125 0.125
3 0.05859375 0.3671875 0.125 0.125
3 0.171875 0.1015625 0.125 0.125
3 0.19140625 0.2421875 0.125 0.125
3 0.19921875 0.4375 0.125 0.125
3 0.19921875 0.49609375 0.125 0.125
2 0.16015625 0.04296875 0.125 0.125
4 0.5 0.26171875 0.125 0.125
4 0.55859375 0.41796875 0.125 0.125
4 0.5703125 0.08984375 0.125 0.125
4 0.66796875 0.16796875 0.125 0.125
4 0.6796875 0.4375 0.125 0.125
4 0.68359375 0.09375 0.125 0.125
4 0.80859375 0.4375 0.125 0.125
3 0.56640625 0.0078125 0.125 0.125
3 0.65234375 0.3515625 0.125 0.125
3 0.69140625 0.01953125 0.125 0.125
3 0.8125 0.296875 0.125 0.125
3 0.81640625 0.234375 0.125 0.125
3 0.81640625 0.36328125 0.125 0.125
3 0.8203125 0.09375 0.125 0.125
3 0.82421875 0.015625 0.125 0.125
3 0.50390625 0.10546875 0.125 0.125
4 0.01171875 0.7109375 0.125 0.125
4 0.19921875 0.5703125 0.125 0.125
4 0.3671875 0.52734375 0.125 0.125
4 0.49609375 0.87109375 0.125 0.125
3 0.14453125 0.640625 0.125 0.125
3 0.4921875 0.56640625 0.125 0.125
3 0.4921875 0.703125 0.125 0.125
1 0.3125 0.53125 0.125 0.125
4 0.6640625 0.90234375 0.125 0.125
4 0.671875 0.6328125 0.125 0.125
4 0.8203125 0.50390625 0.125 0.125
4 0.82421875 0.5703125 0.125 0.125
4 0.82421875 0.64453125 0.125 0.125
4 0.82421875 0.765625 0.125 0.125
4 0.83203125 0.828125 0.125 0.125
3 0.671875 0.5625 0.125 0.125
3 0.67578125 0.765625 0.125 0.125
3 0.67578125 0.828125 0.125 0.125
3 0.5546875 0.55078125 0.125 0.125
3 0.55859375 0.87109375 0.125 0.125
1 0.546875 0.72265625 0.125 0.125
