4 0.3671875 0.3515625 0.125 0.125
4 0.40234375 0.296875 0.125 0.125
4 0.47265625 0.30078125 0.125 0.125
3 0.12890625 0.21875 0.125 0.125
3 0.41015625 0.421875 0.125 0.125
3 0.46875 0.14453125 0.125 0.125
2 0.109375 0.0625 0.125 0.125
1 0.03515625 0.08984375 0.125 0.125
1 0.05078125 0.2265625 0.125 0.125
1 0.40234375 0.1640625 0.125 0.125
4 0.5390625 0.28515625 0.125 0.125
4 0.8984375 0.2734375 0.125 0.125
4 0.93359375 0.140625 0.125 0.125
4 0.97265625 0.28125 0.125 0.125
3 0.55859375 0.15625 0.125 0.125
3 0.578125 0.4453125 0.125 0.125
3 0.625 0.13671875 0.125 0.125
3 0.6953125 0.12890625 0.125 0.125
3 0.7734375 0.2734375 0.125 0.125
3 0.82421875 0.42578125 0.125 0.125
3 0.83203125 0.28515625 0.125 0.125
3 0.8984375 0.43359375 0.125 0.125
3 0.9765625 0.41796875 0.125 0.125
1 0.7890625 0.0 0.125 0.125
4 0.03125 0.55078125 0.125 0.125
4 0.453125 0.7890625 0.125 0.125
3 0.38671875 0.91015625 0.125 0.125
3 0.47265625 0.61328125 0.125 0.125
1 0.125 0.70703125 0.125 0.125
4 0.53515625 0.6015625 0.125 0.125
4 0.69140625 0.7109375 0.125 0.125
4 0.74609375 0.9921875 0.125 0.125
4 0.77734375 0.87109375 0.125 0.125
4 0.90625 0.5703125 0.125 0.125
4 0.984375 0.99609375 0.125 0.125
3 0.62109375 0.60546875 0.125 0.125
3 0.62109375 0.8515625 0.125 0.125
3 0.85546875 0.8671875 0.125 0.125
3 0.984375 0.828125 0.125 0.125
1 0.53125 0.8984375 0.125 0.125
1 0.69140625 0.875 0.125 0.125
1 0.7734375 0.69921875 0.125 0.125
