4 0.03515625 0.27734375 0.125 0.125
4 0.30078125 0.10546875 0.125 0.125
4 0.30859375 0.171875 0.125 0.125
3 0.1875 0.375 0.125 0.125
3 0.1875 0.4453125 0.125 0.125
3 0.03515625 0.09375 0.125 0.125
3 0.0546875 0.4453125 0.125 0.125
3 0.66015625 0.4140625 0.125 0.125
4 0.0 0.76171875 0.125 0.125
4 0.05859375 0.91796875 0.125 0.125
4 0.0703125 0.58984375 0.125 0.125
4 0.16796875 0.66796875 0.125 0.125
4 0.1796875 0.9375 0.125 0.125
4 0.18359375 0.59375 0.125 0.125
4 0.30859375 0.9375 0.125 0.125
3 0.06640625 0.5078125 0.125 0.125
3 0.15234375 0.8515625 0.125 0.125
3 0.19140625 0.51953125 0.125 0.125
3 0.3125 0.796875 0.125 0.125
3 0.31640625 0.734375 0.125 0.125
3 0.31640625 0.86328125 0.125 0.125
3 0.3203125 0.59375 0.125 0.125
3 0.32421875 0.515625 0.125 0.125
3 0.00390625 0.60546875 0.125 0.125
