3 0.40234375 0.0390625 0.125 0.125
4 0.0390625 0.26171875 0.125 0.125
4 0.2890625 0.3671875 0.125 0.125
3 0.26171875 0.01953125 0.125 0.125
3 0.29296875 0.44140625 0.125 0.125
1 0.01953125 0.44140625 0.125 0.125
1 0.1171875 0.2890625 0.125 0.125
1 0.14453125 0.375 0.125 0.125
1 0.51171875 0.421875 0.125 0.125
3 0.45703125 0.8828125 0.125 0.125
4 0.19140625 0.671875 0.125 0.125
2 0.1640625 0.859375 0.125 0.125
1 0.0234375 0.54296875 0.125 0.125
1 0.203125 0.5 0.125 0.125
1 0.30078125 0.5234375 0.125 0.125
1 0.36328125 0.921875 0.125 0.125
3 0.59765625 0.97265625 0.125 0.125
3 0.859375 0.9921875 0.125 0.125
3 0.9609375 0.9765625 0.125 0.125
2 0.90234375 0.80859375 0.125 0.125
