3 0.26171875 0.21875 0.125 0.125
3 0.3125 0.03125 0.125 0.125
3 0.46484375 0.0546875 0.125 0.125
3 0.4765625 0.1796875 0.125 0.125
2 0.18359375 0.23046875 0.125 0.125
1 0.05078125 0.21875 0.125 0.125
1 0.1171875 0.20703125 0.125 0.125
1 0.3125 0.09765625 0.125 0.125
1 0.3203125 0.2109375 0.125 0.125
1 0.40234375 0.2109375 0.125 0.125
3 0.671875 0.3515625 0.125 0.125
3 0.7421875 0.34375 0.125 0.125
3 0.8203125 0.19921875 0.125 0.125
3 0.88671875 0.19140625 0.125 0.125
3 0.96484375 0.20703125 0.125 0.125
3 0.96484375 0.33984375 0.125 0.125
1 0.59765625 0.19921875 0.125 0.125
1 0.67578125 0.203125 0.125 0.125
1 0.74609375 0.19921875 0.125 0.125
1 0.8203125 0.3359375 0.125 0.125
1 0.89453125 0.328125 0.125 0.125
3 0.25390625 0.94140625 0.125 0.125
3 0.39453125 0.94140625 0.125 0.125
3 0.234375 0.8671875 0.125 0.125
2 0.41796875 0.515625 0.125 0.125
1 0.24609375 0.5234375 0.125 0.125
1 0.24609375 0.72265625 0.125 0.125
1 0.25390625 0.57421875 0.125 0.125
1 0.26953125 0.66015625 0.125 0.125
1 0.3828125 0.87890625 0.125 0.125
1 0.39453125 0.59375 0.125 0.125
1 0.40625 0.6640625 0.125 0.125
3 0.65234375 0.83203125 0.125 0.125
3 0.66015625 0.6875 0.125 0.125
3 0.73046875 0.8203125 0.125 0.125
3 0.73828125 0.6875 0.125 0.125
3 0.8046875 0.8203125 0.125 0.125
3 0.88671875 0.8203125 0.125 0.125
2 0.87890625 0.67578125 0.125 0.125
2 0.94921875 0.6796875 0.125 0.125
1 0.8125 0.6953125 0.125 0.125
1 0.953125 0.82421875 0.125 0.125
