3 0.00390625 0.38671875 0.125 0.125
3 0.16015625 0.1171875 0.125 0.125
3 0.17578125 0.25390625 0.125 0.125
2 0.0 0.44921875 0.125 0.125
1 0.14453125 0.18359375 0.125 0.125
1 0.16015625 0.0546875 0.125 0.125
1 0.16015625 0.375 0.125 0.125
3 0.53125 0.0 0.125 0.125
3 0.53125 0.31640625 0.125 0.125
3 0.67578125 0.44140625 0.125 0.125
3 0.68359375 0.27734375 0.125 0.125
3 0.93359375 0.4375 0.125 0.125
3 0.9375 0.26953125 0.125 0.125
3 0.9453125 0.359375 0.125 0.125
1 0.69140625 0.33984375 0.125 0.125
1 0.9375 0.015625 0.125 0.125
1 0.5390625 0.3828125 0.125 0.125
1 0.54296875 0.1953125 0.125 0.125
4 0.671875 0.6875 0.125 0.125
3 0.6640625 0.6171875 0.125 0.125
1 0.671875 0.5234375 0.125 0.125
1 0.68359375 0.9296875 0.125 0.125
1 0.69921875 0.84375 0.125 0.125
1 0.5234375 0.50390625 0.125 0.125
1 0.5234375 0.5703125 0.125 0.125
