3 0.234375 0.12890625 0.125 0.125
3 0.26171875 0.2265625 0.125 0.125
1 0.21484375 0.06640625 0.125 0.125
1 0.4609375 0.41015625 0.125 0.125
1 0.98828125 0.41015625 0.125 0.125
1 0.61328125 0.41796875 0.125 0.125
1 0.90625 0.40234375 0.125 0.125
3 0.32421875 0.87890625 0.125 0.125
3 0.39453125 0.7421875 0.125 0.125
3 0.3984375 0.875 0.125 0.125
3 0.46875 0.75390625 0.125 0.125
3 0.46875 0.87109375 0.125 0.125
3 0.5390625 0.75 0.125 0.125
3 0.61328125 0.75390625 0.125 0.125
3 0.61328125 0.8984375 0.125 0.125
3 0.6796875 0.74609375 0.125 0.125
3 0.68359375 0.89453125 0.125 0.125
3 0.7578125 0.8984375 0.125 0.125
3 0.828125 0.75390625 0.125 0.125
3 0.828125 0.890625 0.125 0.125
3 0.90234375 0.90234375 0.125 0.125
1 0.984375 0.76171875 0.125 0.125
1 0.9921875 0.890625 0.125 0.125
1 0.53515625 0.8984375 0.125 0.125
1 0.75390625 0.7734375 0.125 0.125
1 0.8984375 0.73828125 0.125 0.125
