1 0.01171875 0.25 0.125 0.125
1 0.09375 0.26171875 0.125 0.125
1 0.1796875 0.25390625 0.125 0.125
1 0.265625 0.25 0.125 0.125
1 0.35546875 0.2421875 0.125 0.125
1 0.43359375 0.24609375 0.125 0.125
3 0.6015625 0.24609375 0.125 0.125
3 0.6796875 0.25390625 0.125 0.125
3 0.765625 0.25 0.125 0.125
3 0.84375 0.25 0.125 0.125
3 0.93359375 0.25 0.125 0.125
3 0.51171875 0.23828125 0.125 0.125
3 0.21484375 0.99609375 0.125 0.125
3 0.28515625 0.734375 0.125 0.125
3 0.359375 0.59765625 0.125 0.125
3 0.4453125 0.6171875 0.125 0.125
3 0.484375 0.73828125 0.125 0.125
3 0.65234375 0.73828125 0.125 0.125
3 0.85546875 0.58203125 0.125 0.125
3 0.96484375 0.6796875 0.125 0.125
3 0.55078125 0.60546875 0.125 0.125
1 0.65234375 0.6015625 0.125 0.125
