3 0.015625 0.16796875 0.125 0.125
3 0.46484375 0.2734375 0.125 0.125
2 0.078125 0.31640625 0.125 0.125
2 0.4921875 0.4140625 0.125 0.125
1 0.05078125 0.23046875 0.125 0.125
3 0.734375 0.33203125 0.125 0.125
1 0.50390625 0.24609375 0.125 0.125
1 0.6015625 0.33984375 0.125 0.125
1 0.6796875 0.43359375 0.125 0.125
1 0.72265625 0.41015625 0.125 0.125
3 0.4453125 0.96875 0.125 0.125
1 0.07421875 0.609375 0.125 0.125
1 0.08984375 0.82421875 0.125 0.125
4 0.6484375 0.85546875 0.125 0.125
3 0.5390625 0.9453125 0.125 0.125
3 0.57421875 0.6953125 0.125 0.125
3 0.6171875 0.96875 0.125 0.125
3 0.68359375 0.99609375 0.125 0.125
1 0.7265625 0.83984375 0.125 0.125
