3 0.1953125 0.453125 0.125 0.125
1 0.48046875 0.33203125 0.125 0.125
3 0.5703125 0.38671875 0.125 0.125
3 0.65234375 0.3828125 0.125 0.125
3 0.65625 0.234375 0.125 0.125
2 0.56640625 0.234375 0.125 0.125
3 0.4453125 0.75 0.125 0.125
2 0.34375 0.94921875 0.125 0.125
2 0.4765625 0.94140625 0.125 0.125
1 0.2890625 0.75 0.125 0.125
1 0.36328125 0.765625 0.125 0.125
3 0.51171875 0.7421875 0.125 0.125
3 0.578125 0.734375 0.125 0.125
3 0.65234375 0.75 0.125 0.125
2 0.55078125 0.94140625 0.125 0.125
1 0.72265625 0.75390625 0.125 0.125
