3 0.16796875 0.07421875 0.125 0.125
3 0.17578125 0.203125 0.125 0.125
3 0.2421875 0.07421875 0.125 0.125
3 0.3125 0.078125 0.125 0.125
1 0.12890625 0.0 0.125 0.125
3 0.5625 0.44921875 0.125 0.125
3 0.58984375 0.046875 0.125 0.125
3 0.74609375 0.3984375 0.125 0.125
1 0.55859375 0.375 0.125 0.125
1 0.5625 0.28515625 0.125 0.125
3 0.2109375 0.9140625 0.125 0.125
3 0.55078125 0.5859375 0.125 0.125
3 0.55859375 0.7265625 0.125 0.125
3 0.55859375 0.85546875 0.125 0.125
2 0.76953125 0.72265625 0.125 0.125
1 0.7265625 0.51953125 0.125 0.125
1 0.546875 0.796875 0.125 0.125
