3 0.0 0.23046875 0.125 0.125
3 0.3671875 0.2421875 0.125 0.125
3 0.3671875 0.375 0.125 0.125
3 0.37109375 0.09765625 0.125 0.125
3 0.375 0.3046875 0.125 0.125
1 0.0 0.37109375 0.125 0.125
1 0.01953125 0.0390625 0.125 0.125
1 0.36328125 0.16796875 0.125 0.125
1 0.38671875 0.4375 0.125 0.125
3 0.66796875 0.34765625 0.125 0.125
3 0.50390625 0.375 0.125 0.125
2 0.98046875 0.30859375 0.125 0.125
1 0.515625 0.4375 0.125 0.125
1 0.5234375 0.171875 0.125 0.125
3 0.3671875 0.640625 0.125 0.125
3 0.3671875 0.703125 0.125 0.125
3 0.37109375 0.5703125 0.125 0.125
3 0.375 0.50390625 0.125 0.125
1 0.0 0.83984375 0.125 0.125
1 0.00390625 0.5 0.125 0.125
1 0.3671875 0.78125 0.125 0.125
1 0.37109375 0.91015625 0.125 0.125
1 0.37109375 0.9765625 0.125 0.125
3 0.8359375 0.50390625 0.125 0.125
3 0.515625 0.84375 0.125 0.125
3 0.51953125 0.50390625 0.125 0.125
2 0.515625 0.77734375 0.125 0.125
1 0.515625 0.63671875 0.125 0.125
1 0.85546875 0.58203125 0.125 0.125
