4 0.16796875 0.4453125 0.125 0.125
3 0.01171875 0.28125 0.125 0.125
3 0.0234375 0.140625 0.125 0.125
3 0.0703125 0.265625 0.125 0.125
3 0.1015625 0.484375 0.125 0.125
4 0.24609375 0.9453125 0.125 0.125
4 0.3125 0.92578125 0.125 0.125
3 0.03125 0.66015625 0.125 0.125
3 0.0390625 0.51171875 0.125 0.125
3 0.09765625 0.63671875 0.125 0.125
3 0.1015625 0.83203125 0.125 0.125
3 0.1328125 0.98828125 0.125 0.125
3 0.15625 0.6015625 0.125 0.125
3 0.19140625 0.97265625 0.125 0.125
2 0.23828125 0.765625 0.125 0.125
2 0.30078125 0.7421875 0.125 0.125
1 0.04296875 0.8671875 0.125 0.125
1 0.18359375 0.81640625 0.125 0.125
1 0.21875 0.58203125 0.125 0.125
1 0.37109375 0.89453125 0.125 0.125
