3 0.09765625 0.2109375 0.125 0.125
3 0.2890625 0.16796875 0.125 0.125
3 0.2890625 0.296875 0.125 0.125
3 0.2890625 0.37109375 0.125 0.125
2 0.08984375 0.13671875 0.125 0.125
1 0.10546875 0.3515625 0.125 0.125
1 0.2890625 0.44140625 0.125 0.125
1 0.30078125 0.234375 0.125 0.125
3 0.80078125 0.0546875 0.125 0.125
3 0.62109375 0.44140625 0.125 0.125
3 0.625 0.015625 0.125 0.125
1 0.625 0.0859375 0.125 0.125
1 0.62890625 0.3125 0.125 0.125
1 0.63671875 0.23046875 0.125 0.125
1 0.63671875 0.37109375 0.125 0.125
3 0.28515625 0.51171875 0.125 0.125
3 0.37890625 0.8203125 0.125 0.125
3 0.38671875 0.90625 0.125 0.125
1 0.2734375 0.57421875 0.125 0.125
1 0.28515625 0.6640625 0.125 0.125
1 0.39453125 0.98046875 0.125 0.125
1 0.6171875 0.5859375 0.125 0.125
1 0.6328125 0.5234375 0.125 0.125
