3 0.00390625 0.015625 0.125 0.125
3 0.0703125 0.01953125 0.125 0.125
3 0.2109375 0.2890625 0.125 0.125
1 0.1484375 0.015625 0.125 0.125
1 0.1875 0.44140625 0.125 0.125
4 0.65234375 0.0703125 0.125 0.125
4 0.7421875 0.0546875 0.125 0.125
3 0.19140625 0.8046875 0.125 0.125
3 0.1953125 0.50390625 0.125 0.125
3 0.328125 0.875 0.125 0.125
2 0.19921875 0.66015625 0.125 0.125
1 0.19140625 0.9453125 0.125 0.125
1 0.19921875 0.5703125 0.125 0.125
1 0.19921875 0.75 0.125 0.125
2 0.80859375 0.82421875 0.125 0.125
2 0.80859375 0.96484375 0.125 0.125
