3 0.14453125 0.1796875 0.125 0.125
3 0.98828125 0.39453125 0.125 0.125
3 0.9921875 0.328125 0.125 0.125
2 0.984375 0.12109375 0.125 0.125
1 0.48046875 0.92578125 0.125 0.125
3 0.97265625 0.7265625 0.125 0.125
3 0.98046875 0.58203125 0.125 0.125
3 0.984375 0.98828125 0.125 0.125
3 0.9921875 0.8671875 0.125 0.125
3 0.625 0.72265625 0.125 0.125
2 0.63671875 0.7890625 0.125 0.125
1 0.98046875 0.79296875 0.125 0.125
1 0.984375 0.65234375 0.125 0.125
1 0.9921875 0.91796875 0.125 0.125
1 0.62890625 0.5859375 0.125 0.125
1 0.6328125 0.98828125 0.125 0.125
1 0.63671875 0.859375 0.125 0.125
1 0.96875 0.52734375 0.125 0.125
