4 0.13671875 0.09375 0.125 0.125
4 0.203125 0.12109375 0.125 0.125
4 0.24609375 0.39453125 0.125 0.125
4 0.2734375 0.16015625 0.125 0.125
3 0.12890625 0.390625 0.125 0.125
3 0.1796875 0.26171875 0.125 0.125
3 0.1796875 0.3828125 0.125 0.125
3 0.3125 0.3984375 0.125 0.125
3 0.33984375 0.0078125 0.125 0.125
3 0.34375 0.203125 0.125 0.125
3 0.06640625 0.046875 0.125 0.125
4 0.15625 0.97265625 0.125 0.125
4 0.25 0.53125 0.125 0.125
4 0.296875 0.64453125 0.125 0.125
4 0.31640625 0.90234375 0.125 0.125
3 0.09765625 0.65234375 0.125 0.125
3 0.12109375 0.51171875 0.125 0.125
3 0.14453125 0.68359375 0.125 0.125
3 0.16015625 0.83203125 0.125 0.125
3 0.171875 0.90625 0.125 0.125
3 0.1875 0.5234375 0.125 0.125
3 0.19140625 0.68359375 0.125 0.125
3 0.3046875 0.7109375 0.125 0.125
3 0.3046875 0.76953125 0.125 0.125
3 0.30859375 0.83203125 0.125 0.125
3 0.3203125 0.52734375 0.125 0.125
3 0.0234375 0.90234375 0.125 0.125
1 0.3359375 0.96484375 0.125 0.125
