3 0.48828125 0.39453125 0.125 0.125
3 0.4921875 0.328125 0.125 0.125
2 0.484375 0.12109375 0.125 0.125
3 0.6328125 0.32421875 0.125 0.125
3 0.63671875 0.05859375 0.125 0.125
3 0.63671875 0.12109375 0.125 0.125
3 0.640625 0.45703125 0.125 0.125
3 0.65234375 0.19140625 0.125 0.125
1 0.6328125 0.2578125 0.125 0.125
1 0.98828125 0.15234375 0.125 0.125
3 0.47265625 0.7265625 0.125 0.125
3 0.48046875 0.58203125 0.125 0.125
3 0.484375 0.98828125 0.125 0.125
3 0.4921875 0.8671875 0.125 0.125
3 0.125 0.72265625 0.125 0.125
2 0.13671875 0.7890625 0.125 0.125
1 0.48046875 0.79296875 0.125 0.125
1 0.484375 0.65234375 0.125 0.125
1 0.4921875 0.91796875 0.125 0.125
1 0.12890625 0.5859375 0.125 0.125
1 0.1328125 0.98828125 0.125 0.125
1 0.13671875 0.859375 0.125 0.125
1 0.46875 0.52734375 0.125 0.125
3 0.625 0.5859375 0.125 0.125
3 0.62890625 0.73046875 0.125 0.125
3 0.6328125 0.86328125 0.125 0.125
3 0.9921875 0.89453125 0.125 0.125
2 0.99609375 0.9765625 0.125 0.125
1 0.6171875 0.796875 0.125 0.125
1 0.62890625 0.66796875 0.125 0.125
1 0.6328125 0.9296875 0.125 0.125
1 0.63671875 0.515625 0.125 0.125
1 0.99609375 0.83984375 0.125 0.125
