3 0.3828125 0.43359375 0.125 0.125
3 0.3984375 0.2890625 0.125 0.125
1 0.37109375 0.36328125 0.125 0.125
1 0.37109375 0.49609375 0.125 0.125
3 0.6640625 0.3671875 0.125 0.125
3 0.73046875 0.39453125 0.125 0.125
3 0.859375 0.390625 0.125 0.125
3 0.921875 0.390625 0.125 0.125
1 0.7890625 0.375 0.125 0.125
1 0.9921875 0.40234375 0.125 0.125
3 0.0078125 0.7421875 0.125 0.125
3 0.01171875 0.671875 0.125 0.125
3 0.015625 0.80859375 0.125 0.125
3 0.01953125 0.890625 0.125 0.125
1 0.01953125 0.6015625 0.125 0.125
4 0.7265625 0.5078125 0.125 0.125
3 0.50390625 0.69140625 0.125 0.125
3 0.65234375 0.51953125 0.125 0.125
3 0.796875 0.5234375 0.125 0.125
1 0.9921875 0.52734375 0.125 0.125
