3 0.30078125 0.0390625 0.125 0.125
3 0.46484375 0.03515625 0.125 0.125
3 0.48828125 0.453125 0.125 0.125
3 0.0 0.14453125 0.125 0.125
3 0.0 0.421875 0.125 0.125
3 0.0703125 0.16015625 0.125 0.125
3 0.1640625 0.4375 0.125 0.125
1 0.47265625 0.16015625 0.125 0.125
1 0.38671875 0.0390625 0.125 0.125
3 0.54296875 0.02734375 0.125 0.125
3 0.55078125 0.16015625 0.125 0.125
3 0.56640625 0.4609375 0.125 0.125
3 0.63671875 0.1484375 0.125 0.125
3 0.7109375 0.4609375 0.125 0.125
3 0.79296875 0.4609375 0.125 0.125
3 0.9609375 0.15234375 0.125 0.125
1 0.62890625 0.44921875 0.125 0.125
1 0.6328125 0.03515625 0.125 0.125
1 0.9609375 0.2265625 0.125 0.125
1 0.96484375 0.3671875 0.125 0.125
1 0.96875 0.27734375 0.125 0.125
