4 0.046875 0.09375 0.125 0.125
4 0.40625 0.23046875 0.125 0.125
4 0.40625 0.36328125 0.125 0.125
3 0.03125 0.44921875 0.125 0.125
3 0.03515625 0.01953125 0.125 0.125
3 0.04296875 0.2265625 0.125 0.125
3 0.40234375 0.0859375 0.125 0.125
3 0.40625 0.30859375 0.125 0.125
3 0.41015625 0.15625 0.125 0.125
2 0.03125 0.30078125 0.125 0.125
1 0.03125 0.37109375 0.125 0.125
1 0.046875 0.16015625 0.125 0.125
1 0.3984375 0.015625 0.125 0.125
3 0.92578125 0.19921875 0.125 0.125
4 0.02734375 0.87890625 0.125 0.125
3 0.03125 0.58984375 0.125 0.125
3 0.21484375 0.86328125 0.125 0.125
3 0.38671875 0.8046875 0.125 0.125
3 0.39453125 0.66015625 0.125 0.125
2 0.01953125 0.8046875 0.125 0.125
1 0.02734375 0.66796875 0.125 0.125
1 0.02734375 0.73828125 0.125 0.125
1 0.0390625 0.515625 0.125 0.125
1 0.3828125 0.7265625 0.125 0.125
1 0.38671875 0.59375 0.125 0.125
1 0.38671875 0.87890625 0.125 0.125
