3 0.2734375 0.421875 0.125 0.125
1 0.296875 0.265625 0.125 0.125
3 0.6328125 0.26953125 0.125 0.125
3 0.796875 0.265625 0.125 0.125
2 0.53125 0.296875 0.125 0.125
1 0.96484375 0.2734375 0.125 0.125
1 0.5625 0.38671875 0.125 0.125
1 0.73046875 0.21875 0.125 0.125
1 0.80859375 0.36328125 0.125 0.125
1 0.8828125 0.2578125 0.125 0.125
1 0.8828125 0.3984375 0.125 0.125
3 0.26953125 0.6796875 0.125 0.125
3 0.35546875 0.68359375 0.125 0.125
3 0.4296875 0.6640625 0.125 0.125
2 0.28125 0.96875 0.125 0.125
3 0.9453125 0.7109375 0.125 0.125
1 0.5234375 0.69140625 0.125 0.125
1 0.6015625 0.6953125 0.125 0.125
1 0.703125 0.69921875 0.125 0.125
