3 0.4375 0.3203125 0.125 0.125
4 0.78125 0.41796875 0.125 0.125
3 0.609375 0.3125 0.125 0.125
3 0.7734375 0.2734375 0.125 0.125
3 0.78125 0.34765625 0.125 0.125
1 0.51953125 0.3046875 0.125 0.125
1 0.7734375 0.4921875 0.125 0.125
1 0.44140625 0.99609375 0.125 0.125
1 0.109375 0.64453125 0.125 0.125
3 0.51953125 0.9921875 0.125 0.125
3 0.765625 0.79296875 0.125 0.125
3 0.76953125 0.64453125 0.125 0.125
3 0.7734375 0.87109375 0.125 0.125
3 0.78515625 0.72265625 0.125 0.125
3 0.9453125 0.98046875 0.125 0.125
1 0.765625 0.5703125 0.125 0.125
