2 0.36328125 0.28515625 0.125 0.125
2 0.44140625 0.29296875 0.125 0.125
1 0.21875 0.27734375 0.125 0.125
3 0.5 0.28125 0.125 0.125
3 0.56640625 0.27734375 0.125 0.125
3 0.7109375 0.28125 0.125 0.125
1 0.63671875 0.28125 0.125 0.125
1 0.78515625 0.2734375 0.125 0.125
4 0.30078125 0.515625 0.125 0.125
3 0.39453125 0.8125 0.125 0.125
3 0.48046875 0.9375 0.125 0.125
3 0.609375 0.93359375 0.125 0.125
3 0.8359375 0.78515625 0.125 0.125
3 0.9453125 0.89453125 0.125 0.125
1 0.61328125 0.7890625 0.125 0.125
1 0.6796875 0.921875 0.125 0.125
