3 0.26953125 0.39453125 0.125 0.125
1 0.2265625 0.10546875 0.125 0.125
1 0.23828125 0.17578125 0.125 0.125
1 0.29296875 0.484375 0.125 0.125
4 0.55078125 0.46484375 0.125 0.125
4 0.55859375 0.32421875 0.125 0.125
3 0.73828125 0.2890625 0.125 0.125
3 0.74609375 0.21875 0.125 0.125
3 0.75 0.4140625 0.125 0.125
3 0.76171875 0.015625 0.125 0.125
3 0.76171875 0.13671875 0.125 0.125
1 0.5546875 0.40625 0.125 0.125
1 0.74609375 0.48046875 0.125 0.125
1 0.75 0.34765625 0.125 0.125
1 0.75390625 0.0859375 0.125 0.125
1 0.265625 0.72265625 0.125 0.125
4 0.55078125 0.96875 0.125 0.125
4 0.734375 0.5625 0.125 0.125
4 0.73828125 0.953125 0.125 0.125
3 0.7421875 0.75 0.125 0.125
3 0.74609375 0.6875 0.125 0.125
1 0.72265625 0.82421875 0.125 0.125
1 0.73828125 0.890625 0.125 0.125
1 0.7421875 0.6171875 0.125 0.125
