3 0.08984375 0.09765625 0.125 0.125
3 0.08984375 0.16015625 0.125 0.125
3 0.09375 0.4375 0.125 0.125
3 0.1015625 0.234375 0.125 0.125
3 0.22265625 0.390625 0.125 0.125
3 0.24609375 0.328125 0.125 0.125
3 0.2578125 0.234375 0.125 0.125
3 0.26953125 0.05859375 0.125 0.125
1 0.09765625 0.3671875 0.125 0.125
1 0.1015625 0.3046875 0.125 0.125
1 0.23828125 0.4609375 0.125 0.125
1 0.25 0.15234375 0.125 0.125
3 0.9375 0.3359375 0.125 0.125
3 0.94140625 0.19140625 0.125 0.125
1 0.9453125 0.125 0.125 0.125
1 0.94921875 0.0546875 0.125 0.125
3 0.08203125 0.5859375 0.125 0.125
3 0.0859375 0.80078125 0.125 0.125
3 0.08984375 0.65625 0.125 0.125
3 0.08984375 0.72265625 0.125 0.125
3 0.10546875 0.86328125 0.125 0.125
3 0.2421875 0.72265625 0.125 0.125
2 0.2421875 0.62890625 0.125 0.125
2 0.25 0.53515625 0.125 0.125
1 0.08984375 0.9453125 0.125 0.125
1 0.1015625 0.51953125 0.125 0.125
3 0.66796875 0.98046875 0.125 0.125
