1 0.00390625 0.48828125 0.125 0.125
1 0.77734375 0.0078125 0.125 0.125
2 0.6171875 0.15234375 0.125 0.125
2 0.6171875 0.23828125 0.125 0.125
2 0.7421875 0.390625 0.125 0.125
2 0.74609375 0.23828125 0.125 0.125
3 0.75390625 0.4609375 0.125 0.125
2 0.01953125 0.8125 0.125 0.125
2 0.09375 0.8125 0.125 0.125
2 0.140625 0.96484375 0.125 0.125
2 0.171875 0.8125 0.125 0.125
2 0.22265625 0.97265625 0.125 0.125
2 0.30078125 0.51953125 0.125 0.125
3 0.00390625 0.97265625 0.125 0.125
3 0.0703125 0.5078125 0.125 0.125
3 0.078125 0.97265625 0.125 0.125
3 0.13671875 0.515625 0.125 0.125
3 0.21484375 0.50390625 0.125 0.125
2 0.578125 0.546875 0.125 0.125
