4 0.1171875 0.21484375 0.125 0.125
3 0.09765625 0.43359375 0.125 0.125
3 0.10546875 0.08203125 0.125 0.125
3 0.1171875 0.15234375 0.125 0.125
3 0.1171875 0.29296875 0.125 0.125
3 0.12109375 0.35546875 0.125 0.125
3 0.12890625 0.0234375 0.125 0.125
3 0.484375 0.0234375 0.125 0.125
3 0.49609375 0.1640625 0.125 0.125
1 0.484375 0.34765625 0.125 0.125
1 0.48828125 0.296875 0.125 0.125
1 0.4921875 0.23046875 0.125 0.125
1 0.49609375 0.43359375 0.125 0.125
3 0.61328125 0.35546875 0.125 0.125
3 0.97265625 0.453125 0.125 0.125
3 0.9765625 0.29296875 0.125 0.125
1 0.62890625 0.44921875 0.125 0.125
1 0.64453125 0.2265625 0.125 0.125
1 0.97265625 0.3671875 0.125 0.125
4 0.20703125 0.7265625 0.125 0.125
3 0.41796875 0.74609375 0.125 0.125
1 0.27734375 0.7421875 0.125 0.125
1 0.3515625 0.7421875 0.125 0.125
4 0.6328125 0.75 0.125 0.125
3 0.56640625 0.75 0.125 0.125
3 0.78125 0.7578125 0.125 0.125
3 0.9140625 0.765625 0.125 0.125
1 0.5 0.75 0.125 0.125
1 0.7109375 0.75 0.125 0.125
