3 0.13671875 0.3125 0.125 0.125
3 0.14453125 0.17578125 0.125 0.125
3 0.3046875 0.15625 0.125 0.125
3 0.3046875 0.3515625 0.125 0.125
3 0.36328125 0.32421875 0.125 0.125
3 0.3671875 0.1796875 0.125 0.125
3 0.4296875 0.31640625 0.125 0.125
1 0.06640625 0.17578125 0.125 0.125
1 0.07421875 0.3125 0.125 0.125
1 0.23046875 0.3359375 0.125 0.125
1 0.234375 0.18359375 0.125 0.125
1 0.4375 0.1796875 0.125 0.125
3 0.5078125 0.1875 0.125 0.125
3 0.5078125 0.328125 0.125 0.125
3 0.57421875 0.1953125 0.125 0.125
3 0.58203125 0.3515625 0.125 0.125
3 0.6484375 0.203125 0.125 0.125
3 0.66015625 0.35546875 0.125 0.125
3 0.7265625 0.3515625 0.125 0.125
3 0.78515625 0.1875 0.125 0.125
3 0.79296875 0.34375 0.125 0.125
3 0.9296875 0.3203125 0.125 0.125
3 0.9375 0.1953125 0.125 0.125
2 0.859375 0.3359375 0.125 0.125
1 0.859375 0.1796875 0.125 0.125
3 0.2109375 0.61328125 0.125 0.125
3 0.29296875 0.609375 0.125 0.125
3 0.36328125 0.80078125 0.125 0.125
3 0.37109375 0.6171875 0.125 0.125
1 0.05859375 0.59765625 0.125 0.125
1 0.14453125 0.61328125 0.125 0.125
1 0.36328125 0.859375 0.125 0.125
1 0.3671875 0.93359375 0.125 0.125
1 0.37109375 0.734375 0.125 0.125
3 0.609375 0.859375 0.125 0.125
3 0.61328125 0.7109375 0.125 0.125
3 0.6796875 0.70703125 0.125 0.125
3 0.68359375 0.8671875 0.125 0.125
3 0.75390625 0.70703125 0.125 0.125
3 0.82421875 0.84375 0.125 0.125
3 0.890625 0.859375 0.125 0.125
1 0.7578125 0.84765625 0.125 0.125
1 0.828125 0.7109375 0.125 0.125
1 0.91015625 0.71875 0.125 0.125
1 0.96484375 0.8515625 0.125 0.125
