3 0.43359375 0.421875 0.125 0.125
1 0.1640625 0.4140625 0.125 0.125
3 0.50390625 0.09765625 0.125 0.125
3 0.640625 0.42578125 0.125 0.125
3 0.71875 0.41015625 0.125 0.125
2 0.94921875 0.328125 0.125 0.125
1 0.50390625 0.4140625 0.125 0.125
1 0.5703125 0.421875 0.125 0.125
1 0.578125 0.09375 0.125 0.125
1 0.4296875 0.5546875 0.125 0.125
1 0.50390625 0.55859375 0.125 0.125
1 0.56640625 0.5546875 0.125 0.125
1 0.640625 0.5546875 0.125 0.125
1 0.72265625 0.5390625 0.125 0.125
1 0.9453125 0.55859375 0.125 0.125
