4 0.02734375 0.26953125 0.125 0.125
3 0.0234375 0.13671875 0.125 0.125
3 0.02734375 0.0625 0.125 0.125
3 0.03515625 0.33984375 0.125 0.125
1 0.015625 0.203125 0.125 0.125
3 0.109375 0.921875 0.125 0.125
3 0.37890625 0.94140625 0.125 0.125
3 0.44921875 0.9296875 0.125 0.125
2 0.1796875 0.92578125 0.125 0.125
2 0.3125 0.9375 0.125 0.125
1 0.04296875 0.94140625 0.125 0.125
1 0.23828125 0.9375 0.125 0.125
1 0.62109375 0.6796875 0.125 0.125
1 0.74609375 0.90234375 0.125 0.125
1 0.80078125 0.85546875 0.125 0.125
