4 0.27734375 0.046875 0.125 0.125
3 0.03125 0.453125 0.125 0.125
3 0.06640625 0.33203125 0.125 0.125
3 0.0859375 0.44921875 0.125 0.125
3 0.12890625 0.4453125 0.125 0.125
3 0.1328125 0.1953125 0.125 0.125
3 0.13671875 0.32421875 0.125 0.125
3 0.18359375 0.1796875 0.125 0.125
3 0.19140625 0.4453125 0.125 0.125
3 0.1953125 0.3203125 0.125 0.125
3 0.23828125 0.1796875 0.125 0.125
3 0.23828125 0.4453125 0.125 0.125
3 0.2578125 0.31640625 0.125 0.125
3 0.30078125 0.17578125 0.125 0.125
3 0.3046875 0.4296875 0.125 0.125
3 0.31640625 0.3046875 0.125 0.125
3 0.35546875 0.15625 0.125 0.125
3 0.36328125 0.4453125 0.125 0.125
3 0.375 0.015625 0.125 0.125
3 0.375 0.30859375 0.125 0.125
3 0.421875 0.15625 0.125 0.125
3 0.42578125 0.4453125 0.125 0.125
3 0.4296875 0.01171875 0.125 0.125
2 0.89453125 0.32421875 0.125 0.125
1 0.83984375 0.08984375 0.125 0.125
1 0.8828125 0.05859375 0.125 0.125
1 0.890625 0.49609375 0.125 0.125
1 0.94140625 0.02734375 0.125 0.125
1 0.94921875 0.296875 0.125 0.125
1 0.94921875 0.44921875 0.125 0.125
1 0.96875 0.1640625 0.125 0.125
1 0.99609375 0.01171875 0.125 0.125
3 0.0234375 0.69140625 0.125 0.125
3 0.0234375 0.82421875 0.125 0.125
3 0.0546875 0.9453125 0.125 0.125
3 0.078125 0.69140625 0.125 0.125
3 0.08203125 0.8203125 0.125 0.125
3 0.10546875 0.9453125 0.125 0.125
3 0.125 0.81640625 0.125 0.125
3 0.1640625 0.9375 0.125 0.125
3 0.18359375 0.68359375 0.125 0.125
3 0.18359375 0.8046875 0.125 0.125
3 0.19921875 0.56640625 0.125 0.125
3 0.21875 0.92578125 0.125 0.125
3 0.2421875 0.79296875 0.125 0.125
3 0.25 0.67578125 0.125 0.125
3 0.27734375 0.9296875 0.125 0.125
3 0.30078125 0.8046875 0.125 0.125
3 0.3046875 0.671875 0.125 0.125
3 0.421875 0.66796875 0.125 0.125
1 0.03515625 0.56640625 0.125 0.125
1 0.08203125 0.57421875 0.125 0.125
1 0.140625 0.6875 0.125 0.125
1 0.14453125 0.5703125 0.125 0.125
1 0.36328125 0.671875 0.125 0.125
3 0.8125 0.65234375 0.125 0.125
3 0.875 0.63671875 0.125 0.125
3 0.93359375 0.61328125 0.125 0.125
3 0.984375 0.5859375 0.125 0.125
2 0.80859375 0.80078125 0.125 0.125
1 0.75390625 0.8203125 0.125 0.125
1 0.77734375 0.51953125 0.125 0.125
1 0.82421875 0.51171875 0.125 0.125
1 0.87109375 0.78125 0.125 0.125
1 0.92578125 0.75390625 0.125 0.125
1 0.98046875 0.73046875 0.125 0.125
