3 0.01953125 0.484375 0.125 0.125
3 0.0234375 0.0703125 0.125 0.125
1 0.0234375 0.21484375 0.125 0.125
3 0.28125 0.80078125 0.125 0.125
2 0.27734375 0.65625 0.125 0.125
1 0.1796875 0.80078125 0.125 0.125
1 0.39453125 0.51171875 0.125 0.125
1 0.4921875 0.78125 0.125 0.125
4 0.5234375 0.515625 0.125 0.125
3 0.68359375 0.80078125 0.125 0.125
3 0.765625 0.81640625 0.125 0.125
3 0.98046875 0.8046875 0.125 0.125
2 0.61328125 0.515625 0.125 0.125
2 0.72265625 0.5234375 0.125 0.125
2 0.90625 0.51171875 0.125 0.125
1 0.578125 0.80078125 0.125 0.125
1 0.8671875 0.80859375 0.125 0.125
