4 0.0546875 0.2421875 0.125 0.125
3 0.05078125 0.3984375 0.125 0.125
3 0.109375 0.37890625 0.125 0.125
3 0.4921875 0.2734375 0.125 0.125
1 0.4453125 0.15625 0.125 0.125
4 0.6796875 0.390625 0.125 0.125
4 0.51171875 0.12890625 0.125 0.125
4 0.55078125 0.234375 0.125 0.125
3 0.54296875 0.44921875 0.125 0.125
3 0.5625 0.09765625 0.125 0.125
3 0.61328125 0.20703125 0.125 0.125
3 0.6171875 0.42578125 0.125 0.125
3 0.62890625 0.0703125 0.125 0.125
3 0.67578125 0.1875 0.125 0.125
3 0.703125 0.04296875 0.125 0.125
3 0.7421875 0.15625 0.125 0.125
3 0.74609375 0.3671875 0.125 0.125
3 0.76171875 0.0078125 0.125 0.125
3 0.79296875 0.12890625 0.125 0.125
3 0.796875 0.34765625 0.125 0.125
3 0.81640625 0.484375 0.125 0.125
3 0.85546875 0.1015625 0.125 0.125
3 0.9140625 0.078125 0.125 0.125
3 0.92578125 0.2890625 0.125 0.125
3 0.9453125 0.4375 0.125 0.125
3 0.97265625 0.046875 0.125 0.125
3 0.9921875 0.25390625 0.125 0.125
1 0.8671875 0.3125 0.125 0.125
1 0.87109375 0.46484375 0.125 0.125
4 0.0 0.80859375 0.125 0.125
4 0.13671875 0.74609375 0.125 0.125
4 0.16015625 0.96484375 0.125 0.125
4 0.1953125 0.73046875 0.125 0.125
3 0.0 0.64453125 0.125 0.125
3 0.0625 0.62109375 0.125 0.125
3 0.06640625 0.7734375 0.125 0.125
3 0.12890625 0.58984375 0.125 0.125
3 0.26171875 0.6953125 0.125 0.125
3 0.29296875 0.921875 0.125 0.125
3 0.359375 0.89453125 0.125 0.125
1 0.234375 0.9375 0.125 0.125
4 0.63671875 0.5703125 0.125 0.125
4 0.6953125 0.7578125 0.125 0.125
3 0.56640625 0.59765625 0.125 0.125
3 0.6953125 0.53515625 0.125 0.125
3 0.7265625 0.8828125 0.125 0.125
3 0.75390625 0.51953125 0.125 0.125
3 0.76171875 0.7265625 0.125 0.125
3 0.78515625 0.859375 0.125 0.125
3 0.8203125 0.69140625 0.125 0.125
3 0.8515625 0.8359375 0.125 0.125
3 0.87890625 0.66796875 0.125 0.125
3 0.9140625 0.80859375 0.125 0.125
3 0.94140625 0.63671875 0.125 0.125
3 0.984375 0.78125 0.125 0.125
