4 0.24609375 0.3671875 0.125 0.125
4 0.39453125 0.1484375 0.125 0.125
3 0.453125 0.36328125 0.125 0.125
3 0.03125 0.140625 0.125 0.125
3 0.09765625 0.13671875 0.125 0.125
3 0.1640625 0.3515625 0.125 0.125
3 0.31640625 0.13671875 0.125 0.125
3 0.3203125 0.359375 0.125 0.125
2 0.10546875 0.359375 0.125 0.125
2 0.16796875 0.14453125 0.125 0.125
1 0.0234375 0.359375 0.125 0.125
3 0.6015625 0.38671875 0.125 0.125
3 0.66796875 0.140625 0.125 0.125
3 0.7421875 0.3671875 0.125 0.125
3 0.8125 0.36328125 0.125 0.125
2 0.53515625 0.1640625 0.125 0.125
2 0.6796875 0.37890625 0.125 0.125
1 0.53125 0.35546875 0.125 0.125
1 0.890625 0.375 0.125 0.125
1 0.9609375 0.3671875 0.125 0.125
3 0.4453125 0.93359375 0.125 0.125
3 0.08984375 0.93359375 0.125 0.125
3 0.09765625 0.70703125 0.125 0.125
3 0.234375 0.93359375 0.125 0.125
3 0.23828125 0.703125 0.125 0.125
3 0.30078125 0.93359375 0.125 0.125
3 0.30859375 0.71484375 0.125 0.125
3 0.390625 0.72265625 0.125 0.125
2 0.171875 0.71875 0.125 0.125
1 0.0234375 0.70703125 0.125 0.125
1 0.02734375 0.93359375 0.125 0.125
1 0.15625 0.9296875 0.125 0.125
1 0.37109375 0.93359375 0.125 0.125
1 0.453125 0.7109375 0.125 0.125
3 0.51953125 0.9375 0.125 0.125
3 0.5234375 0.7265625 0.125 0.125
3 0.5859375 0.93359375 0.125 0.125
3 0.66796875 0.9375 0.125 0.125
3 0.73828125 0.9375 0.125 0.125
3 0.875 0.9375 0.125 0.125
3 0.9453125 0.9453125 0.125 0.125
3 0.94921875 0.734375 0.125 0.125
1 0.58984375 0.71875 0.125 0.125
1 0.67578125 0.73046875 0.125 0.125
1 0.73046875 0.71484375 0.125 0.125
1 0.796875 0.9453125 0.125 0.125
1 0.80859375 0.71875 0.125 0.125
