3 0.3671875 0.3046875 0.125 0.125
2 0.2421875 0.2578125 0.125 0.125
3 0.7734375 0.4375 0.125 0.125
2 0.640625 0.27734375 0.125 0.125
1 0.77734375 0.2890625 0.125 0.125
1 0.921875 0.43359375 0.125 0.125
3 0.42578125 0.7109375 0.125 0.125
1 0.2890625 0.83984375 0.125 0.125
3 0.84765625 0.72265625 0.125 0.125
3 0.93359375 0.72265625 0.125 0.125
2 0.68359375 0.703125 0.125 0.125
2 0.77734375 0.7109375 0.125 0.125
1 0.5078125 0.84765625 0.125 0.125
1 0.52734375 0.6875 0.125 0.125
1 0.57421875 0.8359375 0.125 0.125
