4 0.6796875 0.24609375 0.125 0.125
4 0.671875 0.12890625 0.125 0.125
3 0.6875 0.19140625 0.125 0.125
3 0.53515625 0.0859375 0.125 0.125
3 0.54296875 0.0078125 0.125 0.125
2 0.83203125 0.48828125 0.125 0.125
1 0.546875 0.22265625 0.125 0.125
1 0.55078125 0.47265625 0.125 0.125
1 0.6640625 0.38671875 0.125 0.125
1 0.75 0.41015625 0.125 0.125
1 0.77734375 0.359375 0.125 0.125
1 0.80078125 0.16015625 0.125 0.125
1 0.8359375 0.078125 0.125 0.125
1 0.859375 0.26953125 0.125 0.125
1 0.92578125 0.03125 0.125 0.125
1 0.9609375 0.3671875 0.125 0.125
1 0.96875 0.23828125 0.125 0.125
1 0.96875 0.43359375 0.125 0.125
1 0.98046875 0.30859375 0.125 0.125
4 0.55859375 0.765625 0.125 0.125
3 0.77734375 0.96484375 0.125 0.125
3 0.83984375 0.56640625 0.125 0.125
3 0.84375 0.71484375 0.125 0.125
3 0.9609375 0.51171875 0.125 0.125
3 0.97265625 0.5703125 0.125 0.125
3 0.5703125 0.8359375 0.125 0.125
2 0.5625 0.90625 0.125 0.125
2 0.5703125 0.70703125 0.125 0.125
2 0.6640625 0.86328125 0.125 0.125
1 0.54296875 0.53125 0.125 0.125
1 0.55078125 0.6484375 0.125 0.125
1 0.5625 0.59765625 0.125 0.125
1 0.56640625 0.96875 0.125 0.125
1 0.859375 0.76953125 0.125 0.125
1 0.97265625 0.70703125 0.125 0.125
1 0.97265625 0.78125 0.125 0.125
1 0.97265625 0.94140625 0.125 0.125
1 0.98046875 0.65625 0.125 0.125
