3 0.26953125 0.1640625 0.125 0.125
3 0.26953125 0.33203125 0.125 0.125
3 0.27734375 0.07421875 0.125 0.125
3 0.27734375 0.24609375 0.125 0.125
3 0.27734375 0.41796875 0.125 0.125
3 0.28125 0.484375 0.125 0.125
3 0.3046875 0.0078125 0.125 0.125
3 0.69921875 0.484375 0.125 0.125
3 0.265625 0.8671875 0.125 0.125
3 0.265625 0.94921875 0.125 0.125
3 0.2734375 0.58203125 0.125 0.125
4 0.265625 0.65234375 0.125 0.125
1 0.28515625 0.79296875 0.125 0.125
2 0.6875 0.87109375 0.125 0.125
1 0.69140625 0.609375 0.125 0.125
1 0.69140625 0.6953125 0.125 0.125
