4 0.15234375 0.1953125 0.125 0.125
4 0.2734375 0.265625 0.125 0.125
4 0.27734375 0.13671875 0.125 0.125
3 0.1484375 0.46484375 0.125 0.125
3 0.15234375 0.00390625 0.125 0.125
3 0.28125 0.2109375 0.125 0.125
3 0.28515625 0.4609375 0.125 0.125
3 0.29296875 0.0078125 0.125 0.125
3 0.140625 0.2734375 0.125 0.125
2 0.296875 0.3359375 0.125 0.125
1 0.140625 0.33984375 0.125 0.125
1 0.1484375 0.1484375 0.125 0.125
1 0.28125 0.0703125 0.125 0.125
1 0.296875 0.40234375 0.125 0.125
3 0.61328125 0.0234375 0.125 0.125
1 0.609375 0.16796875 0.125 0.125
1 0.61328125 0.28515625 0.125 0.125
1 0.625 0.09375 0.125 0.125
1 0.625 0.41015625 0.125 0.125
4 0.12890625 0.99609375 0.125 0.125
3 0.28125 0.859375 0.125 0.125
2 0.15234375 0.59765625 0.125 0.125
2 0.29296875 0.98828125 0.125 0.125
2 0.3046875 0.53125 0.125 0.125
1 0.125 0.86328125 0.125 0.125
1 0.14453125 0.52734375 0.125 0.125
1 0.14453125 0.671875 0.125 0.125
1 0.14453125 0.7265625 0.125 0.125
1 0.2734375 0.7265625 0.125 0.125
1 0.29296875 0.6015625 0.125 0.125
1 0.29296875 0.66796875 0.125 0.125
1 0.625 0.5546875 0.125 0.125
