3 0.23046875 0.41015625 0.125 0.125
3 0.30859375 0.3984375 0.125 0.125
1 0.25 0.26171875 0.125 0.125
1 0.3984375 0.40234375 0.125 0.125
1 0.42578125 0.26171875 0.125 0.125
3 0.5 0.26953125 0.125 0.125
3 0.56640625 0.40625 0.125 0.125
3 0.65234375 0.39453125 0.125 0.125
3 0.69140625 0.25390625 0.125 0.125
3 0.84765625 0.27734375 0.125 0.125
3 0.90625 0.40234375 0.125 0.125
2 0.59375 0.2734375 0.125 0.125
2 0.76171875 0.27734375 0.125 0.125
1 0.984375 0.38671875 0.125 0.125
1 0.82421875 0.41015625 0.125 0.125
4 0.26953125 0.76953125 0.125 0.125
1 0.265625 0.671875 0.125 0.125
1 0.34765625 0.78125 0.125 0.125
1 0.4375 0.76953125 0.125 0.125
4 0.5546875 0.765625 0.125 0.125
4 0.703125 0.66796875 0.125 0.125
4 0.72265625 0.77734375 0.125 0.125
4 0.86328125 0.80078125 0.125 0.125
3 0.61328125 0.7890625 0.125 0.125
3 0.62890625 0.6640625 0.125 0.125
3 0.8046875 0.6640625 0.125 0.125
3 0.88671875 0.66015625 0.125 0.125
3 0.97265625 0.6640625 0.125 0.125
2 0.96484375 0.78515625 0.125 0.125
1 0.7890625 0.78125 0.125 0.125
