4 0.109375 0.0234375 0.125 0.125
3 0.0546875 0.03125 0.125 0.125
3 0.09765625 0.34765625 0.125 0.125
3 0.484375 0.0390625 0.125 0.125
2 0.2421875 0.37109375 0.125 0.125
2 0.46875 0.37109375 0.125 0.125
1 0.16796875 0.34375 0.125 0.125
1 0.19140625 0.015625 0.125 0.125
1 0.26171875 0.03125 0.125 0.125
1 0.31640625 0.3671875 0.125 0.125
1 0.328125 0.05078125 0.125 0.125
1 0.38671875 0.35546875 0.125 0.125
1 0.41796875 0.0234375 0.125 0.125
3 0.63671875 0.0390625 0.125 0.125
3 0.703125 0.03125 0.125 0.125
3 0.73828125 0.3671875 0.125 0.125
1 0.5625 0.02734375 0.125 0.125
1 0.671875 0.375 0.125 0.125
1 0.7734375 0.03125 0.125 0.125
1 0.81640625 0.36328125 0.125 0.125
1 0.890625 0.359375 0.125 0.125
1 0.92578125 0.08203125 0.125 0.125
3 0.984375 0.60546875 0.125 0.125
1 0.94140625 0.9921875 0.125 0.125
1 0.96484375 0.74609375 0.125 0.125
1 0.96484375 0.8203125 0.125 0.125
1 0.97265625 0.6796875 0.125 0.125
