1 0.4453125 0.33984375 0.125 0.125
4 0.58203125 0.35546875 0.125 0.125
3 0.78125 0.35546875 0.125 0.125
3 0.78515625 0.2109375 0.125 0.125
3 0.91796875 0.22265625 0.125 0.125
3 0.5078125 0.3359375 0.125 0.125
3 0.51171875 0.1953125 0.125 0.125
3 0.5703125 0.203125 0.125 0.125
3 0.64453125 0.22265625 0.125 0.125
3 0.70703125 0.34765625 0.125 0.125
2 0.9921875 0.234375 0.125 0.125
1 0.65234375 0.3515625 0.125 0.125
1 0.84765625 0.34765625 0.125 0.125
1 0.8515625 0.2109375 0.125 0.125
1 0.91796875 0.375 0.125 0.125
1 0.98828125 0.3671875 0.125 0.125
2 0.42578125 0.82421875 0.125 0.125
3 0.78125 0.6953125 0.125 0.125
3 0.84765625 0.84765625 0.125 0.125
3 0.92578125 0.69140625 0.125 0.125
3 0.92578125 0.83203125 0.125 0.125
3 0.5625 0.8203125 0.125 0.125
3 0.5703125 0.69140625 0.125 0.125
3 0.63671875 0.8203125 0.125 0.125
3 0.64453125 0.68359375 0.125 0.125
3 0.70703125 0.6875 0.125 0.125
3 0.71875 0.8203125 0.125 0.125
2 0.78125 0.82421875 0.125 0.125
1 0.84375 0.7109375 0.125 0.125
1 0.98828125 0.69140625 0.125 0.125
1 0.99609375 0.84765625 0.125 0.125
1 0.50390625 0.828125 0.125 0.125
