3 0.0078125 0.36328125 0.125 0.125
3 0.24609375 0.48046875 0.125 0.125
1 0.2578125 0.29296875 0.125 0.125
1 0.41796875 0.421875 0.125 0.125
3 0.5078125 0.2109375 0.125 0.125
2 0.73828125 0.234375 0.125 0.125
1 0.8671875 0.22265625 0.125 0.125
1 0.8828125 0.4609375 0.125 0.125
1 0.65234375 0.2265625 0.125 0.125
4 0.25 0.859375 0.125 0.125
1 0.0 0.52734375 0.125 0.125
1 0.23828125 0.5390625 0.125 0.125
1 0.25390625 0.60546875 0.125 0.125
1 0.2578125 0.7421875 0.125 0.125
1 0.3984375 0.5 0.125 0.125
1 0.4140625 0.78515625 0.125 0.125
1 0.72265625 0.71484375 0.125 0.125
