1 0.19921875 0.1015625 0.125 0.125
3 0.6171875 0.03125 0.125 0.125
3 0.69140625 0.375 0.125 0.125
3 0.9140625 0.17578125 0.125 0.125
3 0.53515625 0.49609375 0.125 0.125
2 0.5625 0.26171875 0.125 0.125
2 0.578125 0.15625 0.125 0.125
2 0.7109375 0.16796875 0.125 0.125
1 0.546875 0.375 0.125 0.125
1 0.6171875 0.43359375 0.125 0.125
1 0.76953125 0.43359375 0.125 0.125
1 0.89453125 0.03515625 0.125 0.125
1 0.98828125 0.140625 0.125 0.125
4 0.55859375 0.61328125 0.125 0.125
3 0.78125 0.9296875 0.125 0.125
3 0.80859375 0.7890625 0.125 0.125
3 0.86328125 0.9140625 0.125 0.125
3 0.53125 0.671875 0.125 0.125
3 0.55078125 0.81640625 0.125 0.125
3 0.56640625 0.73046875 0.125 0.125
2 0.5859375 0.94921875 0.125 0.125
2 0.80859375 0.5234375 0.125 0.125
1 0.55859375 0.5625 0.125 0.125
1 0.6875 0.9296875 0.125 0.125
1 0.69140625 0.68359375 0.125 0.125
1 0.6953125 0.83984375 0.125 0.125
1 0.8671875 0.765625 0.125 0.125
