2 0.0078125 0.375 0.125 0.125
1 0.078125 0.11328125 0.125 0.125
1 0.09375 0.31640625 0.125 0.125
1 0.14453125 0.0859375 0.125 0.125
1 0.1484375 0.453125 0.125 0.125
1 0.15234375 0.29296875 0.125 0.125
1 0.20703125 0.4296875 0.125 0.125
1 0.2109375 0.06640625 0.125 0.125
1 0.21484375 0.265625 0.125 0.125
1 0.265625 0.02734375 0.125 0.125
1 0.27734375 0.234375 0.125 0.125
1 0.27734375 0.40625 0.125 0.125
1 0.33203125 0.375 0.125 0.125
1 0.33984375 0.20703125 0.125 0.125
1 0.39453125 0.3515625 0.125 0.125
1 0.3984375 0.1796875 0.125 0.125
1 0.45703125 0.31640625 0.125 0.125
1 0.4609375 0.15234375 0.125 0.125
3 0.90234375 0.046875 0.125 0.125
3 0.96875 0.02734375 0.125 0.125
3 0.9921875 0.16796875 0.125 0.125
1 0.5234375 0.3046875 0.125 0.125
1 0.52734375 0.12109375 0.125 0.125
1 0.57421875 0.265625 0.125 0.125
1 0.59375 0.1015625 0.125 0.125
1 0.62109375 0.46875 0.125 0.125
1 0.62890625 0.2265625 0.125 0.125
1 0.65234375 0.06640625 0.125 0.125
1 0.6875 0.44140625 0.125 0.125
1 0.69921875 0.20703125 0.125 0.125
1 0.75 0.41015625 0.125 0.125
1 0.81640625 0.3828125 0.125 0.125
2 0.00390625 0.796875 0.125 0.125
2 0.10546875 0.90625 0.125 0.125
2 0.15625 0.7421875 0.125 0.125
2 0.16015625 0.8828125 0.125 0.125
2 0.2109375 0.86328125 0.125 0.125
1 0.01953125 0.640625 0.125 0.125
1 0.046875 0.76953125 0.125 0.125
1 0.046875 0.91015625 0.125 0.125
1 0.0546875 0.50390625 0.125 0.125
1 0.078125 0.62890625 0.125 0.125
1 0.1015625 0.7578125 0.125 0.125
1 0.2265625 0.62890625 0.125 0.125
1 0.25 0.98828125 0.125 0.125
1 0.28515625 0.765625 0.125 0.125
1 0.2890625 0.6015625 0.125 0.125
1 0.33984375 0.73046875 0.125 0.125
1 0.34375 0.94140625 0.125 0.125
1 0.35546875 0.57421875 0.125 0.125
1 0.4140625 0.7109375 0.125 0.125
1 0.4140625 0.91796875 0.125 0.125
1 0.421875 0.5625 0.125 0.125
1 0.4765625 0.890625 0.125 0.125
1 0.48046875 0.67578125 0.125 0.125
1 0.48828125 0.5390625 0.125 0.125
1 0.0078125 0.92578125 0.125 0.125
1 0.546875 0.875 0.125 0.125
1 0.55078125 0.65625 0.125 0.125
1 0.5546875 0.50390625 0.125 0.125
1 0.58984375 0.99609375 0.125 0.125
1 0.609375 0.83984375 0.125 0.125
1 0.61328125 0.6171875 0.125 0.125
1 0.65234375 0.9765625 0.125 0.125
1 0.67578125 0.8125 0.125 0.125
1 0.6796875 0.59765625 0.125 0.125
1 0.71875 0.9375 0.125 0.125
1 0.73828125 0.78125 0.125 0.125
1 0.74609375 0.56640625 0.125 0.125
1 0.77734375 0.91796875 0.125 0.125
1 0.80859375 0.52734375 0.125 0.125
1 0.80859375 0.75 0.125 0.125
1 0.8515625 0.87890625 0.125 0.125
1 0.87109375 0.50390625 0.125 0.125
1 0.87109375 0.71875 0.125 0.125
1 0.91015625 0.84765625 0.125 0.125
1 0.9453125 0.6875 0.125 0.125
1 0.98828125 0.828125 0.125 0.125
