3 0.265625 0.00390625 0.125 0.125
3 0.1015625 0.47265625 0.125 0.125
3 0.109375 0.015625 0.125 0.125
3 0.1640625 0.48046875 0.125 0.125
3 0.18359375 0.0078125 0.125 0.125
1 0.0390625 0.0078125 0.125 0.125
3 0.67578125 0.28125 0.125 0.125
2 0.5078125 0.203125 0.125 0.125
2 0.53125 0.27734375 0.125 0.125
2 0.67578125 0.41015625 0.125 0.125
1 0.53125 0.48046875 0.125 0.125
1 0.54296875 0.39453125 0.125 0.125
4 0.08984375 0.94921875 0.125 0.125
3 0.01953125 0.94921875 0.125 0.125
3 0.0234375 0.8046875 0.125 0.125
3 0.1015625 0.80078125 0.125 0.125
3 0.16796875 0.93359375 0.125 0.125
2 0.23046875 0.796875 0.125 0.125
1 0.1640625 0.796875 0.125 0.125
3 0.52734375 0.609375 0.125 0.125
3 0.52734375 0.81640625 0.125 0.125
3 0.52734375 0.88671875 0.125 0.125
3 0.52734375 0.953125 0.125 0.125
3 0.53125 0.5390625 0.125 0.125
2 0.66796875 0.9453125 0.125 0.125
1 0.51953125 0.6796875 0.125 0.125
1 0.52734375 0.75390625 0.125 0.125
1 0.66796875 0.67578125 0.125 0.125
1 0.6796875 0.8125 0.125 0.125
