3 0.4609375 0.3203125 0.125 0.125
3 0.46484375 0.2578125 0.125 0.125
3 0.47265625 0.40234375 0.125 0.125
3 0.484375 0.1875 0.125 0.125
1 0.46875 0.47265625 0.125 0.125
1 0.4765625 0.1171875 0.125 0.125
1 0.484375 0.05078125 0.125 0.125
3 0.82421875 0.3359375 0.125 0.125
3 0.83203125 0.40625 0.125 0.125
3 0.83984375 0.12109375 0.125 0.125
3 0.84375 0.19921875 0.125 0.125
3 0.9921875 0.2109375 0.125 0.125
3 0.99609375 0.421875 0.125 0.125
1 0.828125 0.4765625 0.125 0.125
1 0.8359375 0.0625 0.125 0.125
1 0.83984375 0.26953125 0.125 0.125
1 0.99609375 0.1328125 0.125 0.125
3 0.47265625 0.609375 0.125 0.125
1 0.45703125 0.765625 0.125 0.125
1 0.46875 0.53515625 0.125 0.125
1 0.46875 0.6875 0.125 0.125
1 0.46875 0.91796875 0.125 0.125
4 0.8203125 0.6328125 0.125 0.125
3 0.80078125 0.92578125 0.125 0.125
3 0.8203125 0.546875 0.125 0.125
3 0.96875 0.8828125 0.125 0.125
3 0.99609375 0.56640625 0.125 0.125
1 0.98828125 0.96875 0.125 0.125
