2 0.92578125 0.2578125 0.125 0.125
2 0.9921875 0.21875 0.125 0.125
1 0.6328125 0.484375 0.125 0.125
1 0.69921875 0.453125 0.125 0.125
1 0.7578125 0.41015625 0.125 0.125
1 0.81640625 0.359375 0.125 0.125
1 0.875 0.30859375 0.125 0.125
4 0.296875 0.7734375 0.125 0.125
4 0.34765625 0.73828125 0.125 0.125
1 0.32421875 0.97265625 0.125 0.125
1 0.37890625 0.9296875 0.125 0.125
1 0.4453125 0.89453125 0.125 0.125
2 0.87890625 0.83984375 0.125 0.125
2 0.8828125 0.5859375 0.125 0.125
2 0.921875 0.78125 0.125 0.125
2 0.9453125 0.53515625 0.125 0.125
2 0.96875 0.96484375 0.125 0.125
2 0.703125 0.69921875 0.125 0.125
2 0.7578125 0.65234375 0.125 0.125
2 0.80078125 0.87109375 0.125 0.125
2 0.81640625 0.61328125 0.125 0.125
1 0.59765625 0.5546875 0.125 0.125
1 0.99609375 0.75 0.125 0.125
