4 0.05078125 0.49609375 0.125 0.125
3 0.03125 0.3671875 0.125 0.125
3 0.04296875 0.15234375 0.125 0.125
3 0.09765625 0.12109375 0.125 0.125
3 0.09765625 0.33984375 0.125 0.125
3 0.125 0.4609375 0.125 0.125
3 0.15625 0.09765625 0.125 0.125
3 0.19921875 0.4375 0.125 0.125
3 0.2109375 0.05859375 0.125 0.125
3 0.21484375 0.27734375 0.125 0.125
3 0.26171875 0.3984375 0.125 0.125
3 0.2734375 0.03515625 0.125 0.125
3 0.328125 0.375 0.125 0.125
3 0.3359375 0.00390625 0.125 0.125
3 0.3828125 0.34375 0.125 0.125
3 0.3984375 0.1953125 0.125 0.125
3 0.453125 0.16015625 0.125 0.125
3 0.453125 0.3125 0.125 0.125
1 0.15625 0.3046875 0.125 0.125
1 0.26953125 0.25390625 0.125 0.125
1 0.328125 0.2265625 0.125 0.125
4 0.66796875 0.4453125 0.125 0.125
3 0.51171875 0.28125 0.125 0.125
3 0.5234375 0.140625 0.125 0.125
3 0.5703125 0.265625 0.125 0.125
3 0.6015625 0.484375 0.125 0.125
3 0.01953125 0.8828125 0.125 0.125
3 0.078125 0.71875 0.125 0.125
3 0.08203125 0.859375 0.125 0.125
3 0.15234375 0.6875 0.125 0.125
3 0.15234375 0.8359375 0.125 0.125
3 0.21484375 0.80078125 0.125 0.125
3 0.22265625 0.65625 0.125 0.125
3 0.27734375 0.765625 0.125 0.125
3 0.28125 0.62890625 0.125 0.125
3 0.30078125 0.98046875 0.125 0.125
3 0.33984375 0.7421875 0.125 0.125
3 0.3515625 0.6015625 0.125 0.125
3 0.36328125 0.95703125 0.125 0.125
3 0.40625 0.7109375 0.125 0.125
3 0.41015625 0.56640625 0.125 0.125
3 0.421875 0.91796875 0.125 0.125
3 0.46484375 0.6875 0.125 0.125
3 0.4765625 0.5390625 0.125 0.125
3 0.484375 0.890625 0.125 0.125
4 0.74609375 0.9453125 0.125 0.125
4 0.8125 0.92578125 0.125 0.125
3 0.53125 0.66015625 0.125 0.125
3 0.5390625 0.51171875 0.125 0.125
3 0.59765625 0.63671875 0.125 0.125
3 0.6015625 0.83203125 0.125 0.125
3 0.6328125 0.98828125 0.125 0.125
3 0.65625 0.6015625 0.125 0.125
3 0.69140625 0.97265625 0.125 0.125
2 0.73828125 0.765625 0.125 0.125
2 0.80078125 0.7421875 0.125 0.125
1 0.54296875 0.8671875 0.125 0.125
1 0.68359375 0.81640625 0.125 0.125
1 0.71875 0.58203125 0.125 0.125
1 0.87109375 0.89453125 0.125 0.125
