4 0.43359375 0.12890625 0.125 0.125
4 0.484375 0.3359375 0.125 0.125
3 0.02734375 0.23828125 0.125 0.125
3 0.0625 0.3828125 0.125 0.125
3 0.07421875 0.19921875 0.125 0.125
3 0.140625 0.16015625 0.125 0.125
3 0.1640625 0.3125 0.125 0.125
3 0.19921875 0.125 0.125 0.125
3 0.21875 0.26953125 0.125 0.125
3 0.26953125 0.46875 0.125 0.125
3 0.2734375 0.23828125 0.125 0.125
3 0.32421875 0.4375 0.125 0.125
3 0.33203125 0.203125 0.125 0.125
3 0.359375 0.015625 0.125 0.125
3 0.37890625 0.1640625 0.125 0.125
3 0.37890625 0.40234375 0.125 0.125
3 0.4296875 0.37109375 0.125 0.125
3 0.4921875 0.08984375 0.125 0.125
1 0.03125 0.0 0.125 0.125
1 0.109375 0.34765625 0.125 0.125
1 0.25 0.07421875 0.125 0.125
1 0.30078125 0.04296875 0.125 0.125
3 0.54296875 0.29296875 0.125 0.125
3 0.6015625 0.26171875 0.125 0.125
1 0.66796875 0.48828125 0.125 0.125
1 0.72265625 0.45703125 0.125 0.125
4 0.3828125 0.96875 0.125 0.125
4 0.44921875 0.94140625 0.125 0.125
3 0.046875 0.61328125 0.125 0.125
3 0.08203125 0.76171875 0.125 0.125
3 0.09765625 0.5859375 0.125 0.125
3 0.15625 0.5546875 0.125 0.125
3 0.16796875 0.94140625 0.125 0.125
3 0.20703125 0.69921875 0.125 0.125
3 0.2109375 0.515625 0.125 0.125
3 0.2265625 0.921875 0.125 0.125
3 0.26953125 0.66796875 0.125 0.125
1 0.2890625 0.890625 0.125 0.125
1 0.32421875 0.65234375 0.125 0.125
1 0.3515625 0.859375 0.125 0.125
1 0.3828125 0.63671875 0.125 0.125
1 0.41796875 0.8359375 0.125 0.125
1 0.43359375 0.5859375 0.125 0.125
1 0.47265625 0.8046875 0.125 0.125
1 0.49609375 0.56640625 0.125 0.125
4 0.9453125 0.93359375 0.125 0.125
3 0.515625 0.9140625 0.125 0.125
3 0.57421875 0.89453125 0.125 0.125
3 0.58984375 0.75 0.125 0.125
3 0.640625 0.86328125 0.125 0.125
3 0.64453125 0.71875 0.125 0.125
3 0.6953125 0.83984375 0.125 0.125
3 0.76171875 0.80859375 0.125 0.125
3 0.8125 0.78125 0.125 0.125
3 0.83203125 0.9921875 0.125 0.125
3 0.875 0.75 0.125 0.125
3 0.890625 0.97265625 0.125 0.125
1 0.52734375 0.78515625 0.125 0.125
1 0.55078125 0.5390625 0.125 0.125
1 0.60546875 0.51953125 0.125 0.125
1 0.703125 0.69921875 0.125 0.125
1 0.7578125 0.6640625 0.125 0.125
1 0.8203125 0.640625 0.125 0.125
