4 0.00390625 0.35546875 0.125 0.125
3 0.015625 0.49609375 0.125 0.125
3 0.0234375 0.421875 0.125 0.125
3 0.03125 0.234375 0.125 0.125
3 0.2734375 0.171875 0.125 0.125
3 0.2734375 0.296875 0.125 0.125
3 0.41015625 0.29296875 0.125 0.125
2 0.40625 0.37890625 0.125 0.125
1 0.0078125 0.10546875 0.125 0.125
1 0.265625 0.234375 0.125 0.125
1 0.29296875 0.109375 0.125 0.125
1 0.3046875 0.04296875 0.125 0.125
1 0.40234375 0.16796875 0.125 0.125
1 0.421875 0.109375 0.125 0.125
2 0.8203125 0.4296875 0.125 0.125
3 0.00390625 0.68359375 0.125 0.125
3 0.015625 0.81640625 0.125 0.125
3 0.265625 0.82421875 0.125 0.125
3 0.2890625 0.56640625 0.125 0.125
3 0.41796875 0.62109375 0.125 0.125
1 0.00390625 0.5546875 0.125 0.125
1 0.40234375 0.69140625 0.125 0.125
1 0.40234375 0.890625 0.125 0.125
1 0.41015625 0.765625 0.125 0.125
3 0.68359375 0.94140625 0.125 0.125
3 0.6875 0.77734375 0.125 0.125
3 0.703125 0.85546875 0.125 0.125
3 0.82421875 0.93359375 0.125 0.125
3 0.8515625 0.859375 0.125 0.125
3 0.953125 0.66796875 0.125 0.125
2 0.86328125 0.65625 0.125 0.125
1 0.69140625 0.5 0.125 0.125
1 0.82421875 0.78125 0.125 0.125
