3 0.3125 0.12109375 0.125 0.125
1 0.15625 0.390625 0.125 0.125
1 0.16015625 0.1796875 0.125 0.125
1 0.16796875 0.30859375 0.125 0.125
1 0.30078125 0.45703125 0.125 0.125
1 0.30859375 0.05078125 0.125 0.125
3 0.56640625 0.3984375 0.125 0.125
3 0.57421875 0.46484375 0.125 0.125
3 0.59375 0.32421875 0.125 0.125
3 0.765625 0.05859375 0.125 0.125
3 0.96875 0.08203125 0.125 0.125
1 0.58984375 0.265625 0.125 0.125
1 0.69140625 0.03515625 0.125 0.125
1 0.8359375 0.06640625 0.125 0.125
3 0.18359375 0.5234375 0.125 0.125
3 0.2109375 0.8125 0.125 0.125
3 0.3515625 0.80078125 0.125 0.125
3 0.4921875 0.796875 0.125 0.125
3 0.56640625 0.53515625 0.125 0.125
3 0.57421875 0.60546875 0.125 0.125
3 0.59765625 0.68359375 0.125 0.125
