3 0.07421875 0.1484375 0.125 0.125
3 0.20703125 0.1484375 0.125 0.125
3 0.2734375 0.12109375 0.125 0.125
3 0.4609375 0.1484375 0.125 0.125
4 0.6171875 0.1484375 0.125 0.125
3 0.53515625 0.140625 0.125 0.125
3 0.54296875 0.41796875 0.125 0.125
3 0.609375 0.41015625 0.125 0.125
3 0.88671875 0.39453125 0.125 0.125
1 0.91796875 0.140625 0.125 0.125
3 0.19921875 0.5390625 0.125 0.125
2 0.0703125 0.546875 0.125 0.125
2 0.08203125 0.80078125 0.125 0.125
2 0.359375 0.80859375 0.125 0.125
2 0.4375 0.80078125 0.125 0.125
1 0.15625 0.80859375 0.125 0.125
1 0.29296875 0.8125 0.125 0.125
2 0.5390625 0.53125 0.125 0.125
1 0.796875 0.54296875 0.125 0.125
