3 0.23828125 0.00390625 0.125 0.125
3 0.25390625 0.30078125 0.125 0.125
3 0.11328125 0.20703125 0.125 0.125
2 0.24609375 0.37890625 0.125 0.125
1 0.10546875 0.1171875 0.125 0.125
1 0.25 0.44140625 0.125 0.125
1 0.31640625 0.00390625 0.125 0.125
1 0.40234375 0.015625 0.125 0.125
1 0.46875 0.00390625 0.125 0.125
3 0.5234375 0.0078125 0.125 0.125
3 0.57421875 0.44140625 0.125 0.125
3 0.59765625 0.0078125 0.125 0.125
3 0.71484375 0.42578125 0.125 0.125
3 0.71875 0.375 0.125 0.125
3 0.79296875 0.01171875 0.125 0.125
2 0.6640625 0.0078125 0.125 0.125
1 0.5546875 0.30859375 0.125 0.125
1 0.55859375 0.38671875 0.125 0.125
1 0.71484375 0.3046875 0.125 0.125
1 0.86328125 0.00390625 0.125 0.125
1 0.9453125 0.00390625 0.125 0.125
4 0.05078125 0.96484375 0.125 0.125
4 0.05859375 0.82421875 0.125 0.125
3 0.23828125 0.7890625 0.125 0.125
3 0.24609375 0.71875 0.125 0.125
3 0.25 0.9140625 0.125 0.125
3 0.26171875 0.515625 0.125 0.125
3 0.26171875 0.63671875 0.125 0.125
1 0.0546875 0.90625 0.125 0.125
1 0.24609375 0.98046875 0.125 0.125
1 0.25 0.84765625 0.125 0.125
1 0.25390625 0.5859375 0.125 0.125
3 0.55859375 0.7109375 0.125 0.125
3 0.55859375 0.84765625 0.125 0.125
3 0.5625 0.76953125 0.125 0.125
3 0.69921875 0.51171875 0.125 0.125
3 0.703125 0.71875 0.125 0.125
3 0.70703125 0.64453125 0.125 0.125
3 0.71484375 0.921875 0.125 0.125
3 0.71875 0.58203125 0.125 0.125
3 0.73046875 0.9921875 0.125 0.125
2 0.5703125 0.65234375 0.125 0.125
2 0.72265625 0.7890625 0.125 0.125
1 0.55859375 0.57421875 0.125 0.125
1 0.56640625 0.92578125 0.125 0.125
1 0.56640625 0.98828125 0.125 0.125
1 0.5703125 0.515625 0.125 0.125
