1 0.48828125 0.41015625 0.125 0.125
1 0.11328125 0.41796875 0.125 0.125
1 0.40625 0.40234375 0.125 0.125
3 0.55859375 0.40234375 0.125 0.125
1 0.90234375 0.41796875 0.125 0.125
3 0.0390625 0.75 0.125 0.125
3 0.11328125 0.75390625 0.125 0.125
3 0.11328125 0.8984375 0.125 0.125
3 0.1796875 0.74609375 0.125 0.125
3 0.18359375 0.89453125 0.125 0.125
3 0.2578125 0.8984375 0.125 0.125
3 0.328125 0.75390625 0.125 0.125
3 0.328125 0.890625 0.125 0.125
3 0.40234375 0.90234375 0.125 0.125
1 0.484375 0.76171875 0.125 0.125
1 0.4921875 0.890625 0.125 0.125
1 0.03515625 0.8984375 0.125 0.125
1 0.25390625 0.7734375 0.125 0.125
1 0.3984375 0.73828125 0.125 0.125
