1 0.65234375 0.3203125 0.125 0.125
1 0.78125 0.30078125 0.125 0.125
1 0.98828125 0.3125 0.125 0.125
3 0.1953125 0.76953125 0.125 0.125
1 0.30859375 0.765625 0.125 0.125
1 0.37890625 0.62109375 0.125 0.125
1 0.44140625 0.78125 0.125 0.125
1 0.453125 0.6171875 0.125 0.125
4 0.7890625 0.62890625 0.125 0.125
3 0.66015625 0.78125 0.125 0.125
3 0.7890625 0.7734375 0.125 0.125
3 0.85546875 0.62890625 0.125 0.125
2 0.9296875 0.63671875 0.125 0.125
1 0.52734375 0.78125 0.125 0.125
1 0.5859375 0.6328125 0.125 0.125
1 0.59375 0.78125 0.125 0.125
1 0.71875 0.625 0.125 0.125
1 0.71875 0.76171875 0.125 0.125
1 0.8515625 0.7578125 0.125 0.125
1 0.921875 0.7734375 0.125 0.125
1 0.98046875 0.76171875 0.125 0.125
