4 0.40625 0.15625 0.125 0.125
3 0.453125 0.3671875 0.125 0.125
3 0.45703125 0.43359375 0.125 0.125
3 0.46875 0.30078125 0.125 0.125
1 0.49609375 0.19140625 0.125 0.125
4 0.8515625 0.15625 0.125 0.125
4 0.9375 0.203125 0.125 0.125
4 0.9453125 0.3046875 0.125 0.125
4 0.984375 0.46875 0.125 0.125
4 0.99609375 0.35546875 0.125 0.125
3 0.55859375 0.45703125 0.125 0.125
3 0.61328125 0.14453125 0.125 0.125
3 0.62890625 0.19140625 0.125 0.125
3 0.79296875 0.1640625 0.125 0.125
2 0.61328125 0.35546875 0.125 0.125
1 0.5234375 0.08984375 0.125 0.125
1 0.62109375 0.25 0.125 0.125
1 0.6328125 0.47265625 0.125 0.125
1 0.85546875 0.45703125 0.125 0.125
1 0.921875 0.453125 0.125 0.125
4 0.33984375 0.53125 0.125 0.125
4 0.35546875 0.91796875 0.125 0.125
3 0.18359375 0.97265625 0.125 0.125
3 0.22265625 0.84765625 0.125 0.125
3 0.2265625 0.96875 0.125 0.125
3 0.30078125 0.96875 0.125 0.125
3 0.3046875 0.86328125 0.125 0.125
1 0.01171875 0.84375 0.125 0.125
4 0.73828125 0.90625 0.125 0.125
4 0.85546875 0.96875 0.125 0.125
4 0.98046875 0.8359375 0.125 0.125
4 0.9921875 0.609375 0.125 0.125
3 0.5078125 0.76171875 0.125 0.125
3 0.53125 0.9609375 0.125 0.125
3 0.5390625 0.8125 0.125 0.125
3 0.625 0.828125 0.125 0.125
3 0.69140625 0.8515625 0.125 0.125
3 0.75 0.5625 0.125 0.125
3 0.80078125 0.75390625 0.125 0.125
3 0.80859375 0.9375 0.125 0.125
3 0.86328125 0.78125 0.125 0.125
3 0.9453125 0.578125 0.125 0.125
1 0.69140625 0.703125 0.125 0.125
1 0.91796875 0.80859375 0.125 0.125
