3 0.046875 0.19140625 0.125 0.125
3 0.328125 0.23046875 0.125 0.125
3 0.4765625 0.25 0.125 0.125
1 0.1171875 0.19921875 0.125 0.125
1 0.19140625 0.23046875 0.125 0.125
1 0.40625 0.25 0.125 0.125
3 0.82421875 0.2578125 0.125 0.125
3 0.61328125 0.23046875 0.125 0.125
3 0.65234375 0.03515625 0.125 0.125
3 0.68359375 0.23046875 0.125 0.125
1 0.53515625 0.23828125 0.125 0.125
3 0.328125 0.796875 0.125 0.125
3 0.38671875 0.65234375 0.125 0.125
3 0.4765625 0.64453125 0.125 0.125
1 0.04296875 0.65234375 0.125 0.125
1 0.1015625 0.83203125 0.125 0.125
1 0.12109375 0.66015625 0.125 0.125
1 0.17578125 0.796875 0.125 0.125
1 0.25 0.65234375 0.125 0.125
1 0.25 0.80078125 0.125 0.125
4 0.7578125 0.65234375 0.125 0.125
1 0.68359375 0.65625 0.125 0.125
1 0.8984375 0.671875 0.125 0.125
