3 0.00390625 0.4375 0.125 0.125
3 0.0078125 0.3671875 0.125 0.125
2 0.875 0.46484375 0.125 0.125
2 0.87890625 0.26171875 0.125 0.125
1 0.55859375 0.38671875 0.125 0.125
1 0.8671875 0.0390625 0.125 0.125
1 0.875 0.3984375 0.125 0.125
3 0.00390625 0.63671875 0.125 0.125
1 0.01953125 0.5078125 0.125 0.125
1 0.01953125 0.578125 0.125 0.125
1 0.40625 0.7890625 0.125 0.125
1 0.4296875 0.68359375 0.125 0.125
1 0.43359375 0.53515625 0.125 0.125
1 0.43359375 0.60546875 0.125 0.125
3 0.8671875 0.6875 0.125 0.125
3 0.8671875 0.7578125 0.125 0.125
3 0.87109375 0.89453125 0.125 0.125
