3 0.05859375 0.00390625 0.125 0.125
4 0.37109375 0.1015625 0.125 0.125
4 0.375 0.16015625 0.125 0.125
2 0.13671875 0.0234375 0.125 0.125
1 0.15625 0.1484375 0.125 0.125
1 0.37890625 0.2265625 0.125 0.125
3 0.56640625 0.234375 0.125 0.125
3 0.63671875 0.02734375 0.125 0.125
3 0.64453125 0.27734375 0.125 0.125
3 0.6953125 0.1796875 0.125 0.125
3 0.6953125 0.3515625 0.125 0.125
3 0.73828125 0.0546875 0.125 0.125
3 0.75 0.1328125 0.125 0.125
4 0.60546875 0.11328125 0.125 0.125
4 0.66015625 0.4375 0.125 0.125
3 0.1640625 0.8515625 0.125 0.125
3 0.18359375 0.578125 0.125 0.125
3 0.25 0.7890625 0.125 0.125
3 0.3671875 0.59375 0.125 0.125
3 0.3671875 0.80859375 0.125 0.125
4 0.32421875 0.66796875 0.125 0.125
2 0.109375 0.765625 0.125 0.125
3 0.56640625 0.81640625 0.125 0.125
3 0.69921875 0.91796875 0.125 0.125
3 0.84375 0.69921875 0.125 0.125
4 0.9296875 0.671875 0.125 0.125
2 0.76953125 0.59375 0.125 0.125
2 0.9921875 0.609375 0.125 0.125
1 0.51953125 0.9375 0.125 0.125
1 0.859375 0.79296875 0.125 0.125
