3 0.1015625 0.24609375 0.125 0.125
3 0.1796875 0.25390625 0.125 0.125
3 0.265625 0.25 0.125 0.125
3 0.34375 0.25 0.125 0.125
3 0.43359375 0.25 0.125 0.125
3 0.01171875 0.23828125 0.125 0.125
3 0.5078125 0.2421875 0.125 0.125
3 0.58203125 0.25 0.125 0.125
3 0.66796875 0.25 0.125 0.125
3 0.15234375 0.73828125 0.125 0.125
3 0.35546875 0.58203125 0.125 0.125
3 0.46484375 0.6796875 0.125 0.125
3 0.05078125 0.60546875 0.125 0.125
1 0.15234375 0.6015625 0.125 0.125
3 0.53125 0.67578125 0.125 0.125
3 0.6171875 0.7265625 0.125 0.125
3 0.6796875 0.79296875 0.125 0.125
3 0.734375 0.85546875 0.125 0.125
3 0.83203125 0.96875 0.125 0.125
1 0.9140625 0.77734375 0.125 0.125
1 0.94140625 0.89453125 0.125 0.125
