4 0.39453125 0.09765625 0.125 0.125
3 0.03515625 0.09765625 0.125 0.125
3 0.03515625 0.45703125 0.125 0.125
3 0.1015625 0.453125 0.125 0.125
3 0.171875 0.453125 0.125 0.125
3 0.1796875 0.08984375 0.125 0.125
3 0.23828125 0.4609375 0.125 0.125
3 0.25 0.0859375 0.125 0.125
3 0.3125 0.09765625 0.125 0.125
3 0.38671875 0.453125 0.125 0.125
3 0.46875 0.10546875 0.125 0.125
1 0.10546875 0.09375 0.125 0.125
1 0.31640625 0.46875 0.125 0.125
1 0.4609375 0.4609375 0.125 0.125
3 0.53125 0.1015625 0.125 0.125
3 0.53515625 0.47265625 0.125 0.125
3 0.6015625 0.09765625 0.125 0.125
3 0.6796875 0.09375 0.125 0.125
3 0.75 0.4609375 0.125 0.125
3 0.8203125 0.47265625 0.125 0.125
3 0.828125 0.09765625 0.125 0.125
3 0.890625 0.48046875 0.125 0.125
3 0.95703125 0.0859375 0.125 0.125
3 0.96484375 0.4609375 0.125 0.125
2 0.60546875 0.47265625 0.125 0.125
1 0.67578125 0.46484375 0.125 0.125
1 0.765625 0.10546875 0.125 0.125
1 0.90234375 0.09375 0.125 0.125
3 0.24609375 0.6640625 0.125 0.125
3 0.32421875 0.671875 0.125 0.125
1 0.03515625 0.67578125 0.125 0.125
1 0.1015625 0.6796875 0.125 0.125
1 0.171875 0.671875 0.125 0.125
1 0.390625 0.66796875 0.125 0.125
1 0.4609375 0.6640625 0.125 0.125
4 0.59765625 0.6796875 0.125 0.125
3 0.671875 0.67578125 0.125 0.125
3 0.81640625 0.66796875 0.125 0.125
3 0.8984375 0.68359375 0.125 0.125
1 0.53125 0.6796875 0.125 0.125
1 0.95703125 0.6796875 0.125 0.125
