3 0.421875 0.1796875 0.125 0.125
3 0.125 0.91796875 0.125 0.125
3 0.203125 0.921875 0.125 0.125
3 0.3359375 0.921875 0.125 0.125
3 0.41796875 0.921875 0.125 0.125
3 0.44140625 0.60546875 0.125 0.125
3 0.484375 0.91796875 0.125 0.125
2 0.15234375 0.57421875 0.125 0.125
2 0.359375 0.60546875 0.125 0.125
1 0.046875 0.91796875 0.125 0.125
1 0.21875 0.5625 0.125 0.125
1 0.265625 0.91796875 0.125 0.125
1 0.28515625 0.57421875 0.125 0.125
2 0.515625 0.57421875 0.125 0.125
1 0.546875 0.9140625 0.125 0.125
