3 0.09765625 0.13671875 0.125 0.125
3 0.1015625 0.22265625 0.125 0.125
3 0.390625 0.046875 0.125 0.125
3 0.4765625 0.25 0.125 0.125
2 0.10546875 0.06640625 0.125 0.125
1 0.359375 0.23046875 0.125 0.125
1 0.39453125 0.13671875 0.125 0.125
1 0.4921875 0.0703125 0.125 0.125
3 0.7578125 0.0703125 0.125 0.125
1 0.5078125 0.16015625 0.125 0.125
4 0.03515625 0.5078125 0.125 0.125
1 0.42578125 0.50390625 0.125 0.125
4 0.55078125 0.91015625 0.125 0.125
2 0.84765625 0.515625 0.125 0.125
1 0.71875 0.91796875 0.125 0.125
