3 0.46484375 0.375 0.125 0.125
3 0.47265625 0.10546875 0.125 0.125
3 0.4921875 0.30078125 0.125 0.125
3 0.640625 0.171875 0.125 0.125
2 0.640625 0.10546875 0.125 0.125
2 0.98046875 0.14453125 0.125 0.125
2 0.98046875 0.3203125 0.125 0.125
2 0.99609375 0.02734375 0.125 0.125
1 0.6328125 0.38671875 0.125 0.125
1 0.640625 0.25 0.125 0.125
1 0.640625 0.30859375 0.125 0.125
1 0.64453125 0.02734375 0.125 0.125
3 0.46875 0.87890625 0.125 0.125
3 0.47265625 0.95703125 0.125 0.125
2 0.109375 0.91015625 0.125 0.125
2 0.109375 0.98046875 0.125 0.125
2 0.1171875 0.56640625 0.125 0.125
2 0.1171875 0.640625 0.125 0.125
2 0.48828125 0.59765625 0.125 0.125
1 0.4765625 0.53125 0.125 0.125
3 0.6328125 0.81640625 0.125 0.125
3 0.65234375 0.53515625 0.125 0.125
3 0.9765625 0.88671875 0.125 0.125
2 0.98046875 0.60546875 0.125 0.125
2 0.984375 0.8125 0.125 0.125
1 0.62890625 0.67578125 0.125 0.125
1 0.62890625 0.8828125 0.125 0.125
1 0.63671875 0.7421875 0.125 0.125
1 0.99609375 0.73046875 0.125 0.125
