3 0.21484375 0.41015625 0.125 0.125
3 0.29296875 0.2734375 0.125 0.125
2 0.28125 0.40234375 0.125 0.125
1 0.05859375 0.24609375 0.125 0.125
1 0.0703125 0.390625 0.125 0.125
1 0.140625 0.265625 0.125 0.125
1 0.140625 0.40234375 0.125 0.125
1 0.21484375 0.265625 0.125 0.125
4 0.703125 0.46484375 0.125 0.125
2 0.703125 0.15625 0.125 0.125
1 0.703125 0.234375 0.125 0.125
1 0.703125 0.3828125 0.125 0.125
3 0.06640625 0.90625 0.125 0.125
3 0.20703125 0.7578125 0.125 0.125
2 0.21484375 0.90625 0.125 0.125
2 0.296875 0.77734375 0.125 0.125
1 0.05078125 0.75 0.125 0.125
1 0.12890625 0.9296875 0.125 0.125
1 0.13671875 0.78125 0.125 0.125
