3 0.19921875 0.19140625 0.125 0.125
3 0.203125 0.26171875 0.125 0.125
3 0.203125 0.3984375 0.125 0.125
1 0.1953125 0.4609375 0.125 0.125
3 0.36328125 0.54296875 0.125 0.125
3 0.3984375 0.67578125 0.125 0.125
3 0.4375 0.95703125 0.125 0.125
3 0.44921875 0.73046875 0.125 0.125
1 0.1953125 0.53125 0.125 0.125
4 0.6015625 0.73046875 0.125 0.125
4 0.7265625 0.98046875 0.125 0.125
4 0.828125 0.59375 0.125 0.125
3 0.5078125 0.61328125 0.125 0.125
3 0.5859375 0.98046875 0.125 0.125
3 0.6640625 0.61328125 0.125 0.125
3 0.765625 0.7109375 0.125 0.125
3 0.79296875 0.984375 0.125 0.125
3 0.83203125 0.73828125 0.125 0.125
3 0.859375 0.96875 0.125 0.125
