4 0.08203125 0.1640625 0.125 0.125
3 0.0 0.16015625 0.125 0.125
3 0.4140625 0.15234375 0.125 0.125
1 0.4765625 0.15625 0.125 0.125
1 0.15234375 0.15234375 0.125 0.125
1 0.21875 0.16796875 0.125 0.125
3 0.60546875 0.3203125 0.125 0.125
1 0.60546875 0.2421875 0.125 0.125
1 0.6171875 0.39453125 0.125 0.125
3 0.09375 0.66015625 0.125 0.125
3 0.09765625 0.52734375 0.125 0.125
3 0.15625 0.6640625 0.125 0.125
3 0.23046875 0.66015625 0.125 0.125
3 0.2421875 0.51953125 0.125 0.125
1 0.01953125 0.50390625 0.125 0.125
1 0.0234375 0.65234375 0.125 0.125
1 0.15625 0.53125 0.125 0.125
1 0.31640625 0.52734375 0.125 0.125
1 0.31640625 0.66796875 0.125 0.125
3 0.61328125 0.6796875 0.125 0.125
3 0.62109375 0.75 0.125 0.125
2 0.62109375 0.87890625 0.125 0.125
2 0.8359375 0.66796875 0.125 0.125
1 0.6171875 0.81640625 0.125 0.125
1 0.62109375 0.61328125 0.125 0.125
1 0.75390625 0.66796875 0.125 0.125
1 0.94921875 0.671875 0.125 0.125
