3 0.0078125 0.15234375 0.125 0.125
3 0.1171875 0.3671875 0.125 0.125
3 0.1875 0.36328125 0.125 0.125
1 0.046875 0.37109375 0.125 0.125
1 0.0546875 0.203125 0.125 0.125
1 0.4140625 0.40625 0.125 0.125
4 0.50390625 0.40234375 0.125 0.125
3 0.578125 0.25390625 0.125 0.125
3 0.6171875 0.03125 0.125 0.125
2 0.84375 0.03125 0.125 0.125
1 0.76171875 0.04296875 0.125 0.125
1 0.80078125 0.4140625 0.125 0.125
1 0.98046875 0.0390625 0.125 0.125
4 0.41015625 0.6484375 0.125 0.125
3 0.42578125 0.7734375 0.125 0.125
3 0.44140625 0.98046875 0.125 0.125
3 0.44921875 0.91015625 0.125 0.125
3 0.04296875 0.66796875 0.125 0.125
1 0.42578125 0.84375 0.125 0.125
3 0.77734375 0.6640625 0.125 0.125
3 0.8515625 0.66796875 0.125 0.125
3 0.91796875 0.67578125 0.125 0.125
1 0.546875 0.65234375 0.125 0.125
1 0.625 0.66015625 0.125 0.125
1 0.7109375 0.6484375 0.125 0.125
