3 0.14453125 0.16015625 0.125 0.125
3 0.1640625 0.35546875 0.125 0.125
3 0.16796875 0.28515625 0.125 0.125
3 0.2890625 0.15234375 0.125 0.125
3 0.296875 0.2265625 0.125 0.125
3 0.3046875 0.35546875 0.125 0.125
2 0.296875 0.48046875 0.125 0.125
1 0.2890625 0.2890625 0.125 0.125
1 0.296875 0.09375 0.125 0.125
4 0.62890625 0.49609375 0.125 0.125
3 0.78125 0.359375 0.125 0.125
2 0.65234375 0.09765625 0.125 0.125
2 0.79296875 0.48828125 0.125 0.125
2 0.8046875 0.03125 0.125 0.125
1 0.625 0.36328125 0.125 0.125
1 0.64453125 0.02734375 0.125 0.125
1 0.64453125 0.171875 0.125 0.125
1 0.64453125 0.2265625 0.125 0.125
1 0.7734375 0.2265625 0.125 0.125
1 0.79296875 0.1015625 0.125 0.125
1 0.79296875 0.16796875 0.125 0.125
3 0.15625 0.74609375 0.125 0.125
3 0.2734375 0.95703125 0.125 0.125
1 0.1640625 0.6171875 0.125 0.125
2 0.81640625 0.828125 0.125 0.125
1 0.6171875 0.5546875 0.125 0.125
1 0.625 0.5390625 0.125 0.125
