3 0.0703125 0.4765625 0.125 0.125
3 0.18359375 0.30859375 0.125 0.125
3 0.26953125 0.31640625 0.125 0.125
3 0.33984375 0.31640625 0.125 0.125
2 0.05859375 0.31640625 0.125 0.125
3 0.70703125 0.3203125 0.125 0.125
3 0.546875 0.3046875 0.125 0.125
3 0.625 0.3203125 0.125 0.125
2 0.76953125 0.296875 0.125 0.125
4 0.03125 0.78125 0.125 0.125
3 0.0390625 0.859375 0.125 0.125
3 0.046875 0.70703125 0.125 0.125
3 0.05859375 0.62890625 0.125 0.125
3 0.06640625 0.55859375 0.125 0.125
3 0.484375 0.859375 0.125 0.125
1 0.4765625 0.78515625 0.125 0.125
