4 0.94921875 0.41796875 0.125 0.125
2 0.6171875 0.078125 0.125 0.125
2 0.671875 0.0546875 0.125 0.125
2 0.703125 0.21484375 0.125 0.125
2 0.7265625 0.0078125 0.125 0.125
2 0.87109375 0.09375 0.125 0.125
2 0.91015625 0.46875 0.125 0.125
1 0.7578125 0.16796875 0.125 0.125
1 0.81640625 0.34765625 0.125 0.125
1 0.8203125 0.1328125 0.125 0.125
1 0.87109375 0.30078125 0.125 0.125
1 0.921875 0.0390625 0.125 0.125
1 0.9296875 0.26953125 0.125 0.125
1 0.9765625 0.0 0.125 0.125
1 0.98046875 0.234375 0.125 0.125
