3 0.36328125 0.48828125 0.125 0.125
3 0.375 0.203125 0.125 0.125
2 0.36328125 0.12890625 0.125 0.125
1 0.36328125 0.2734375 0.125 0.125
1 0.37109375 0.3515625 0.125 0.125
1 0.375 0.421875 0.125 0.125
4 0.75390625 0.28125 0.125 0.125
3 0.75 0.3515625 0.125 0.125
3 0.7578125 0.42578125 0.125 0.125
1 0.75 0.21484375 0.125 0.125
4 0.7421875 0.703125 0.125 0.125
4 0.75390625 0.98828125 0.125 0.125
3 0.7421875 0.5 0.125 0.125
3 0.7578125 0.9140625 0.125 0.125
3 0.76171875 0.6328125 0.125 0.125
1 0.73046875 0.8515625 0.125 0.125
1 0.734375 0.5703125 0.125 0.125
