3 0.07421875 0.44140625 0.125 0.125
1 0.0625 0.359375 0.125 0.125
1 0.40234375 0.359375 0.125 0.125
1 0.40625 0.44140625 0.125 0.125
3 0.05859375 0.64453125 0.125 0.125
3 0.05859375 0.9296875 0.125 0.125
3 0.07421875 0.71484375 0.125 0.125
3 0.07421875 0.85546875 0.125 0.125
3 0.078125 0.51171875 0.125 0.125
3 0.08203125 0.578125 0.125 0.125
3 0.3828125 0.921875 0.125 0.125
3 0.390625 0.6484375 0.125 0.125
3 0.39453125 0.8515625 0.125 0.125
3 0.40234375 0.58203125 0.125 0.125
1 0.05859375 0.9921875 0.125 0.125
1 0.39453125 0.98828125 0.125 0.125
1 0.3984375 0.5078125 0.125 0.125
