3 0.48828125 0.05859375 0.125 0.125
3 0.48828125 0.33203125 0.125 0.125
3 0.49609375 0.484375 0.125 0.125
1 0.22265625 0.23046875 0.125 0.125
1 0.28515625 0.24609375 0.125 0.125
1 0.4921875 0.19140625 0.125 0.125
1 0.49609375 0.265625 0.125 0.125
4 0.83984375 0.29296875 0.125 0.125
3 0.5 0.12890625 0.125 0.125
3 0.62890625 0.01953125 0.125 0.125
3 0.83203125 0.08203125 0.125 0.125
3 0.83203125 0.21875 0.125 0.125
1 0.5 0.41015625 0.125 0.125
1 0.8203125 0.35546875 0.125 0.125
1 0.83203125 0.43359375 0.125 0.125
1 0.4921875 0.62890625 0.125 0.125
3 0.5078125 0.5546875 0.125 0.125
3 0.5078125 0.90234375 0.125 0.125
3 0.515625 0.98046875 0.125 0.125
3 0.5234375 0.83984375 0.125 0.125
1 0.5 0.69140625 0.125 0.125
1 0.50390625 0.76171875 0.125 0.125
