2 0.39453125 0.32421875 0.125 0.125
1 0.33984375 0.08984375 0.125 0.125
1 0.3828125 0.05859375 0.125 0.125
1 0.390625 0.49609375 0.125 0.125
1 0.44140625 0.02734375 0.125 0.125
1 0.44921875 0.296875 0.125 0.125
1 0.44921875 0.44921875 0.125 0.125
1 0.46875 0.1640625 0.125 0.125
1 0.49609375 0.01171875 0.125 0.125
2 0.50390625 0.296875 0.125 0.125
2 0.60546875 0.40625 0.125 0.125
2 0.65625 0.2421875 0.125 0.125
2 0.66015625 0.3828125 0.125 0.125
2 0.7109375 0.36328125 0.125 0.125
1 0.51953125 0.140625 0.125 0.125
1 0.546875 0.26953125 0.125 0.125
1 0.546875 0.41015625 0.125 0.125
1 0.5546875 0.00390625 0.125 0.125
1 0.578125 0.12890625 0.125 0.125
1 0.6015625 0.2578125 0.125 0.125
1 0.7265625 0.12890625 0.125 0.125
1 0.75 0.48828125 0.125 0.125
1 0.78515625 0.265625 0.125 0.125
1 0.7890625 0.1015625 0.125 0.125
1 0.83984375 0.23046875 0.125 0.125
1 0.84375 0.44140625 0.125 0.125
1 0.85546875 0.07421875 0.125 0.125
1 0.9140625 0.2109375 0.125 0.125
1 0.9140625 0.41796875 0.125 0.125
1 0.921875 0.0625 0.125 0.125
1 0.9765625 0.390625 0.125 0.125
1 0.98046875 0.17578125 0.125 0.125
1 0.98828125 0.0390625 0.125 0.125
1 0.5078125 0.42578125 0.125 0.125
3 0.3125 0.65234375 0.125 0.125
3 0.375 0.63671875 0.125 0.125
3 0.43359375 0.61328125 0.125 0.125
3 0.484375 0.5859375 0.125 0.125
2 0.30859375 0.80078125 0.125 0.125
1 0.25390625 0.8203125 0.125 0.125
1 0.27734375 0.51953125 0.125 0.125
1 0.32421875 0.51171875 0.125 0.125
1 0.37109375 0.78125 0.125 0.125
1 0.42578125 0.75390625 0.125 0.125
1 0.48046875 0.73046875 0.125 0.125
3 0.58203125 0.53125 0.125 0.125
3 0.65234375 0.8046875 0.125 0.125
3 0.6875 0.5 0.125 0.125
3 0.78515625 0.76171875 0.125 0.125
3 0.84765625 0.734375 0.125 0.125
3 0.9453125 0.96875 0.125 0.125
3 0.52734375 0.55859375 0.125 0.125
3 0.54296875 0.84375 0.125 0.125
2 0.640625 0.68359375 0.125 0.125
2 0.78515625 0.90625 0.125 0.125
2 0.79296875 0.61328125 0.125 0.125
2 0.84375 0.87890625 0.125 0.125
2 0.8984375 0.86328125 0.125 0.125
1 0.5390625 0.7109375 0.125 0.125
1 0.56640625 0.984375 0.125 0.125
1 0.5859375 0.82421875 0.125 0.125
1 0.58984375 0.6953125 0.125 0.125
1 0.6171875 0.97265625 0.125 0.125
1 0.67578125 0.94921875 0.125 0.125
1 0.68359375 0.66015625 0.125 0.125
1 0.73046875 0.9375 0.125 0.125
1 0.734375 0.62890625 0.125 0.125
1 0.8984375 0.9921875 0.125 0.125
1 0.91015625 0.58203125 0.125 0.125
1 0.97265625 0.56640625 0.125 0.125
1 0.9765625 0.765625 0.125 0.125
