3 0.0078125 0.0703125 0.125 0.125
3 0.0078125 0.1484375 0.125 0.125
3 0.34375 0.46875 0.125 0.125
3 0.34765625 0.12890625 0.125 0.125
3 0.3515625 0.0703125 0.125 0.125
3 0.3671875 0.33984375 0.125 0.125
3 0.48828125 0.140625 0.125 0.125
3 0.48828125 0.203125 0.125 0.125
3 0.4921875 0.0703125 0.125 0.125
1 0.36328125 0.41015625 0.125 0.125
1 0.375 0.26953125 0.125 0.125
1 0.49609375 0.46875 0.125 0.125
1 0.0078125 0.36328125 0.125 0.125
1 0.01171875 0.2890625 0.125 0.125
1 0.015625 0.22265625 0.125 0.125
1 0.34375 0.0 0.125 0.125
1 0.34375 0.20703125 0.125 0.125
3 0.8671875 0.140625 0.125 0.125
3 0.8671875 0.203125 0.125 0.125
3 0.87109375 0.0703125 0.125 0.125
3 0.875 0.00390625 0.125 0.125
1 0.5 0.33984375 0.125 0.125
1 0.50390625 0.0 0.125 0.125
1 0.8671875 0.28125 0.125 0.125
1 0.87109375 0.41015625 0.125 0.125
1 0.87109375 0.4765625 0.125 0.125
4 0.4921875 0.890625 0.125 0.125
3 0.16015625 0.88671875 0.125 0.125
3 0.2265625 0.89453125 0.125 0.125
3 0.49609375 0.53515625 0.125 0.125
2 0.33203125 0.54296875 0.125 0.125
1 0.49609375 0.6171875 0.125 0.125
1 0.08203125 0.8984375 0.125 0.125
1 0.33203125 0.6171875 0.125 0.125
4 0.8359375 0.90234375 0.125 0.125
3 0.62109375 0.890625 0.125 0.125
3 0.85546875 0.61328125 0.125 0.125
1 0.7578125 0.91015625 0.125 0.125
