3 0.03125 0.48828125 0.125 0.125
3 0.25390625 0.2734375 0.125 0.125
3 0.3828125 0.40625 0.125 0.125
3 0.3984375 0.26953125 0.125 0.125
3 0.40625 0.4765625 0.125 0.125
3 0.4296875 0.015625 0.125 0.125
1 0.03125 0.33984375 0.125 0.125
1 0.109375 0.01171875 0.125 0.125
1 0.17578125 0.01171875 0.125 0.125
1 0.2421875 0.0078125 0.125 0.125
1 0.25390625 0.48046875 0.125 0.125
1 0.2578125 0.33984375 0.125 0.125
1 0.26171875 0.40625 0.125 0.125
1 0.30859375 0.01171875 0.125 0.125
1 0.390625 0.33203125 0.125 0.125
3 0.50390625 0.015625 0.125 0.125
3 0.5703125 0.01953125 0.125 0.125
3 0.7109375 0.2890625 0.125 0.125
1 0.6484375 0.015625 0.125 0.125
1 0.6875 0.44140625 0.125 0.125
3 0.23046875 0.80078125 0.125 0.125
3 0.2421875 0.94921875 0.125 0.125
3 0.25390625 0.73828125 0.125 0.125
3 0.2578125 0.5546875 0.125 0.125
2 0.38671875 0.81640625 0.125 0.125
1 0.22265625 0.6796875 0.125 0.125
1 0.23046875 0.88671875 0.125 0.125
1 0.375 0.67578125 0.125 0.125
1 0.375 0.94140625 0.125 0.125
1 0.3828125 0.6171875 0.125 0.125
1 0.39453125 0.73828125 0.125 0.125
1 0.3984375 0.54296875 0.125 0.125
3 0.69140625 0.8046875 0.125 0.125
3 0.6953125 0.50390625 0.125 0.125
3 0.828125 0.875 0.125 0.125
2 0.69921875 0.66015625 0.125 0.125
1 0.69140625 0.9453125 0.125 0.125
1 0.69921875 0.5703125 0.125 0.125
1 0.69921875 0.75 0.125 0.125
