1 0.0703125 0.10546875 0.125 0.125
1 0.0703125 0.40234375 0.125 0.125
1 0.1015625 0.40234375 0.125 0.125
1 0.39453125 0.05078125 0.125 0.125
1 0.39453125 0.1171875 0.125 0.125
1 0.3984375 0.41015625 0.125 0.125
3 0.7578125 0.296875 0.125 0.125
1 0.765625 0.01953125 0.125 0.125
4 0.38671875 0.5390625 0.125 0.125
3 0.05859375 0.53125 0.125 0.125
3 0.06640625 0.96875 0.125 0.125
3 0.39453125 0.62109375 0.125 0.125
3 0.39453125 0.69140625 0.125 0.125
2 0.375 0.98046875 0.125 0.125
2 0.37890625 0.7734375 0.125 0.125
1 0.08203125 0.65625 0.125 0.125
1 0.38671875 0.8359375 0.125 0.125
2 0.73046875 0.890625 0.125 0.125
1 0.85546875 0.6796875 0.125 0.125
