4 0.17578125 0.125 0.125 0.125
3 0.10546875 0.12890625 0.125 0.125
3 0.31640625 0.1328125 0.125 0.125
3 0.390625 0.13671875 0.125 0.125
3 0.4140625 0.2734375 0.125 0.125
3 0.45703125 0.1328125 0.125 0.125
1 0.32421875 0.27734375 0.125 0.125
3 0.91015625 0.27734375 0.125 0.125
3 0.52734375 0.14453125 0.125 0.125
3 0.546875 0.2890625 0.125 0.125
3 0.59765625 0.16015625 0.125 0.125
3 0.66796875 0.15234375 0.125 0.125
2 0.7421875 0.16796875 0.125 0.125
2 0.765625 0.29296875 0.125 0.125
2 0.98828125 0.26953125 0.125 0.125
1 0.82421875 0.1484375 0.125 0.125
3 0.48046875 0.71484375 0.125 0.125
1 0.2421875 0.71484375 0.125 0.125
1 0.328125 0.70703125 0.125 0.125
1 0.37890625 0.57421875 0.125 0.125
3 0.796875 0.578125 0.125 0.125
2 0.5546875 0.69921875 0.125 0.125
1 0.51953125 0.5703125 0.125 0.125
1 0.58984375 0.5703125 0.125 0.125
1 0.62890625 0.69921875 0.125 0.125
1 0.66796875 0.578125 0.125 0.125
1 0.73046875 0.70703125 0.125 0.125
1 0.73828125 0.5859375 0.125 0.125
1 0.8828125 0.6015625 0.125 0.125
1 0.953125 0.578125 0.125 0.125
