4 0.1875 0.2734375 0.125 0.125
3 0.17578125 0.19921875 0.125 0.125
3 0.20703125 0.35546875 0.125 0.125
3 0.46484375 0.33203125 0.125 0.125
1 0.46484375 0.4765625 0.125 0.125
1 0.47265625 0.265625 0.125 0.125
4 0.75390625 0.37890625 0.125 0.125
3 0.73828125 0.30859375 0.125 0.125
3 0.75390625 0.23828125 0.125 0.125
1 0.76171875 0.15625 0.125 0.125
4 0.1953125 0.51171875 0.125 0.125
3 0.1953125 0.5859375 0.125 0.125
3 0.2109375 0.7421875 0.125 0.125
2 0.47265625 0.546875 0.125 0.125
3 0.73046875 0.91796875 0.125 0.125
3 0.74609375 0.84765625 0.125 0.125
1 0.73828125 0.78125 0.125 0.125
