3 0.375 0.43359375 0.125 0.125
1 0.375 0.3671875 0.125 0.125
3 0.76171875 0.21875 0.125 0.125
3 0.8125 0.03125 0.125 0.125
3 0.96484375 0.0546875 0.125 0.125
3 0.9765625 0.1796875 0.125 0.125
2 0.68359375 0.23046875 0.125 0.125
1 0.55078125 0.21875 0.125 0.125
1 0.6171875 0.20703125 0.125 0.125
1 0.8125 0.09765625 0.125 0.125
1 0.8203125 0.2109375 0.125 0.125
1 0.90234375 0.2109375 0.125 0.125
3 0.359375 0.5 0.125 0.125
3 0.375 0.87109375 0.125 0.125
3 0.37890625 0.73046875 0.125 0.125
3 0.3828125 0.93359375 0.125 0.125
1 0.3671875 0.796875 0.125 0.125
1 0.37109375 0.5625 0.125 0.125
1 0.375 0.6484375 0.125 0.125
3 0.75390625 0.94140625 0.125 0.125
3 0.89453125 0.94140625 0.125 0.125
3 0.734375 0.8671875 0.125 0.125
2 0.91796875 0.515625 0.125 0.125
1 0.74609375 0.5234375 0.125 0.125
1 0.74609375 0.72265625 0.125 0.125
1 0.75390625 0.57421875 0.125 0.125
1 0.76953125 0.66015625 0.125 0.125
1 0.8828125 0.87890625 0.125 0.125
1 0.89453125 0.59375 0.125 0.125
1 0.90625 0.6640625 0.125 0.125
