3 0.17578125 0.02734375 0.125 0.125
3 0.234375 0.0546875 0.125 0.125
3 0.3046875 0.14453125 0.125 0.125
3 0.328125 0.0703125 0.125 0.125
3 0.40625 0.08203125 0.125 0.125
3 0.42578125 0.16796875 0.125 0.125
3 0.453125 0.34375 0.125 0.125
2 0.39453125 0.23046875 0.125 0.125
1 0.0546875 0.3359375 0.125 0.125
3 0.51171875 0.1171875 0.125 0.125
3 0.65625 0.3359375 0.125 0.125
3 0.671875 0.03125 0.125 0.125
3 0.67578125 0.25390625 0.125 0.125
3 0.73046875 0.40234375 0.125 0.125
3 0.78125 0.0625 0.125 0.125
3 0.7890625 0.20703125 0.125 0.125
3 0.80859375 0.33203125 0.125 0.125
3 0.97265625 0.21875 0.125 0.125
4 0.65234375 0.12109375 0.125 0.125
1 0.52734375 0.45703125 0.125 0.125
1 0.578125 0.40625 0.125 0.125
1 0.59765625 0.01171875 0.125 0.125
1 0.66796875 0.44140625 0.125 0.125
1 0.7890625 0.125 0.125 0.125
3 0.05859375 0.50390625 0.125 0.125
4 0.37109375 0.6015625 0.125 0.125
4 0.375 0.66015625 0.125 0.125
2 0.13671875 0.5234375 0.125 0.125
1 0.15625 0.6484375 0.125 0.125
1 0.37890625 0.7265625 0.125 0.125
3 0.56640625 0.734375 0.125 0.125
3 0.63671875 0.52734375 0.125 0.125
3 0.64453125 0.77734375 0.125 0.125
3 0.6953125 0.6796875 0.125 0.125
3 0.6953125 0.8515625 0.125 0.125
3 0.73828125 0.5546875 0.125 0.125
3 0.75 0.6328125 0.125 0.125
4 0.60546875 0.61328125 0.125 0.125
4 0.66015625 0.9375 0.125 0.125
