3 0.171875 0.36328125 0.125 0.125
3 0.38671875 0.3671875 0.125 0.125
1 0.0078125 0.375 0.125 0.125
1 0.0859375 0.37109375 0.125 0.125
4 0.99609375 0.375 0.125 0.125
3 0.8359375 0.375 0.125 0.125
3 0.5546875 0.40234375 0.125 0.125
2 0.625 0.37890625 0.125 0.125
1 0.69921875 0.375 0.125 0.125
4 0.17578125 0.625 0.125 0.125
3 0.10546875 0.62890625 0.125 0.125
3 0.31640625 0.6328125 0.125 0.125
3 0.390625 0.63671875 0.125 0.125
3 0.4140625 0.7734375 0.125 0.125
3 0.45703125 0.6328125 0.125 0.125
1 0.32421875 0.77734375 0.125 0.125
3 0.91015625 0.77734375 0.125 0.125
3 0.52734375 0.64453125 0.125 0.125
3 0.546875 0.7890625 0.125 0.125
3 0.59765625 0.66015625 0.125 0.125
3 0.66796875 0.65234375 0.125 0.125
2 0.7421875 0.66796875 0.125 0.125
2 0.765625 0.79296875 0.125 0.125
2 0.98828125 0.76953125 0.125 0.125
1 0.82421875 0.6484375 0.125 0.125
