4 0.2109375 0.1328125 0.125 0.125
4 0.2265625 0.21875 0.125 0.125
3 0.2109375 0.41015625 0.125 0.125
3 0.22265625 0.28125 0.125 0.125
1 0.09765625 0.43359375 0.125 0.125
1 0.20703125 0.34375 0.125 0.125
4 0.5390625 0.01171875 0.125 0.125
3 0.53125 0.41015625 0.125 0.125
2 0.51171875 0.15234375 0.125 0.125
2 0.546875 0.29296875 0.125 0.125
1 0.5234375 0.3515625 0.125 0.125
4 0.1953125 0.5 0.125 0.125
4 0.3515625 0.5234375 0.125 0.125
1 0.26171875 0.52734375 0.125 0.125
1 0.44921875 0.54296875 0.125 0.125
4 0.58984375 0.55078125 0.125 0.125
3 0.5234375 0.54296875 0.125 0.125
2 0.86328125 0.546875 0.125 0.125
