4 0.39453125 0.16796875 0.125 0.125
3 0.05859375 0.1796875 0.125 0.125
3 0.1171875 0.32421875 0.125 0.125
3 0.1875 0.19140625 0.125 0.125
3 0.3984375 0.32421875 0.125 0.125
3 0.45703125 0.33203125 0.125 0.125
1 0.04296875 0.31640625 0.125 0.125
1 0.25 0.21875 0.125 0.125
1 0.32421875 0.19140625 0.125 0.125
3 0.51953125 0.33984375 0.125 0.125
3 0.65625 0.34765625 0.125 0.125
3 0.796875 0.3359375 0.125 0.125
2 0.73046875 0.3515625 0.125 0.125
1 0.5859375 0.1796875 0.125 0.125
1 0.5859375 0.33984375 0.125 0.125
1 0.66015625 0.18359375 0.125 0.125
1 0.734375 0.203125 0.125 0.125
4 0.0078125 0.74609375 0.125 0.125
3 0.109375 0.78515625 0.125 0.125
3 0.32421875 0.77734375 0.125 0.125
3 0.38671875 0.77734375 0.125 0.125
3 0.4453125 0.7890625 0.125 0.125
1 0.16796875 0.796875 0.125 0.125
1 0.25390625 0.77734375 0.125 0.125
3 0.5859375 0.79296875 0.125 0.125
2 0.51171875 0.78515625 0.125 0.125
1 0.6484375 0.7890625 0.125 0.125
1 0.72265625 0.78515625 0.125 0.125
1 0.7890625 0.7890625 0.125 0.125
