3 0.4453125 0.4921875 0.125 0.125
2 0.37890625 0.4765625 0.125 0.125
1 0.3125 0.33984375 0.125 0.125
1 0.38671875 0.33203125 0.125 0.125
1 0.44921875 0.35546875 0.125 0.125
3 0.8515625 0.359375 0.125 0.125
2 0.875 0.47265625 0.125 0.125
1 0.5078125 0.3671875 0.125 0.125
1 0.51171875 0.484375 0.125 0.125
3 0.0546875 0.69921875 0.125 0.125
3 0.359375 0.83203125 0.125 0.125
3 0.4375 0.82421875 0.125 0.125
4 0.9375 0.8125 0.125 0.125
3 0.58203125 0.81640625 0.125 0.125
1 0.6484375 0.828125 0.125 0.125
1 0.7265625 0.8203125 0.125 0.125
1 0.50390625 0.82421875 0.125 0.125
