3 0.0546875 0.19921875 0.125 0.125
3 0.359375 0.33203125 0.125 0.125
3 0.4375 0.32421875 0.125 0.125
4 0.9375 0.3125 0.125 0.125
3 0.58203125 0.31640625 0.125 0.125
1 0.6484375 0.328125 0.125 0.125
1 0.7265625 0.3203125 0.125 0.125
1 0.50390625 0.32421875 0.125 0.125
3 0.40625 0.6328125 0.125 0.125
2 0.19921875 0.61328125 0.125 0.125
2 0.3359375 0.62109375 0.125 0.125
1 0.06640625 0.625 0.125 0.125
1 0.1328125 0.6015625 0.125 0.125
4 0.87109375 0.6171875 0.125 0.125
3 0.97265625 0.97265625 0.125 0.125
3 0.9765625 0.6171875 0.125 0.125
1 0.82421875 0.97265625 0.125 0.125
1 0.91015625 0.953125 0.125 0.125
