4 0.12109375 0.19921875 0.125 0.125
3 0.46484375 0.08984375 0.125 0.125
3 0.0390625 0.44921875 0.125 0.125
3 0.05078125 0.20703125 0.125 0.125
3 0.11328125 0.46484375 0.125 0.125
3 0.5390625 0.08984375 0.125 0.125
3 0.60546875 0.09765625 0.125 0.125
3 0.65234375 0.453125 0.125 0.125
3 0.80078125 0.11328125 0.125 0.125
3 0.87109375 0.1171875 0.125 0.125
3 0.9296875 0.4453125 0.125 0.125
1 0.67578125 0.08984375 0.125 0.125
1 0.7265625 0.44140625 0.125 0.125
3 0.48828125 0.83203125 0.125 0.125
3 0.7578125 0.84375 0.125 0.125
3 0.84375 0.83984375 0.125 0.125
2 0.66796875 0.84765625 0.125 0.125
2 0.92578125 0.83203125 0.125 0.125
1 0.9296875 0.5859375 0.125 0.125
1 0.57421875 0.6015625 0.125 0.125
1 0.75390625 0.58203125 0.125 0.125
