1 0.36328125 0.49609375 0.125 0.125
4 0.77734375 0.35546875 0.125 0.125
3 0.6484375 0.35546875 0.125 0.125
3 0.71875 0.33984375 0.125 0.125
3 0.76953125 0.0625 0.125 0.125
3 0.94140625 0.0625 0.125 0.125
2 0.5078125 0.3125 0.125 0.125
2 0.58203125 0.3125 0.125 0.125
2 0.85546875 0.33203125 0.125 0.125
1 0.9296875 0.35546875 0.125 0.125
3 0.30859375 0.98828125 0.125 0.125
1 0.4375 0.98828125 0.125 0.125
3 0.78515625 0.98046875 0.125 0.125
3 0.91796875 0.98828125 0.125 0.125
2 0.9921875 0.99609375 0.125 0.125
1 0.515625 0.98046875 0.125 0.125
1 0.625 0.515625 0.125 0.125
1 0.6953125 0.5078125 0.125 0.125
1 0.71875 0.95703125 0.125 0.125
1 0.8515625 0.99609375 0.125 0.125
