3 0.6875 0.2109375 0.125 0.125
3 0.69140625 0.140625 0.125 0.125
3 0.74609375 0.37109375 0.125 0.125
2 0.62109375 0.48828125 0.125 0.125
1 0.6171875 0.3359375 0.125 0.125
1 0.6953125 0.06640625 0.125 0.125
2 0.0703125 0.94921875 0.125 0.125
2 0.33203125 0.921875 0.125 0.125
3 0.62109375 0.78515625 0.125 0.125
3 0.75 0.7421875 0.125 0.125
3 0.75 0.890625 0.125 0.125
2 0.66015625 0.578125 0.125 0.125
1 0.60546875 0.93359375 0.125 0.125
1 0.625 0.859375 0.125 0.125
1 0.74609375 0.6640625 0.125 0.125
1 0.7578125 0.5546875 0.125 0.125
