3 0.29296875 0.36328125 0.125 0.125
3 0.3671875 0.36328125 0.125 0.125
3 0.42578125 0.36328125 0.125 0.125
2 0.0 0.359375 0.125 0.125
2 0.16015625 0.35546875 0.125 0.125
1 0.22265625 0.35546875 0.125 0.125
3 0.72265625 0.35546875 0.125 0.125
3 0.86328125 0.3671875 0.125 0.125
3 0.92578125 0.3671875 0.125 0.125
1 0.5 0.36328125 0.125 0.125
1 0.57421875 0.34765625 0.125 0.125
1 0.6484375 0.34765625 0.125 0.125
1 0.7890625 0.34765625 0.125 0.125
3 0.203125 0.57421875 0.125 0.125
1 0.078125 0.55859375 0.125 0.125
1 0.34765625 0.55078125 0.125 0.125
4 0.79296875 0.5546875 0.125 0.125
3 0.5 0.57421875 0.125 0.125
3 0.7265625 0.57421875 0.125 0.125
3 0.78125 0.9375 0.125 0.125
3 0.92578125 0.578125 0.125 0.125
3 0.99609375 0.58984375 0.125 0.125
2 0.65234375 0.5703125 0.125 0.125
2 0.85546875 0.578125 0.125 0.125
1 0.7109375 0.9296875 0.125 0.125
1 0.8515625 0.92578125 0.125 0.125
1 0.92578125 0.9140625 0.125 0.125
