3 0.046875 0.26953125 0.125 0.125
3 0.10546875 0.4296875 0.125 0.125
3 0.1328125 0.26953125 0.125 0.125
3 0.16796875 0.38671875 0.125 0.125
3 0.46484375 0.2421875 0.125 0.125
3 0.47265625 0.37890625 0.125 0.125
3 0.4765625 0.171875 0.125 0.125
3 0.48046875 0.015625 0.125 0.125
1 0.4765625 0.30078125 0.125 0.125
1 0.4921875 0.09375 0.125 0.125
1 0.4921875 0.453125 0.125 0.125
4 0.62890625 0.08984375 0.125 0.125
3 0.9453125 0.23828125 0.125 0.125
3 0.94921875 0.02734375 0.125 0.125
3 0.94921875 0.4609375 0.125 0.125
3 0.953125 0.38671875 0.125 0.125
3 0.61328125 0.4453125 0.125 0.125
3 0.6171875 0.3203125 0.125 0.125
1 0.60546875 0.39453125 0.125 0.125
1 0.61328125 0.2421875 0.125 0.125
1 0.6171875 0.171875 0.125 0.125
1 0.63671875 0.015625 0.125 0.125
1 0.9453125 0.328125 0.125 0.125
1 0.9609375 0.10546875 0.125 0.125
4 0.140625 0.80078125 0.125 0.125
3 0.05078125 0.78125 0.125 0.125
3 0.15234375 0.6640625 0.125 0.125
3 0.46875 0.5390625 0.125 0.125
3 0.47265625 0.9921875 0.125 0.125
2 0.21875 0.8125 0.125 0.125
1 0.06640625 0.66796875 0.125 0.125
3 0.7578125 0.984375 0.125 0.125
3 0.9375 0.5390625 0.125 0.125
1 0.62109375 0.52734375 0.125 0.125
1 0.83203125 0.94140625 0.125 0.125
1 0.96875 0.67578125 0.125 0.125
1 0.9765625 0.98828125 0.125 0.125
