3 0.015625 0.24609375 0.125 0.125
3 0.08984375 0.23828125 0.125 0.125
3 0.16796875 0.2578125 0.125 0.125
3 0.30078125 0.25390625 0.125 0.125
3 0.3671875 0.24609375 0.125 0.125
3 0.44140625 0.2421875 0.125 0.125
3 0.5078125 0.23828125 0.125 0.125
3 0.58203125 0.25390625 0.125 0.125
3 0.72265625 0.26171875 0.125 0.125
3 0.86328125 0.25390625 0.125 0.125
1 0.5703125 0.47265625 0.125 0.125
1 0.6484375 0.25 0.125 0.125
1 0.94140625 0.2578125 0.125 0.125
3 0.0 0.89453125 0.125 0.125
3 0.0078125 0.828125 0.125 0.125
3 0.0078125 0.96484375 0.125 0.125
3 0.03125 0.5703125 0.125 0.125
3 0.125 0.57421875 0.125 0.125
3 0.12890625 0.71875 0.125 0.125
3 0.1875 0.578125 0.125 0.125
3 0.1953125 0.734375 0.125 0.125
3 0.25390625 0.57421875 0.125 0.125
3 0.26171875 0.71875 0.125 0.125
3 0.390625 0.5703125 0.125 0.125
3 0.4609375 0.71875 0.125 0.125
1 0.39453125 0.71875 0.125 0.125
1 0.4609375 0.5703125 0.125 0.125
1 0.3203125 0.71484375 0.125 0.125
1 0.32421875 0.58203125 0.125 0.125
3 0.53125 0.58203125 0.125 0.125
1 0.5390625 0.7265625 0.125 0.125
1 0.875 0.96484375 0.125 0.125
1 0.92578125 0.5703125 0.125 0.125
