4 0.23046875 0.01171875 0.125 0.125
4 0.26171875 0.15625 0.125 0.125
3 0.1953125 0.16796875 0.125 0.125
3 0.25390625 0.3671875 0.125 0.125
3 0.32421875 0.33203125 0.125 0.125
3 0.328125 0.12109375 0.125 0.125
3 0.359375 0.46875 0.125 0.125
3 0.37890625 0.30859375 0.125 0.125
3 0.42578125 0.4375 0.125 0.125
3 0.44140625 0.28515625 0.125 0.125
3 0.44921875 0.0703125 0.125 0.125
3 0.484375 0.4140625 0.125 0.125
1 0.10546875 0.08203125 0.125 0.125
1 0.171875 0.04296875 0.125 0.125
1 0.39453125 0.09765625 0.125 0.125
3 0.50390625 0.2578125 0.125 0.125
3 0.5078125 0.04296875 0.125 0.125
3 0.54296875 0.37890625 0.125 0.125
3 0.56640625 0.2265625 0.125 0.125
3 0.5703125 0.015625 0.125 0.125
3 0.62109375 0.3515625 0.125 0.125
3 0.63671875 0.2109375 0.125 0.125
3 0.671875 0.328125 0.125 0.125
3 0.6875 0.18359375 0.125 0.125
3 0.7421875 0.296875 0.125 0.125
3 0.7578125 0.15625 0.125 0.125
3 0.8046875 0.27734375 0.125 0.125
3 0.8203125 0.12890625 0.125 0.125
3 0.82421875 0.484375 0.125 0.125
3 0.8671875 0.25 0.125 0.125
3 0.87890625 0.10546875 0.125 0.125
3 0.88671875 0.46484375 0.125 0.125
3 0.921875 0.23046875 0.125 0.125
1 0.94140625 0.4453125 0.125 0.125
1 0.9453125 0.08203125 0.125 0.125
1 0.98828125 0.203125 0.125 0.125
4 0.0546875 0.7421875 0.125 0.125
3 0.05078125 0.8984375 0.125 0.125
3 0.109375 0.87890625 0.125 0.125
3 0.4921875 0.7734375 0.125 0.125
1 0.4453125 0.65625 0.125 0.125
4 0.6796875 0.890625 0.125 0.125
4 0.51171875 0.62890625 0.125 0.125
4 0.55078125 0.734375 0.125 0.125
3 0.54296875 0.94921875 0.125 0.125
3 0.5625 0.59765625 0.125 0.125
3 0.61328125 0.70703125 0.125 0.125
3 0.6171875 0.92578125 0.125 0.125
3 0.62890625 0.5703125 0.125 0.125
3 0.67578125 0.6875 0.125 0.125
3 0.703125 0.54296875 0.125 0.125
3 0.7421875 0.65625 0.125 0.125
3 0.74609375 0.8671875 0.125 0.125
3 0.76171875 0.5078125 0.125 0.125
3 0.79296875 0.62890625 0.125 0.125
3 0.796875 0.84765625 0.125 0.125
3 0.81640625 0.984375 0.125 0.125
3 0.85546875 0.6015625 0.125 0.125
3 0.9140625 0.578125 0.125 0.125
3 0.92578125 0.7890625 0.125 0.125
3 0.9453125 0.9375 0.125 0.125
3 0.97265625 0.546875 0.125 0.125
3 0.9921875 0.75390625 0.125 0.125
1 0.8671875 0.8125 0.125 0.125
1 0.87109375 0.96484375 0.125 0.125
