4 0.31640625 0.25390625 0.125 0.125
4 0.4765625 0.26953125 0.125 0.125
3 0.140625 0.140625 0.125 0.125
3 0.23046875 0.1328125 0.125 0.125
3 0.30859375 0.1328125 0.125 0.125
3 0.38671875 0.1328125 0.125 0.125
3 0.4765625 0.1328125 0.125 0.125
1 0.0546875 0.1484375 0.125 0.125
1 0.06640625 0.24609375 0.125 0.125
1 0.14453125 0.26171875 0.125 0.125
1 0.21875 0.265625 0.125 0.125
1 0.39453125 0.26953125 0.125 0.125
3 0.62890625 0.1328125 0.125 0.125
3 0.6796875 0.23046875 0.125 0.125
3 0.78515625 0.234375 0.125 0.125
3 0.54296875 0.140625 0.125 0.125
3 0.578125 0.25390625 0.125 0.125
2 0.74609375 0.49609375 0.125 0.125
3 0.0390625 0.9453125 0.125 0.125
3 0.0546875 0.51171875 0.125 0.125
3 0.12890625 0.5078125 0.125 0.125
3 0.36328125 0.67578125 0.125 0.125
3 0.49609375 0.5078125 0.125 0.125
1 0.0390625 0.65234375 0.125 0.125
1 0.1171875 0.66015625 0.125 0.125
1 0.12109375 0.93359375 0.125 0.125
1 0.19921875 0.9375 0.125 0.125
1 0.203125 0.65234375 0.125 0.125
1 0.20703125 0.51171875 0.125 0.125
1 0.28125 0.671875 0.125 0.125
1 0.28515625 0.94140625 0.125 0.125
1 0.30078125 0.50390625 0.125 0.125
1 0.3671875 0.9296875 0.125 0.125
1 0.41015625 0.50390625 0.125 0.125
1 0.453125 0.93359375 0.125 0.125
4 0.53515625 0.9296875 0.125 0.125
3 0.82421875 0.70703125 0.125 0.125
3 0.96875 0.671875 0.125 0.125
3 0.98046875 0.94140625 0.125 0.125
1 0.51171875 0.66796875 0.125 0.125
1 0.58984375 0.68359375 0.125 0.125
1 0.59765625 0.51953125 0.125 0.125
1 0.6171875 0.91796875 0.125 0.125
1 0.66015625 0.51171875 0.125 0.125
1 0.69921875 0.921875 0.125 0.125
1 0.75390625 0.68359375 0.125 0.125
1 0.90625 0.6640625 0.125 0.125
