4 0.26953125 0.484375 0.125 0.125
3 0.06640625 0.33984375 0.125 0.125
3 0.125 0.4921875 0.125 0.125
3 0.19140625 0.4921875 0.125 0.125
3 0.26953125 0.34375 0.125 0.125
3 0.328125 0.33984375 0.125 0.125
3 0.41015625 0.34765625 0.125 0.125
3 0.48046875 0.34765625 0.125 0.125
3 0.48828125 0.48828125 0.125 0.125
2 0.19921875 0.35546875 0.125 0.125
1 0.05859375 0.48046875 0.125 0.125
1 0.3359375 0.48046875 0.125 0.125
1 0.4140625 0.46875 0.125 0.125
3 0.94140625 0.4921875 0.125 0.125
3 0.95703125 0.41796875 0.125 0.125
2 0.640625 0.33984375 0.125 0.125
2 0.9296875 0.27734375 0.125 0.125
1 0.55078125 0.3515625 0.125 0.125
1 0.5546875 0.4765625 0.125 0.125
1 0.5703125 0.015625 0.125 0.125
1 0.62890625 0.47265625 0.125 0.125
1 0.6328125 0.00390625 0.125 0.125
1 0.9296875 0.34765625 0.125 0.125
3 0.046875 0.8203125 0.125 0.125
3 0.05859375 0.95703125 0.125 0.125
3 0.12109375 0.82421875 0.125 0.125
3 0.19140625 0.96875 0.125 0.125
3 0.26171875 0.82421875 0.125 0.125
3 0.328125 0.81640625 0.125 0.125
3 0.41015625 0.8203125 0.125 0.125
3 0.47265625 0.98828125 0.125 0.125
3 0.48828125 0.82421875 0.125 0.125
2 0.19140625 0.828125 0.125 0.125
2 0.40625 0.98828125 0.125 0.125
1 0.125 0.96875 0.125 0.125
1 0.3359375 0.9765625 0.125 0.125
3 0.55859375 0.828125 0.125 0.125
3 0.62109375 0.82421875 0.125 0.125
3 0.9296875 0.8359375 0.125 0.125
3 0.93359375 0.921875 0.125 0.125
3 0.94140625 0.9921875 0.125 0.125
3 0.94921875 0.63671875 0.125 0.125
3 0.94921875 0.703125 0.125 0.125
3 0.94921875 0.76953125 0.125 0.125
2 0.6171875 0.97265625 0.125 0.125
1 0.9375 0.56640625 0.125 0.125
