3 0.2109375 0.41796875 0.125 0.125
3 0.39453125 0.03515625 0.125 0.125
4 0.8125 0.0546875 0.125 0.125
1 0.90625 0.12109375 0.125 0.125
1 0.9765625 0.45703125 0.125 0.125
3 0.08984375 0.98046875 0.125 0.125
4 0.95703125 0.609375 0.125 0.125
3 0.94140625 0.734375 0.125 0.125
3 0.94921875 0.890625 0.125 0.125
3 0.953125 0.953125 0.125 0.125
3 0.95703125 0.6796875 0.125 0.125
3 0.5 0.953125 0.125 0.125
3 0.62890625 0.7421875 0.125 0.125
3 0.62890625 0.81640625 0.125 0.125
3 0.6328125 0.8828125 0.125 0.125
1 0.95703125 0.81640625 0.125 0.125
